tree
version=v4
num_class=1
num_tree_per_iteration=1
label_index=0
max_feature_idx=9
objective=regression
feature_names=Column_0 Column_1 Column_2 Column_3 Column_4 Column_5 Column_6 Column_7 Column_8 Column_9
feature_infos=[-4.9281487464904785:0.63685661554336548] [-2.6146364212036133:3.7100627422332764] [-5.1990861892700195:1.272971510887146] [-2.2269694805145264:2.5527749061584473] [-5.5711894035339355:1.3641557693481445] [-1.9902403354644775:2.1465384960174561] [-1.982926607131958:1.6860036849975586] [-2.3018357753753662:1.4582350254058838] [-2.4405524730682373:1.9915002584457397] [-1.7305047512054443:1.7332621812820435]
tree_sizes=11091 11101 11101 11124 11123 11124 11167 11157

Tree=0
num_leaves=128
num_cat=0
split_feature=9 9 9 9 8 9 9 1 9 9 9 9 3 9 9 9 4 0 9 9 2 3 9 9 9 9 9 9 9 1 9 9 9 9 2 6 6 6 9 9 9 9 2 6 3 9 9 0 0 5 9 9 9 4 9 9 9 9 6 6 4 9 6 9 6 2 9 3 9 9 3 9 9 9 9 5 1 9 9 5 2 2 9 9 9 4 1 2 2 2 2 9 9 0 9 9 9 2 2 0 2 9 8 3 1 4 9 9 0 2 9 3 9 9 2 8 0 2 2 6 0 9 9 9 9 9 3
split_gain=1413.2 714.006 883.194 357.232 257.426 223.802 219.49 193.266 125.334 202.302 91.3397 127.608 90.4032 95.3065 79.0113 88.209 65.4845 63.798 60.6524 82.4421 47.7837 46.9068 43.906 55.9772 50.3201 43.2501 44.2232 42.6043 67.9073 37.1657 33.1516 30.6905 41.3429 28.2588 27.0729 26.6332 20.8186 20.2765 19.6813 18.6406 18.0528 15.8969 14.9082 14.3434 14.07 13.7296 13.3448 12.765 12.7563 11.2556 10.2602 9.14143 8.59573 7.94443 7.87888 18.8749 7.65343 7.44296 6.74516 6.61255 6.16347 6.11576 6.32284 5.46815 6.87334 5.4489 5.19608 5.06652 4.82329 6.49927 5.75057 4.75207 4.08963 3.87063 3.75748 3.74926 3.66152 3.64268 3.84235 3.59455 3.58492 2.97909 2.97619 4.58995 3.54531 2.96327 4.87769 4.56524 2.93261 2.58994 2.25596 2.24782 2.02496 1.99922 1.93931 1.81735 1.77628 1.77427 1.77032 1.71961 1.70562 1.70467 1.58299 1.5619 1.51482 1.45924 1.42114 1.4161 1.40775 1.33459 1.2883 1.1087 1.10135 1.05865 1.01521 1.01133 0.93079 0.907555 0.90523 0.896596 1.55605 0.896386 1.00289 0.892215 0.859786 0.847633 0.838457
threshold=0.82694086432456981 0.26118339598178869 -1.0429430603981016 -0.01348631316795945 0.40732413530349737 0.3024504035711289 -0.67153990268707264 1.0000000180025095e-35 -1.6757040023803709 -1.6344369649887083 -1.373079180717468 -1.4143462181091306 2.0607353448867802 1.5338048934936526 1.2675660848617556 1.3075019121170046 -0.13390543684363362 0.30122427642345434 1.102054297924042 0.90947490930557262 0.56712579727172863 -1.0320318043231962 -0.35959677398204798 -0.27972511947154993 -0.13329377770423886 -0.63027289509773243 -0.41284452378749842 0.63436147570610057 0.52254116535186779 1.2065384984016421 0.21991638094186786 -1.1667441129684446 -1.249278128147125 1.6403004527091982 0.13275895640254023 -0.39720386266708368 0.10028097406029703 0.038097223732620485 1.6935482025146487 -0.23978930711746213 0.5500524938106538 1.4539332389831545 0.34994289278984075 1.2196152210235598 0.65493208169937145 1.1295656561851504 -0.58900588750839222 0.32287797331810003 0.34453167021274572 0.24794243276119235 -1.0704543590545652 -1.6206812858581541 0.81318518519401561 1.1456176638603213 -0.399532601237297 -0.50647184252738942 -1.6894596219062803 0.97825327515602123 0.16246472299098971 -1.7030923366546629 -0.67232638597488392 0.44000713527202612 0.53557908535003673 1.6802362799644472 1.5927295684814455 -0.1712960675358772 0.027336971834301952 -0.75087112188339222 -1.5106359124183653 -1.4556132555007932 -1.7349367737770078 1.3873735666275027 1.5204929709434511 0.67562848329544078 -0.61651721596717823 -0.64733111858367909 0.67948076128959667 -1.0291873812675474 -0.71280694007873524 1.6371585130691531 0.76258990168571483 0.82774528861045849 -0.78158527612686146 -0.94665333628654469 -0.90538632869720448 1.1456176638603213 1.2065384984016421 0.65399897098541271 0.7408721148967744 0.69743552803993236 -1.1920572519302366 -1.0154317021369932 -0.83660796284675587 0.25791636854410177 0.66187280416488659 -0.14660571515560147 0.41249577701091772 -0.12786052748560903 -1.3440858125686643 0.1279941909015179 0.45853486657142645 1.0745429992675783 -0.69273146986961354 1.4984139800071719 1.4700673818588259 -0.032564855180680745 1.6403004527091982 0.10987100377678873 0.19295527786016467 0.78430870175361644 -0.31966094672679896 0.3737714439630509 0.12362667545676233 0.85445222258567821 -0.12786052748560903 -1.2927647233009336 0.19295527786016467 -0.62738069891929615 0.71915432810783397 1.0000000180025095e-35 0.27957032620906835 -0.080046016722917543 -0.10666989907622336 -1.2355224490165708 -0.89163067936897267 -0.49271617829799647 -0.61029079556465138
decision_type=2 2 2 2 2 2 2 2 2 2 2 2 2 2 2 2 2 2 2 2 2 2 2 2 2 2 2 2 2 2 2 2 2 2 2 2 2 2 2 2 2 2 2 2 2 2 2 2 2 2 2 2 2 2 2 2 2 2 2 2 2 2 2 2 2 2 2 2 2 2 2 2 2 2 2 2 2 2 2 2 2 2 2 2 2 2 2 2 2 2 2 2 2 2 2 2 2 2 2 2 2 2 2 2 2 2 2 2 2 2 2 2 2 2 2 2 2 2 2 2 2 2 2 2 2 2 2
left_child=1 2 8 6 14 20 77 17 56 48 11 16 13 18 53 47 59 25 19 113 -3 42 54 44 93 65 46 28 36 33 37 32 126 -15 -13 60 89 66 45 -28 -30 43 -18 103 110 -14 74 81 -10 67 -33 -23 73 -2 55 117 105 98 -32 -11 -19 96 -63 64 76 -8 -5 -38 70 -70 -61 109 114 94 -27 100 -47 -4 82 -78 -55 -16 83 91 99 86 -45 -88 90 -7 -75 -79 124 95 -29 -25 -51 -68 -21 -85 -53 -59 -48 -20 -73 -1 -31 118 -42 111 -24 -17 -39 -6 -43 -71 -64 -9 -99 120 -26 122 -121 -34 -86 -57 -12
right_child=4 5 3 30 12 27 7 22 9 10 31 34 38 29 15 71 21 35 41 57 -22 51 23 24 119 26 39 52 40 106 58 50 123 -35 -36 -37 49 112 -40 -41 108 72 -44 85 -46 63 102 -49 -50 61 -52 75 -54 80 -56 125 -58 101 -60 68 -62 62 116 -65 -66 -67 97 -69 69 115 -72 104 -74 88 -76 -77 79 78 -80 -81 -82 -83 -84 84 92 -87 87 -89 -90 -91 -92 -93 -94 -95 -96 -97 -98 107 -100 -101 -102 -103 -104 -105 -106 -107 -108 -109 -110 -111 -112 -113 -114 -115 -116 -117 -118 -119 -120 121 -122 -123 -124 -125 -126 -127 -128
leaf_value=0.014627512694687029 0.038748948878975363 -0.16538840323652329 0.0071334260630320605 0.057313569912231396 0.019147864152914567 -0.0087020163113670293 -0.054609503271841248 -0.023663254825450151 -0.1280690951575883 -0.0022876016237718846 -0.024467290785950183 -0.13725748206853655 0.040975663498550488 0.076608427917661412 -0.051840165086812211 0.0030622430639391418 -0.06765423020402378 0.012888847290414833 0.045551446719171752 0.044701943870917436 -0.08606265239867085 -0.06605733234441985 0.040253881042222509 -0.033205846293107986 0.012294209149818278 -0.037733674701847492 -0.061130795316184601 -0.026508389171757161 -0.098154181199071669 0.089774315482121544 0.027707856801415132 -0.040994600311595651 -0.0022810878083239015 0.010771887110489821 -0.076886181154350433 -0.03132488415023961 -0.068450248017564413 0.051087846384257916 0.055075294785134912 -0.029827079877330579 -0.073989734739195498 0.045173746589026995 -0.11542962153684529 0.030802112669095397 0.013710743764391334 -0.012453040921983974 -0.0022556502461731436 -0.022623945934621352 -0.081629466706810261 -0.035001413588216075 -0.016024737640292035 -0.015791161814829268 -0.002834319746645983 -0.00025007036258564106 -0.034233713505161113 0.0068233125553833597 -0.0066351966272016312 0.077013662225052501 -0.0042117690141153814 -0.021249253830151082 -0.016323036416907445 -0.049288833103295057 -0.033209639011160849 0.023133036757450577 -0.026092842605318176 -0.089182063785897644 0.031128917444169062 -0.04439807968130606 -0.013306142108438272 -0.042037570612428451 -0.055625780288319507 0.0089025604376606875 0.058557123386067299 -0.026468721883294837 -0.014211844162938851 -0.047390790836808937 0.022802998628351272 0.017758319564506412 0.015700592632429775 -0.0024662900306848543 0.027971263228738275 -0.080390465754999071 0.033735602037415498 0.0039153895497290158 0.019910928111539938 -0.007058624708624452 0.017492327904578608 -0.0063355860841723538 -0.026050938920972603 -0.027102683739660044 -0.040849175601854922 0.034588577953761301 0.019178049693622225 -0.0095133321455506143 -0.010284210035260441 -0.016535308119453845 -0.019999585819946677 0.043651022490397574 0.061898241933021667 0.018312066661403649 -0.034690709951035327 0.061257050372242626 0.015371350984768332 0.028862917490698164 0.026769018067123639 0.029077493858923414 0.073701185952102025 0.0518069923656291 -0.058915678666827939 0.007726481843216549 0.054427549421698848 -0.0077963512554041717 0.070359375217592196 0.02857157467536111 0.033090304849745976 -0.027898885612870211 -0.017308761468419202 -0.013349107537714497 0.032119482639170714 0.017657757388504489 0.025176607958117769 0.014100765571773319 0.031178583271827768 0.0079234497871895539 0.030955509834689046 0.01948385561079 -0.032850049843250795
leaf_weight=33 121 41 28 83 57 54 25 28 57 33 204 39 25 31 27 51 41 102 34 35 43 25 43 51 110 29 116 56 54 188 63 200 25 34 46 66 55 22 25 86 44 35 37 27 36 24 20 23 31 38 54 36 30 23 26 20 28 196 22 25 21 121 25 22 25 43 45 53 99 24 27 22 29 44 44 24 28 27 88 27 21 30 144 34 30 22 42 37 97 30 139 143 106 21 30 29 54 89 94 55 20 48 33 40 29 48 54 58 123 58 78 42 143 101 99 61 21 124 42 31 31 31 36 134 113 49 48
leaf_count=33 121 41 28 83 57 54 25 28 57 33 204 39 25 31 27 51 41 102 34 35 43 25 43 51 110 29 116 56 54 188 63 200 25 34 46 66 55 22 25 86 44 35 37 27 36 24 20 23 31 38 54 36 30 23 26 20 28 196 22 25 21 121 25 22 25 43 45 53 99 24 27 22 29 44 44 24 28 27 88 27 21 30 144 34 30 22 42 37 97 30 139 143 106 21 30 29 54 89 94 55 20 48 33 40 29 48 54 58 123 58 78 42 143 101 99 61 21 124 42 31 31 31 36 134 113 49 48
internal_value=-8.32096e-05 -0.0133386 -0.00348302 0.01341 0.0377604 -0.0480652 0.0038807 -0.00841574 -0.0356375 -0.0399863 -0.0345654 -0.0498993 0.0484423 0.0533376 0.00477201 -0.0113035 -0.0391653 -0.0298937 0.0450045 0.0558041 -0.126271 -0.0621892 0.00848958 0.017041 0.00559578 -0.041278 -0.0335669 -0.0418018 -0.0494882 0.0774331 0.0485842 -0.0221266 -0.0136288 0.0428559 -0.10586 -0.00594902 -0.0382124 0.0536634 0.0148695 -0.048016 -0.0722232 0.0291837 -0.0914911 0.0196514 0.0416345 0.00789434 -0.0102069 -0.0553901 -0.112811 -0.0433511 -0.0357697 -0.0397644 -0.0286665 0.0321491 -0.00871647 -0.00557377 0.0157247 0.0686174 0.0194934 -0.0233298 0.00781007 -0.0373942 -0.0431992 0.00105959 -0.00378568 -0.0774472 0.0459517 -0.0571624 -0.0262501 -0.0222231 -0.0398113 0.00634336 0.0408049 -0.0307704 -0.0239397 -0.0308338 0.00351141 0.0251426 0.0258135 0.0105756 0.0135416 -0.0679935 0.0271522 0.0252235 0.0217131 0.00939179 0.0128401 0.00639278 -0.033676 -0.0155152 -0.0375542 0.032035 0.0247929 -0.0238436 -0.021032 -0.0274415 -0.0265057 0.0416948 0.0576124 0.0129169 -0.0230311 0.0741767 0.00880114 0.0370358 0.0193814 0.0234407 0.0865058 0.0440334 -0.063304 0.00184121 0.0497619 -0.00187236 0.0681131 0.0253137 0.0365577 -0.0323333 -0.0264732 -0.0153913 0.0402253 0.0180842 0.0152839 0.0219181 0.0252744 0.00631476 0.0287929 0.0159641 -0.0261875
internal_weight=7041 5215 4063 2664 1826 1152 2097 1329 1399 1290 1202 537 1379 1203 447 282 452 585 896 531 84 183 744 497 340 396 328 1068 672 307 567 665 411 65 85 189 451 482 176 202 221 365 78 202 157 151 126 80 88 367 254 105 396 165 247 221 109 373 85 269 123 259 167 126 104 68 317 108 236 184 52 202 163 366 73 80 79 768 740 55 44 57 652 508 338 128 106 79 280 84 183 170 249 101 86 80 92 234 129 89 56 244 53 74 51 81 242 189 167 151 121 93 165 158 134 85 46 152 131 239 141 98 67 159 143 69 252
internal_count=7041 5215 4063 2664 1826 1152 2097 1329 1399 1290 1202 537 1379 1203 447 282 452 585 896 531 84 183 744 497 340 396 328 1068 672 307 567 665 411 65 85 189 451 482 176 202 221 365 78 202 157 151 126 80 88 367 254 105 396 165 247 221 109 373 85 269 123 259 167 126 104 68 317 108 236 184 52 202 163 366 73 80 79 768 740 55 44 57 652 508 338 128 106 79 280 84 183 170 249 101 86 80 92 234 129 89 56 244 53 74 51 81 242 189 167 151 121 93 165 158 134 85 46 152 131 239 141 98 67 159 143 69 252
is_linear=0
shrinkage=1


Tree=1
num_leaves=128
num_cat=0
split_feature=9 9 9 9 7 9 9 1 9 9 1 9 9 9 9 9 9 9 9 4 2 7 1 1 9 9 9 9 9 9 9 2 7 6 6 9 4 9 9 9 9 9 0 9 9 6 0 0 2 2 9 9 9 9 9 6 6 9 9 1 9 9 9 6 6 9 9 9 7 9 2 7 0 9 9 1 0 6 9 9 9 6 0 9 9 2 9 9 9 9 6 9 9 0 2 2 9 9 2 2 2 2 9 9 9 4 9 9 2 9 9 9 0 9 9 7 2 2 6 9 2 0 2 8 6 9 2
split_gain=1229.45 636.346 769.537 315.097 273.828 193.975 189.425 177.356 108.132 188.078 77.0068 75.4471 113.881 72.6033 75.0901 63.2195 101.722 52.366 77.7163 47.5015 41.2884 40.31 40.2695 39.5292 37.3913 32.1144 61.0126 30.0792 29.3433 36.1583 24.8715 22.9675 22.5963 18.2785 17.6726 17.5593 17.4777 16.9019 27.8683 35.0275 16.8546 15.4638 13.2932 13.2173 13.1588 14.418 12.6045 11.5368 11.1008 10.2098 10.1561 9.60499 9.51349 7.38751 6.99944 21.8962 6.89409 6.39939 6.32098 9.8277 6.721 6.30937 6.24525 5.87072 5.73427 4.94911 4.65097 5.4959 4.48548 4.38273 4.35884 4.27527 4.15576 3.86901 3.8385 3.31892 3.30539 3.28487 3.06407 3.41259 2.86349 2.84952 2.73129 2.54075 7.79938 4.05085 2.37932 3.78463 2.95553 2.00222 1.9284 1.82652 1.74514 1.71332 1.68537 1.67881 1.42221 1.42016 1.37204 1.63052 1.3349 1.3059 1.30211 1.27385 1.14185 1.07897 1.01693 0.99643 0.945098 0.862667 0.794723 1.88001 0.998565 0.793146 0.786176 0.768426 1.09385 0.751677 0.733795 0.723114 0.721142 0.66158 0.624684 0.620674 0.603148 0.59043 0.55683
threshold=0.82694086432456981 0.26118339598178869 -1.0429430603981016 -0.01348631316795945 0.54746168851852428 0.3024504035711289 -0.67153990268707264 1.0000000180025095e-35 -1.6757040023803709 -1.6344369649887083 1.2065384984016421 -1.373079180717468 -1.4143462181091306 1.102054297924042 0.90947490930557262 1.2675660848617556 1.3075019121170046 -0.63027289509773243 -0.41284452378749842 -0.13390543684363362 0.56712579727172863 -1.2740830183029173 1.0000000180025095e-35 0.1524230241775513 1.5204929709434511 0.63436147570610057 0.52254116535186779 0.21991638094186786 -1.1667441129684446 -1.249278128147125 -1.5243915915489195 0.089323412626981749 -1.3576400279998777 0.038097223732620485 0.038097223732620485 -0.65778425335884083 -0.73988714814186085 1.6935482025146487 1.6403004527091982 1.5204929709434511 0.5500524938106538 -0.23978930711746213 0.25791636854410177 1.1708326339721682 -0.13329377770423886 -0.45938761532306666 0.34453167021274572 0.34453167021274572 -0.45363435149192805 0.78430870175361644 1.4539332389831545 -1.0704543590545652 1.6802362799644472 0.93698623776435863 1.1708326339721682 1.2196152210235598 -1.7030923366546629 0.7994295358657838 0.39874011278152471 1.2065384984016421 0.44000713527202612 -1.6894596219062803 1.6403004527091982 0.16246472299098971 0.53557908535003673 -0.61651721596717823 -1.5106359124183653 -1.4556132555007932 1.132361948490143 -1.5656585693359373 0.19791434705257419 0.91511324048042308 0.34453167021274572 0.027336971834301952 0.67562848329544078 0.41595189273357397 0.27957032620906835 1.5927295684814455 -1.0291873812675474 -0.71280694007873524 0.3162060827016831 -1.6409085988998411 0.34453167021274572 1.3873735666275027 1.4139974117279055 0.63228118419647228 -0.78158527612686146 -0.94665333628654469 -0.90538632869720448 -0.83660796284675587 1.2196152210235598 -1.0154317021369932 0.66187280416488659 0.19295527786016467 -0.12786052748560903 0.65399897098541271 0.12362667545676233 0.89571923017501842 0.84946307539939891 -0.21473368257284162 0.78430870175361644 0.045885797590017326 -0.25310124456882471 -0.93289768695831288 -0.14660571515560147 -0.032564855180680745 -1.6069256067275999 0.10987100377678873 0.19791434705257419 0.46751846373081213 -0.10666989907622336 -0.080046016722917543 0.27957032620906835 0.23367205262184146 -0.31966094672679896 -0.93985486030578602 0.15447776764631274 -0.99659264087676991 0.28683815896511083 1.3474377393722536 0.69743552803993236 0.19295527786016467 0.71915432810783397 -1.2927647233009336 -1.0190532207489011 -0.87787500023841847 0.69743552803993236
decision_type=2 2 2 2 2 2 2 2 2 2 2 2 2 2 2 2 2 2 2 2 2 2 2 2 2 2 2 2 2 2 2 2 2 2 2 2 2 2 2 2 2 2 2 2 2 2 2 2 2 2 2 2 2 2 2 2 2 2 2 2 2 2 2 2 2 2 2 2 2 2 2 2 2 2 2 2 2 2 2 2 2 2 2 2 2 2 2 2 2 2 2 2 2 2 2 2 2 2 2 2 2 2 2 2 2 2 2 2 2 2 2 2 2 2 2 2 2 2 2 2 2 2 2 2 2 2 2
left_child=1 2 8 6 15 20 78 17 61 46 13 12 19 14 97 43 49 35 32 56 -3 117 30 42 -12 26 33 34 29 126 70 -14 65 -7 73 -8 71 38 39 54 -28 47 44 -2 45 -23 -10 102 -44 82 83 124 77 -16 55 75 -11 74 59 95 118 105 -26 113 109 -19 69 -68 -64 -58 -21 -25 -32 -5 92 -15 -50 -40 -4 86 -61 106 -17 100 -85 -86 87 91 103 125 -55 -80 -27 -42 -75 -35 -36 -6 99 -76 119 -37 -20 -89 108 -1 -24 122 -47 -62 -38 -112 -113 -29 -73 -34 -117 -9 -60 -18 -59 -66 -96 -69 -30 -90 -13
right_child=4 5 3 27 10 25 7 21 9 11 24 28 31 37 53 16 50 18 41 22 -22 23 81 36 62 57 40 63 51 -31 72 -33 115 58 96 101 110 -39 52 -41 93 -43 48 -45 -46 104 -48 -49 76 -51 -52 -53 -54 90 -56 -57 66 120 60 80 64 -63 68 -65 121 -67 67 123 -70 -71 -72 114 -74 94 98 -77 -78 -79 79 -81 -82 -83 -84 84 85 -87 -88 88 89 -91 -92 -93 -94 -95 107 -97 -98 -99 -100 -101 -102 -103 -104 -105 -106 -107 -108 -109 -110 -111 111 112 -114 -115 -116 116 -118 -119 -120 -121 -122 -123 -124 -125 -126 -127 -128
leaf_value=0.014666944938815303 0.00018393019663876501 -0.15575351828620548 0.0068514560401025746 0.054314734437797642 0.021598520277262626 -0.0074690877092787288 -0.031451756350829134 -0.023156783567822498 -0.12136542584936499 -0.0021266713839124987 0.03521008340582725 -0.025274656682803827 -0.13188009725676642 0.033069815724317372 0.046423152346035529 -0.046792835670132794 -0.007756822600089381 -0.036984358672742489 -0.060793084604175464 -0.072045178413391114 -0.080511821479332168 0.0086227680047497503 -0.026495854020118715 0.020033536393505833 0.084598201577727863 -0.025878180669886727 -0.094180061381596791 0.018407381911362923 -0.032282591395080093 0.005864555433561857 -0.025951594344916798 -0.074094937547393477 0.0040468585067650392 -0.067362905383110058 0.048076929276188216 -0.065414487278979763 0.008760157401363055 0.058209331596598905 -0.0020075090755043287 0.06620314969466283 -0.070813679827584172 -0.027610631044029346 -0.0065520339991365154 0.037535973038379251 0.015549862046685556 -0.039897717606453671 -0.076884007804534027 -0.015457229536869342 0.044337908275749377 -0.074407283874119032 0.033340693618121905 -0.015362129442949304 0.022345598952637782 0.06384930899324974 0.030947015860251021 -0.018976090943966156 -0.021717619595046228 -0.0032605954756339396 -0.028653256233894465 -0.047482571693567129 -0.039211569482629952 -0.0051343451036761209 0.042024201752307519 -0.0039448447102172811 -0.030395088182843252 -0.011326395754483255 -0.013029530722843975 -0.038905107676982881 0.07435307511025005 -0.051346760988235478 -0.10801560066640377 0.037058295927396637 -0.059142513573169714 0.029876070188151468 -0.029203122435137632 0.0093020656336606899 0.018715430178812574 -0.024391784390900284 0.0176982489125482 0.014604828101985249 -0.025159201187931975 -0.040256002410647591 -0.021224752512006534 0.025705598224446458 0.012810562918072239 -0.010945794398063109 0.031859682421659083 0.020936692788683136 0.022449460653763898 0.018256490724580781 0.075016895328697417 0.032816662762662492 -0.0098596178793481423 -0.055399349115548592 0.041669175624847413 -0.046218955737573134 0.06756535587103471 0.034755659103393559 -0.024466720104894854 -0.039739220349256664 0.0077695766631592769 -0.092910592017635227 -0.04291343631652686 0.0076805806651034135 -0.01579910575722655 0.027261818978521559 -0.011249145067296924 0.049468918504386117 -0.025039174850573956 -0.051172067018655634 0.027592590983424869 0.012373404625803233 0.023229050599038601 0.031184841310366609 0.049690809613093738 0.021570863865497638 0.01090645715069603 -0.012809312871831936 -0.0179566954455848 0.0011131525476517519 -0.015803171771353691 -0.016512786013924557 0.030459913340481842 -0.02701735490312179 -0.041299008698882284 0.030717055898073109 -0.015696592101206382
leaf_weight=35 28 41 26 78 133 51 27 22 58 36 62 221 35 57 57 30 32 26 94 24 40 42 24 23 184 55 51 27 49 164 20 45 20 49 23 22 29 33 34 51 44 140 34 153 45 20 33 20 22 33 37 56 26 222 83 38 25 20 32 25 54 29 23 21 22 67 94 24 35 30 39 40 23 44 79 21 34 31 28 80 45 27 20 52 33 37 141 28 52 110 113 138 27 123 94 26 137 28 43 120 58 30 25 54 23 44 24 57 48 64 41 99 29 38 63 40 70 127 52 75 28 22 32 59 147 85 23
leaf_count=35 28 41 26 78 133 51 27 22 58 36 62 221 35 57 57 30 32 26 94 24 40 42 24 23 184 55 51 27 49 164 20 45 20 49 23 22 29 33 34 51 44 140 34 153 45 20 33 20 22 33 37 56 26 222 83 38 25 20 32 25 54 29 23 21 22 67 94 24 35 30 39 40 23 44 79 21 34 31 28 80 45 27 20 52 33 37 141 28 52 110 113 138 27 123 94 26 137 28 43 120 58 30 25 54 23 44 24 57 48 64 41 99 29 38 63 40 70 127 52 75 28 22 32 59 147 85 23
internal_value=8.49104e-05 -0.0124687 -0.00316626 0.012805 0.0353798 -0.0458929 0.00382899 -0.0075189 -0.0332437 -0.0372961 0.0487789 -0.0319341 -0.0459992 0.0415316 0.0530415 0.00729324 -0.00365234 -0.0281774 -0.0221348 -0.0360523 -0.120032 0.00869505 -0.0558074 0.0145429 0.0706695 -0.0399632 -0.0466094 0.0463604 -0.0206083 -0.0122739 -0.0755716 -0.100692 -0.000111717 -0.0357907 0.0513865 -0.0658176 0.0262656 0.024417 0.0209862 0.0295806 -0.0682808 -0.0396743 0.0003257 0.0317905 -0.00758591 -0.0154714 -0.106246 -0.0515407 0.0158845 -0.0526922 0.00903382 -0.0340001 -0.00268988 0.0648419 0.0199109 0.0118173 -0.0225523 -0.0280784 -0.0394564 -0.0479995 -0.0342468 0.0146859 0.0795718 0.0189061 -0.0402558 -0.0188167 -0.0256991 -0.0215251 0.0624626 -0.0385073 -0.0956524 0.0407906 -0.0446455 0.0440138 -0.0306045 0.0268696 0.0293827 -0.0128909 0.0240301 0.0246435 -0.0336883 -0.0272473 -0.0371823 0.0057953 0.0112359 0.000276323 0.0258813 0.0241176 0.0208714 0.0236208 0.0678283 0.0303878 -0.0207861 -0.0598579 0.0402516 -0.0607376 0.0650799 0.0240871 -0.0338322 -0.0357235 0.00172909 -0.0827314 -0.0574258 0.0124048 -0.0265647 0.0219349 -0.0192577 0.0425704 -0.0299242 -0.0460741 0.0168638 0.0181947 0.0149939 0.0262366 0.0451885 0.0133111 0.0149438 -0.0144813 -0.0223207 -0.00158681 -0.0107503 -0.0239751 0.0390846 -0.030877 -0.0392202 0.0277644 -0.0244396
internal_weight=6935 5116 4003 2615 1819 1113 2064 1322 1388 1280 1231 1189 529 927 553 588 407 581 502 449 81 741 181 592 304 1032 660 551 660 408 106 80 223 442 465 79 324 374 341 250 218 279 268 181 178 133 91 139 90 83 324 252 91 392 199 116 268 372 391 145 246 108 242 86 162 93 232 177 58 55 63 126 43 305 324 78 56 65 742 716 70 75 50 287 122 70 636 495 329 247 335 166 82 167 227 75 160 161 242 199 165 52 119 82 91 79 48 183 68 118 198 169 128 65 103 130 110 149 84 107 48 44 126 83 196 137 244
internal_count=6935 5116 4003 2615 1819 1113 2064 1322 1388 1280 1231 1189 529 927 553 588 407 581 502 449 81 741 181 592 304 1032 660 551 660 408 106 80 223 442 465 79 324 374 341 250 218 279 268 181 178 133 91 139 90 83 324 252 91 392 199 116 268 372 391 145 246 108 242 86 162 93 232 177 58 55 63 126 43 305 324 78 56 65 742 716 70 75 50 287 122 70 636 495 329 247 335 166 82 167 227 75 160 161 242 199 165 52 119 82 91 79 48 183 68 118 198 169 128 65 103 130 110 149 84 107 48 44 126 83 196 137 244
is_linear=0
shrinkage=0.05


Tree=2
num_leaves=128
num_cat=0
split_feature=9 9 9 9 7 9 9 1 9 9 1 9 9 9 9 9 9 9 9 9 9 2 9 9 9 3 9 1 9 9 9 9 9 7 9 9 9 6 6 9 1 9 9 3 6 0 3 0 6 0 7 7 9 9 9 9 9 5 9 9 6 9 7 0 3 3 9 9 9 9 6 9 9 9 9 9 9 2 2 2 9 9 0 9 9 9 2 2 9 3 2 9 9 3 2 5 9 2 0 0 0 9 9 2 2 2 9 9 3 9 0 9 9 9 9 2 9 2 8 3 3 3 0 2 2 2 9
split_gain=1147.75 597.411 698.468 298.117 245.593 194.68 178.71 160.647 97.6805 160.418 84.8533 74.5584 97.1762 54.9254 71.6282 50.9687 73.0015 45.2275 105.506 40.0078 43.2922 38.6291 37.1024 33.4431 57.3081 29.3513 29.1701 78.1515 26.0215 34.7532 25.4901 25.3093 24.2765 22.1356 21.4578 19.5465 17.3732 16.8274 15.7573 14.602 15.7152 13.9456 12.3721 11.4993 11.2408 10.6513 10.4229 10.3105 10.007 9.98456 9.42822 14.699 8.47299 8.42826 7.21242 7.19249 6.95652 10.8763 8.13413 6.51249 5.48614 5.12375 4.92062 4.87254 4.74416 5.93682 4.62247 4.54553 4.32475 3.50254 3.18471 3.08997 2.80285 2.79323 7.93487 3.78358 2.79003 2.67194 2.56637 2.48257 2.44858 2.43711 2.35893 2.30694 3.35963 2.88591 2.29465 2.24834 2.03577 1.97186 1.95965 1.95704 1.8903 1.86355 1.695 1.68956 1.66773 1.5639 1.41268 1.37409 1.31487 1.29949 2.94137 1.23613 1.16957 1.12581 1.07366 1.06209 1.05149 1.04239 1.00719 0.986532 0.954966 1.3687 0.95342 0.939999 0.829958 0.825354 0.776811 0.772458 0.758091 0.74205 0.725783 0.724844 0.684034 0.671867 0.671032
threshold=0.82694086432456981 0.26118339598178869 -1.0429430603981016 -0.01348631316795945 0.6143074929714204 0.3024504035711289 -0.67153990268707264 1.0000000180025095e-35 -1.6757040023803709 -1.6344369649887083 1.2065384984016421 -1.373079180717468 -1.4143462181091306 1.102054297924042 0.90947490930557262 -0.63027289509773243 -0.41284452378749842 1.2675660848617556 1.3075019121170046 -0.35959677398204798 -0.27972511947154993 0.58884355425834667 -0.13329377770423886 0.63436147570610057 0.52254116535186779 1.4984139800071719 -1.5106359124183653 1.0000000180025095e-35 -1.1667441129684446 -1.249278128147125 1.6935482025146487 1.4539332389831545 0.21991638094186786 -1.3576400279998777 -1.3868348598480222 -0.65778425335884083 0.5500524938106538 0.038097223732620485 0.038097223732620485 1.1708326339721682 0.41595189273357397 -0.23978930711746213 1.5204929709434511 0.65493208169937145 1.2196152210235598 0.32287797331810003 -1.0320318043231962 0.32287797331810003 -1.6409085988998411 0.32287797331810003 0.46390463411808019 -1.2072371840476988 -1.0704543590545652 1.5204929709434511 0.81318518519401561 -1.6894596219062803 1.1570770144462588 1.6371585130691531 1.6802362799644472 0.97825327515602123 0.34902189671993261 1.6403004527091982 1.132361948490143 0.32287797331810003 -0.46971046924591059 -1.4537760615348814 -1.4556132555007932 -0.61651721596717823 0.027336971834301952 0.67562848329544078 1.5927295684814455 -1.0291873812675474 -1.6069256067275999 1.3873735666275027 1.4139974117279055 1.4406213760375979 -0.71280694007873524 0.045885797590017326 0.82774528861045849 0.80602750182151806 0.24742772430181506 0.44000713527202612 0.34453167021274572 -0.78158527612686146 -0.94665333628654469 -0.90538632869720448 0.69743552803993236 0.52368924021720897 -1.0154317021369932 1.0000000180025095e-35 -1.365804076194763 -0.83660796284675587 1.0745429992675783 -1.0320318043231962 0.7408721148967744 0.21707098931074145 0.66187280416488659 -0.12786052748560903 0.19295527786016467 0.1279941909015179 0.23626267164945605 0.44000713527202612 0.3162060827016831 0.63228118419647228 -1.1920572519302366 -1.3440858125686643 -0.25310124456882471 -0.31966094672679896 -0.46971046924591059 0.10987100377678873 0.45280016958713537 0.89571923017501842 -0.11998183652758597 -0.080046016722917543 0.12362667545676233 -0.19301487505435941 0.23367205262184146 0.84946307539939891 -1.2927647233009336 0.79551240801811229 0.93609276413917553 1.0000000180025095e-35 0.27957032620906835 0.71915432810783397 -1.6481418609619138 0.56712579727172863 -0.89163067936897267
decision_type=2 2 2 2 2 2 2 2 2 2 2 2 2 2 2 2 2 2 2 2 2 2 2 2 2 2 2 2 2 2 2 2 2 2 2 2 2 2 2 2 2 2 2 2 2 2 2 2 2 2 2 2 2 2 2 2 2 2 2 2 2 2 2 2 2 2 2 2 2 2 2 2 2 2 2 2 2 2 2 2 2 2 2 2 2 2 2 2 2 2 2 2 2 2 2 2 2 2 2 2 2 2 2 2 2 2 2 2 2 2 2 2 2 2 2 2 2 2 2 2 2 2 2 2 2 2 2
left_child=1 2 8 6 17 21 71 15 55 45 13 12 26 14 111 35 33 39 49 50 43 -3 100 24 37 53 27 46 29 108 44 73 38 67 77 -8 -26 -7 68 40 -2 47 -12 107 -27 -10 63 106 72 78 51 -9 -30 -15 69 110 -46 -58 70 90 64 -44 -63 -11 65 -39 93 -17 -5 96 -59 -4 -29 105 -75 94 83 -14 -19 104 116 -62 -50 84 88 99 -42 115 -73 -37 -16 126 124 -28 -76 -67 -25 -70 -38 -86 103 102 -66 -22 -71 -20 -18 -21 -13 123 -1 -6 -24 -114 -40 -83 -34 -41 -68 121 -107 -43 -115 -99 -61 -31 -87
right_child=4 5 3 32 10 23 7 19 9 11 42 28 34 25 59 16 41 18 31 20 22 -23 112 54 36 30 66 48 52 125 -32 -33 80 -35 -36 89 98 60 114 117 86 119 61 -45 56 -47 -48 -49 82 -51 -52 -53 -54 -55 -56 -57 57 58 -60 92 81 62 -64 -65 101 95 118 -69 97 79 -72 76 -74 74 75 -77 -78 -79 -80 -81 -82 87 -84 -85 85 91 -88 -89 -90 -91 -92 -93 -94 -95 -96 -97 -98 109 -100 -101 -102 -103 -104 -105 -106 120 -108 -109 -110 -111 -112 -113 113 122 -116 -117 -118 -119 -120 -121 -122 -123 -124 -125 -126 -127 -128
leaf_value=0.013527038348290853 0.035185443249440965 -0.14598298159738382 0.0062786180948023688 0.052073650367288705 0.020661254211746416 -0.0066706852030474694 -0.027658325562564035 -0.013618358246956584 -0.11825157549916482 -0.1060567216995435 0.035073048310975234 -0.022078082137913617 -0.12514737108174492 0.029431756781904322 0.040131029232246124 -0.034266227147271559 -0.058067769748302772 -0.047204924933612349 -0.0080849569720717589 0.036207408322529361 -0.029222516262012985 -0.076927412165836859 0.0071138618963545773 -0.024011256219002242 -0.091203246333382351 0.027006717793847203 -0.0099011552552966519 -0.026991884071718566 -0.037061911936748425 0.0074214906092571814 0.054258470192100061 0.036480027111782429 0.017477826003370615 0.012879871416762199 -0.056196247377703269 -0.060152242129499267 -0.067089723745981864 -0.021878254342646827 0.046755802402129544 0.032668355303375349 -0.023576265653329237 -0.020653601549565793 0.0805285273380177 0.011919235676759855 -0.025759527362559154 -0.077115302513807257 -0.055925161822846063 -0.018315172642469409 -0.028390443290118129 -0.021878621299509651 -0.033147926277974075 0.014677423463939732 -0.015016608903089824 0.062796547438235997 -0.0020404595384995142 -0.0084901008838122443 0.032216394333927721 -0.0012354629368267278 0.019556158408522609 0.053071698817339807 -0.015121296071447432 0.039481431005212175 0.071564399112354626 -0.07048511026161057 -0.045598277038541336 -0.059473314422827508 -0.037968100756406789 -0.010714283359045637 0.028218827427675328 -0.025331180332147558 -0.022816588588663051 0.015977498815364897 -0.006192123267630285 0.025128309704877179 0.0048386246187701112 0.017586054215612618 0.014479494522410361 -0.08841708004474641 -0.07306803997073856 -0.02223277676544369 0.0061298281686114411 -0.032772933301471532 -0.051610197375218075 0.030311041120169819 0.003376897761379095 0.017912916812513554 8.3944922135699364e-05 -0.04295389932213408 0.031258471027342943 -0.088530016750902746 0.056275167107582097 0.017194500639392384 0.054401746270607933 -0.025499566780546535 -0.013219121981944358 -0.044066302202366014 -0.0091573128709569584 0.039655558545338483 -0.052645242933569286 0.016498117904477524 -0.01051102292344526 -0.042604455234957678 -0.025917807181017945 -0.013959368768458567 -0.03599693131334377 0.0054248487640593561 -0.039870938091051016 0.049003739356994633 -0.031796663608402019 0.046997361277279104 0.025605054825544361 0.031919923211847036 0.022475049424781859 0.011821662126776745 0.063443217873573307 -0.01701346136353634 0.031058141794697992 0.042287761581187348 -0.025503982265945524 -0.020156770685444709 -0.002761097312069092 -0.032215074786584669 0.021088967981437844 0.029162014439338593 0.071350998222158207 5.8450945029367835e-05 0.028149196441866392
leaf_weight=33 30 47 29 82 144 49 29 145 48 38 23 215 33 37 40 30 96 31 25 43 45 43 28 56 54 49 84 21 202 126 32 86 28 136 30 21 44 20 25 132 20 27 185 35 22 38 37 24 31 26 33 66 58 46 29 27 26 32 26 21 31 23 43 27 28 64 24 65 47 45 36 30 65 57 20 22 87 23 27 72 27 20 23 137 33 27 20 32 136 36 99 115 48 25 34 53 31 94 115 52 26 50 82 23 158 104 20 79 39 56 49 27 82 105 139 26 28 48 63 45 38 72 29 40 177 41 116
leaf_count=33 30 47 29 82 144 49 29 145 48 38 23 215 33 37 40 30 96 31 25 43 45 43 28 56 54 49 84 21 202 126 32 86 28 136 30 21 44 20 25 132 20 27 185 35 22 38 37 24 31 26 33 66 58 46 29 27 26 32 26 21 31 23 43 27 28 64 24 65 47 45 36 30 65 57 20 22 87 23 27 72 27 20 23 137 33 27 20 32 136 36 99 115 48 25 34 53 31 94 115 52 26 50 82 23 158 104 20 79 39 56 49 27 82 105 139 26 28 48 63 45 38 72 29 40 177 41 116
internal_value=-8.13641e-05 -0.0120952 -0.0030992 0.0119085 0.0336766 -0.0439151 0.00322801 -0.00776546 -0.0316877 -0.0355239 0.0481476 -0.0307587 -0.0449328 0.0403562 0.049724 -0.0269411 -0.0209105 0.0108094 0.00165426 0.00784464 0.0160019 -0.114198 0.0058833 -0.0378399 -0.0446572 0.0232284 -0.0352406 -0.0468502 -0.0198025 -0.0120752 0.0136664 0.0127296 0.0440834 -2.09197e-05 -0.093323 -0.062399 -0.0660844 -0.0345036 0.0483803 0.0279458 0.00841423 -0.0378419 0.0724234 0.0376109 0.00661845 -0.10117 -0.079951 -0.0491329 -0.0223379 -0.0487904 -0.00870172 -0.00474006 -0.0322205 0.0484505 -0.0261087 0.0136586 -0.000556603 0.00423864 -0.00375756 0.0616752 -0.0378381 0.0756932 0.0611401 -0.0925727 -0.0414468 -0.0485854 -0.0207413 -0.0184312 0.04162 -0.0280259 -0.0128259 0.0225452 -0.011523 0.00582253 0.0112005 0.00056391 0.0231793 -0.111878 -0.060279 -0.0308396 0.0187997 -0.0277178 -0.0390389 0.0243268 0.0226598 0.0197058 -0.0120327 -0.0324693 0.0286091 -0.0792924 0.0519492 0.0223536 0.0669382 -0.0136781 -0.00656469 -0.0529267 -0.0188827 0.0377995 -0.0570368 0.0115025 -0.0206638 -0.0350705 -0.031293 -0.0243371 -0.0337684 0.00149832 -0.055298 0.0448246 -0.0236891 0.0400093 0.0209659 0.0226142 0.016153 0.0172866 0.0611982 -0.0244169 0.0246937 0.035453 -0.0293347 -0.0266015 0.00323025 -0.0293 0.0139686 0.0367624 0.0696887 0.00562491 0.0263543
internal_weight=7073 5217 4068 2668 1856 1149 2102 1340 1400 1291 1136 1205 524 862 556 601 515 720 470 739 495 90 338 1059 668 306 438 242 681 421 223 386 566 231 86 86 213 455 483 250 70 284 274 157 191 86 102 140 140 84 244 211 260 83 391 109 142 120 94 385 406 251 66 65 297 137 196 95 319 362 68 762 86 300 133 76 733 56 58 275 83 109 54 646 509 343 40 78 166 57 139 258 246 109 54 117 87 237 159 85 94 160 110 68 203 167 116 122 254 190 82 171 244 216 164 46 56 180 87 144 142 99 134 134 198 167 143
internal_count=7073 5217 4068 2668 1856 1149 2102 1340 1400 1291 1136 1205 524 862 556 601 515 720 470 739 495 90 338 1059 668 306 438 242 681 421 223 386 566 231 86 86 213 455 483 250 70 284 274 157 191 86 102 140 140 84 244 211 260 83 391 109 142 120 94 385 406 251 66 65 297 137 196 95 319 362 68 762 86 300 133 76 733 56 58 275 83 109 54 646 509 343 40 78 166 57 139 258 246 109 54 117 87 237 159 85 94 160 110 68 203 167 116 122 254 190 82 171 244 216 164 46 56 180 87 144 142 99 134 134 198 167 143
is_linear=0
shrinkage=0.05


Tree=3
num_leaves=128
num_cat=0
split_feature=9 9 9 9 7 9 9 1 9 4 3 9 1 9 9 4 9 9 9 9 9 9 9 2 9 1 9 9 9 0 9 9 9 8 3 9 3 9 9 9 3 9 3 0 0 9 7 7 9 9 5 5 9 9 9 4 2 0 9 9 9 5 4 9 9 4 9 9 9 9 4 9 9 9 9 9 1 9 9 2 0 9 9 0 0 2 2 3 3 2 2 4 9 8 8 9 9 9 9 2 9 3 9 4 8 0 0 2 2 2 2 9 7 3 3 9 0 9 2 0 9 5 2 8 2 9 2
split_gain=984.304 570.051 602.039 263.185 223.475 171.641 156.685 147.802 93.841 135.223 77.4699 62.6124 50.809 50.7705 91.7924 46.07 37.1964 43.3773 34.9688 34.23 118.359 32.3461 50.4399 31.8006 30.92 27.0126 42.6107 26.0677 30.2545 23.8932 23.6871 23.3768 19.8121 18.3387 16.1775 15.9351 15.4791 14.2678 13.148 12.9488 11.1696 10.8756 10.6631 9.72098 9.69889 9.54854 8.89007 15.0968 8.48008 7.99523 7.89291 12.6442 8.1587 7.55141 7.00185 6.83759 5.95702 8.46312 5.9127 5.80464 5.70265 5.43117 16.0373 5.35992 5.2935 5.26053 4.19689 4.22777 3.85259 3.83951 4.37024 3.32605 2.94355 3.04407 2.93601 2.81947 2.43002 2.35306 8.03369 3.03668 2.02435 1.9395 1.92587 1.8498 1.63277 1.61413 1.5907 1.54741 1.52974 1.52693 1.48441 1.47854 1.46703 1.42896 1.42396 2.16148 1.84999 1.38786 1.34043 1.25067 1.23664 1.22996 1.20722 1.10813 1.10792 1.10515 1.04977 1.04653 1.03941 0.999824 0.982176 0.900232 0.869523 0.834896 0.809723 0.794678 0.928354 0.716792 0.669414 0.663374 0.651029 1.13198 0.642107 0.621999 0.552105 0.549222 0.544141
threshold=0.82694086432456981 0.26118339598178869 -1.0429430603981016 -0.01348631316795945 0.56417387723922741 0.3024504035711289 -0.67153990268707264 1.0000000180025095e-35 -1.6757040023803709 -0.13390543684363362 2.0607353448867802 0.90947490930557262 1.0000000180025095e-35 1.2675660848617556 1.3075019121170046 -1.0432220101356504 -0.35959677398204798 -0.27972511947154993 -0.13329377770423886 -1.373079180717468 -1.4143462181091306 0.63436147570610057 0.52254116535186779 0.56712579727172863 -1.5243915915489195 1.2065384984016421 1.102054297924042 -1.1667441129684446 -1.249278128147125 0.21460897475481036 0.21991638094186786 1.5204929709434511 -1.3868348598480222 0.86189281940460216 1.4984139800071719 0.5500524938106538 1.0000000180025095e-35 1.6935482025146487 1.1708326339721682 1.4539332389831545 0.65493208169937145 1.1295656561851504 -0.32913015782833094 0.30122427642345434 0.32287797331810003 0.10987100377678873 0.46390463411808019 -1.2740830183029173 1.5204929709434511 -1.0704543590545652 -0.3694873303174972 0.21707098931074145 0.3299617618322373 -0.63027289509773243 0.7994295358657838 -0.43655125796794886 0.78430870175361644 0.34453167021274572 0.97825327515602123 0.041092643514275558 1.6802362799644472 -0.52384456992149342 -0.57167378067970265 0.20616070926189425 -1.6894596219062803 -1.1776555180549619 0.44000713527202612 0.49502982199192053 -0.23978930711746213 -1.4556132555007932 -0.16768633574247357 0.67562848329544078 -1.0291873812675474 -0.69905126094818104 0.24742772430181506 1.6536123752593996 0.67948076128959667 1.3873735666275027 1.4139974117279055 0.65399897098541271 0.23626267164945605 0.41249577701091772 -0.61651721596717823 0.25791636854410177 0.17130158096551898 -1.365804076194763 0.82774528861045849 -0.32913015782833094 0.23319111764431003 -0.95315605401992787 0.82774528861045849 -0.63923451304435719 0.66187280416488659 0.47096353769302374 -0.9518354833126067 -0.94665333628654469 -0.89163067936897267 1.0745429992675783 -0.31966094672679896 0.63228118419647228 0.46751846373081213 -0.46971046924591059 0.89571923017501842 -0.032564855180680745 -0.34271475672721857 0.1279941909015179 0.19295527786016467 0.52368924021720897 0.65399897098541271 0.67571672797203075 0.78430870175361644 -0.83660796284675587 -0.90643143653869618 0.3737714439630509 0.79551240801811229 -1.0154317021369932 0.32287797331810003 0.23367205262184146 0.56712579727172863 0.27957032620906835 -0.11998183652758597 -0.55471602082252491 -0.51878973841667164 -1.2745789289474485 -1.6481418609619138 0.75816252827644359 -1.0400292277336118
decision_type=2 2 2 2 2 2 2 2 2 2 2 2 2 2 2 2 2 2 2 2 2 2 2 2 2 2 2 2 2 2 2 2 2 2 2 2 2 2 2 2 2 2 2 2 2 2 2 2 2 2 2 2 2 2 2 2 2 2 2 2 2 2 2 2 2 2 2 2 2 2 2 2 2 2 2 2 2 2 2 2 2 2 2 2 2 2 2 2 2 2 2 2 2 2 2 2 2 2 2 2 2 2 2 2 2 2 2 2 2 2 2 2 2 2 2 2 2 2 2 2 2 2 2 2 2 2 2
left_child=1 2 8 6 13 23 72 15 64 19 11 102 24 38 43 33 46 40 80 20 55 22 50 -3 44 26 58 28 101 36 45 -27 83 65 48 -24 82 41 -2 77 98 -12 104 90 -11 59 47 122 -28 -29 52 108 88 -38 71 -10 57 -36 85 -5 75 62 91 -47 103 -8 81 100 -63 70 107 92 -4 94 117 76 -43 110 -79 -80 99 -53 -17 -22 -69 -13 89 -64 -7 -73 -15 -31 -23 -55 115 -96 105 124 -18 -19 -68 -21 -6 -1 -14 -97 -37 -57 -52 -56 113 -98 -49 -16 -70 -74 -117 -32 126 -54 -20 -122 -9 -71 -60 -91 -30
right_child=4 5 3 30 10 21 7 16 9 12 37 25 42 14 39 29 17 18 120 27 32 54 35 -25 -26 31 34 49 118 61 74 -33 -34 -35 56 106 53 -39 -40 -41 -42 60 -44 -45 -46 63 -48 112 -50 -51 51 66 119 93 109 69 -58 -59 97 -61 -62 68 87 -65 -66 -67 67 84 114 123 -72 86 73 -75 -76 -77 -78 78 79 -81 -82 -83 -84 -85 -86 -87 -88 -89 -90 125 -92 -93 -94 -95 95 96 111 -99 -100 -101 -102 -103 -104 -105 -106 -107 -108 -109 -110 -111 -112 -113 -114 -115 -116 116 -118 -119 -120 -121 121 -123 -124 -125 -126 -127 -128
leaf_value=0.013050772761926056 -0.0011193411832209677 -0.1411301068284295 0.0056402488048964495 0.04823940613053062 0.019517334873651291 -0.02662334279978977 -0.015153957595643792 -0.019760761059382383 -0.046014176847305722 -0.10433367221128374 0.034904836691342866 0.038498036771319633 -0.026094101200855913 -0.047101130508459536 0.0024063238926263979 -0.036840819354568212 0.034279618428108539 -0.028139896866363975 0.0076153730697653913 -0.02035313584814662 -0.087127765106118249 -0.02328877235358616 -0.086313796461674211 -0.07625290016795315 -0.039103659468929512 0.034144906469799105 0.029162255632427504 -0.035549353516194974 0.00077684884100952863 0.0050987209004926537 0.016604357212781907 0.074204962722427187 -0.053231211751699453 -0.027114353737523481 -0.0089395259600132705 -0.06356172230508593 -0.080574403454860055 0.046907918334007266 0.034404832052402433 0.032229471628396018 0.011207972701034838 -0.012039737574135264 -0.054734146775621363 -0.024762736447155476 -0.07197309386730194 0.057253326582057146 -0.032318029332567347 0.005502473850819198 0.060541410247484842 -0.014389773058231737 -0.061941419693888458 -0.031948784647918331 -0.013144527962713532 -0.035228673900876729 -0.0011307184067037371 -0.012955588505137712 0.036126179440432914 0.025026408221353505 0.050329291549595923 0.032146827204966213 0.020682414962599677 -0.043688736317005566 -0.028132228974414909 0.032564006265132658 -0.005210329732757861 0.011484050532063642 -0.035658729780804026 -0.037154236577806025 -0.03231647137714469 -0.036335786857775283 -0.029912929762812224 -0.024186134885768502 0.015707486107993617 0.011044330162103058 0.0041738976786533993 -0.018106639604358113 0.0087402313317665285 0.024528079652892693 0.0097032555404843561 -0.010562216608147872 -0.007644078941566163 -0.01691098313190435 -0.017110056473456068 -0.1223312335629617 -0.018644009986892345 0.053096199094659041 -0.022321540809103424 -0.05007255236533556 -0.045324353098869327 -0.032331028297219587 -0.069838720175527766 -0.010259942988981493 -0.0085087483083563197 -0.054981824874755794 0.028938451409339906 0.0030983314300621198 0.026639466325067127 0.052005764659570186 0.047373906549285444 -0.012937816070473713 -0.048742692867914834 -0.031393680129857625 0.031539818079307162 0.02497909827530384 -0.010240674616190895 0.015325473086346712 -0.050627422297564076 -0.0033297364053356906 -0.042113624726022994 -0.014473145322934276 0.0066017269901931285 0.016694057634786555 0.017941141223498418 -0.0065140758417934807 -0.019263354506757525 0.026417005500372723 0.017708415690470825 0.02961514681577683 -4.4354886168465867e-05 -0.0023563249269500375 0.013111844788786145 0.020796032090272226 -0.011528101881058553 -0.024149480536580087 0.067402742363813981 -0.041308690636765726 0.0087660419850033658
leaf_weight=39 31 43 29 109 142 33 22 33 25 83 25 42 20 25 57 27 46 51 26 205 22 52 56 42 36 46 52 199 27 41 25 238 27 61 39 44 35 24 160 52 36 23 32 32 49 195 32 21 41 60 48 40 32 20 26 79 22 33 21 141 23 46 22 30 27 96 54 20 22 20 33 48 28 60 29 33 33 55 35 37 28 56 28 30 39 100 55 21 24 91 30 24 27 60 53 27 52 48 84 22 59 33 28 49 28 62 126 45 20 30 54 56 50 47 44 356 43 29 43 26 123 90 116 59 172 50 104
leaf_count=39 31 43 29 109 142 33 22 33 25 83 25 42 20 25 57 27 46 51 26 205 22 52 56 42 36 46 52 199 27 41 25 238 27 61 39 44 35 24 160 52 36 23 32 32 49 195 32 21 41 60 48 40 32 20 26 79 22 33 21 141 23 46 22 30 27 96 54 20 22 20 33 48 28 60 29 33 33 55 35 37 28 56 28 30 39 100 55 21 24 91 30 24 27 60 53 27 52 48 84 22 59 33 28 49 28 62 126 45 20 30 54 56 50 47 44 356 43 29 43 26 123 90 116 59 172 50 104
internal_value=-2.71653e-05 -0.0111219 -0.00227513 0.011646 0.0318033 -0.0423007 0.00350406 -0.00688957 -0.0291235 -0.0330714 0.0444869 0.0495535 -0.0661072 0.00733155 -0.00232265 -0.0261268 0.00756643 0.0153728 0.00510675 -0.0249103 -0.037835 -0.0367254 -0.0432901 -0.110333 -0.0817131 0.0550721 0.0485935 -0.0183148 -0.0104598 -0.0357458 0.0421247 0.0678589 -0.0910835 -0.0050871 0.0287902 -0.0625984 -0.0498369 0.0121555 0.0286633 0.00952566 0.0362432 0.00577168 -0.0327306 -0.0478045 -0.0929525 0.0464334 -0.0081071 -0.00445521 0.043493 -0.0307217 -0.0334974 -0.037404 -0.0218594 -0.0602963 -0.024916 -0.0214315 0.0139391 0.00675776 0.0581623 0.0393274 -0.000982598 -0.024681 -0.0164311 0.0541201 0.0140095 0.00643203 -0.0322885 -0.0370624 -0.0324204 -0.0186442 -0.0139662 -0.0277434 0.0214953 0.0221106 0.017207 -0.00674902 0.000144108 0.00528501 0.0103244 -0.000712973 -0.0194365 -0.0234415 -0.027281 -0.109362 -0.0254333 0.0490778 -0.0306789 -0.0397418 -0.0351431 -0.0329806 -0.0605291 -0.000641701 -0.0184069 -0.0505394 0.0230737 0.0198342 0.0172511 0.0632901 0.0430376 -0.0237952 -0.0428578 -0.0220089 0.0216704 0.0198987 -0.017244 0.0116918 -0.0543273 -0.00951692 -0.0568046 -0.00840696 0.00119488 0.0216831 0.0143896 -0.00164866 -0.0240318 0.0249195 0.0255251 0.024003 0.00537277 -0.00843034 0.0155163 0.0164407 -0.013471 -0.0276503 0.065814 -0.0357831 0.00713777
internal_weight=6966 5166 4025 2651 1800 1141 2093 1327 1374 1259 1185 1024 248 615 424 569 758 506 340 1011 340 1056 677 85 168 854 570 671 412 390 558 284 79 179 187 226 170 161 191 337 166 137 80 87 132 475 252 220 93 259 451 336 115 115 379 261 94 72 383 250 112 220 108 225 115 118 268 172 112 236 157 323 766 737 83 89 56 285 127 72 101 96 55 52 59 142 244 43 57 189 55 65 79 80 677 250 197 241 130 73 113 238 170 88 48 89 170 124 68 56 158 108 71 104 66 427 399 54 174 58 239 213 149 79 193 141 131
internal_count=6966 5166 4025 2651 1800 1141 2093 1327 1374 1259 1185 1024 248 615 424 569 758 506 340 1011 340 1056 677 85 168 854 570 671 412 390 558 284 79 179 187 226 170 161 191 337 166 137 80 87 132 475 252 220 93 259 451 336 115 115 379 261 94 72 383 250 112 220 108 225 115 118 268 172 112 236 157 323 766 737 83 89 56 285 127 72 101 96 55 52 59 142 244 43 57 189 55 65 79 80 677 250 197 241 130 73 113 238 170 88 48 89 170 124 68 56 158 108 71 104 66 427 399 54 174 58 239 213 149 79 193 141 131
is_linear=0
shrinkage=0.05


Tree=4
num_leaves=128
num_cat=0
split_feature=9 9 9 9 8 9 9 1 9 9 9 9 3 9 9 9 9 9 0 4 9 9 9 1 9 9 2 9 9 9 9 9 9 9 6 9 9 9 9 9 9 6 9 6 0 9 9 3 5 0 9 9 9 4 9 9 9 6 9 4 3 6 9 9 9 9 3 3 2 2 3 9 6 2 9 9 9 1 1 2 9 0 2 1 5 9 2 2 9 9 9 3 9 9 9 9 2 2 3 0 9 6 2 2 4 6 0 2 9 0 9 9 2 3 9 9 9 6 9 9 5 6 2 1 4 2 9
split_gain=936.681 498.959 564.475 239.946 174.684 154.493 141.436 120.537 82.4858 132.545 61.9665 89.6884 55.5271 68.7307 52.3637 61.7106 44.7989 54.9682 42.2765 38.4503 33.0873 36.5136 34.8069 32.6763 30.886 32.8881 29.8665 27.8461 44.0387 22.7498 41.3352 20.9995 20.8727 27.962 18.3088 17.3265 15.877 13.5311 12.9887 12.9294 12.7709 12.699 11.7439 11.4256 9.9917 9.84509 9.24415 9.14138 8.91905 8.58204 7.82303 13.2557 6.75311 6.55825 6.18792 5.03495 4.97744 4.9172 4.7811 4.40044 4.38188 4.36157 4.17599 3.94568 3.86738 3.74494 3.71778 3.65132 3.63312 3.62615 3.53857 3.27729 4.96474 2.9334 2.87013 2.69746 2.47595 2.47278 4.16592 3.52441 2.45048 2.25894 2.2148 2.0828 3.36122 2.05296 1.828 1.70529 1.48816 2.91089 2.00305 1.58698 1.54829 1.39226 1.35384 1.30002 1.21294 1.17656 1.17549 1.1349 1.09291 1.05041 1.04765 0.990611 0.990146 0.979241 1.2597 0.966624 0.939172 0.910463 1.34802 0.884932 0.881726 0.840276 0.823859 0.876633 0.809881 0.763019 0.756537 0.738451 0.720064 0.684905 0.671402 0.657764 0.654837 0.656908 0.645459
threshold=0.82694086432456981 0.26118339598178869 -1.0429430603981016 -0.01348631316795945 0.40732413530349737 0.3024504035711289 -0.67153990268707264 1.0000000180025095e-35 -1.6757040023803709 -1.6344369649887083 -1.373079180717468 -1.4143462181091306 2.0607353448867802 1.5338048934936526 1.2675660848617556 1.3075019121170046 1.102054297924042 0.90947490930557262 0.30122427642345434 -0.13390543684363362 -0.35959677398204798 -0.27972511947154993 -0.13329377770423886 1.0000000180025095e-35 -0.63027289509773243 -0.41284452378749842 0.58884355425834667 0.63436147570610057 0.52254116535186779 1.6403004527091982 1.6935482025146487 0.20616070926189425 -1.1667441129684446 -1.249278128147125 -0.39720386266708368 -1.3868348598480222 -1.5243915915489195 1.6935482025146487 -0.23978930711746213 0.12362667545676233 0.5500524938106538 0.10028097406029703 1.4539332389831545 1.2196152210235598 0.36618536710739141 1.1295656561851504 0.39874011278152471 0.65493208169937145 -1.2030172944068906 0.32287797331810003 -0.399532601237297 -0.50647184252738942 -1.0704543590545652 1.1456176638603213 0.81318518519401561 0.44000713527202612 0.97825327515602123 -1.7030923366546629 -1.5106359124183653 -0.67232638597488392 -1.5943564176559446 0.53557908535003673 -1.6894596219062803 0.041092643514275558 -1.4556132555007932 1.3873735666275027 -0.75087112188339222 -0.32913015782833094 -0.1712960675358772 0.17619657516479495 0.79551240801811229 1.6802362799644472 1.5927295684814455 0.76258990168571483 -0.61651721596717823 0.67562848329544078 -1.0291873812675474 0.94300961494445812 1.2065384984016421 0.63228118419647228 -0.69905126094818104 0.23626267164945605 0.80602750182151806 0.67948076128959667 1.6371585130691531 1.5204929709434511 0.69743552803993236 0.80602750182151806 -0.78158527612686146 -0.94665333628654469 -0.90538632869720448 -0.61029079556465138 -0.83660796284675587 0.66187280416488659 1.0745429992675783 0.10987100377678873 -0.21473368257284162 -1.3440858125686643 1.4984139800071719 0.19295527786016467 -0.93289768695831288 0.10028097406029703 0.71915432810783397 -0.19301487505435941 -0.032564855180680745 1.0000000180025095e-35 0.27957032620906835 0.78430870175361644 0.85445222258567821 0.25791636854410177 -0.14660571515560147 0.46751846373081213 0.58884355425834667 -0.61029079556465138 -0.080046016722917543 -0.10666989907622336 -0.31966094672679896 0.28683815896511083 -0.49271617829799647 -0.71280694007873524 1.0814723968505862 0.10028097406029703 -0.75769147276878346 -1.1652276515960691 -1.1438745856285093 -0.38848000764846796 -1.2355224490165708
decision_type=2 2 2 2 2 2 2 2 2 2 2 2 2 2 2 2 2 2 2 2 2 2 2 2 2 2 2 2 2 2 2 2 2 2 2 2 2 2 2 2 2 2 2 2 2 2 2 2 2 2 2 2 2 2 2 2 2 2 2 2 2 2 2 2 2 2 2 2 2 2 2 2 2 2 2 2 2 2 2 2 2 2 2 2 2 2 2 2 2 2 2 2 2 2 2 2 2 2 2 2 2 2 2 2 2 2 2 2 2 2 2 2 2 2 2 2 2 2 2 2 2 2 2 2 2 2 2
left_child=1 2 8 6 14 26 76 18 62 44 11 19 13 16 53 49 17 108 24 57 50 47 109 36 68 48 -3 28 41 -15 -31 39 33 113 59 81 69 45 -27 63 -30 86 43 98 -10 -14 66 116 74 82 51 122 -34 -2 75 117 97 -11 60 -20 -59 111 104 -5 -60 107 -43 -25 -8 -21 101 72 83 -55 -26 93 -4 -45 -79 -80 88 -13 -16 -47 -85 103 -7 96 89 91 100 -78 -92 -29 123 -65 -77 -19 -18 -63 -91 -33 -42 -44 -1 106 -24 -17 -6 110 -23 -57 -72 -12 115 -107 -22 -48 -53 -90 -67 -41 -9 -58 -36 -126 -35
right_child=4 5 3 31 12 27 7 20 9 10 32 35 37 29 15 65 42 56 34 23 21 22 105 67 25 38 -28 54 40 30 -32 70 52 126 124 -37 -38 -39 -40 121 102 46 85 77 -46 71 55 -49 -50 -51 -52 118 -54 73 -56 61 94 58 64 -61 -62 99 -64 95 -66 120 -68 -69 -70 -71 112 -73 -74 -75 -76 87 80 78 79 -81 -82 -83 -84 84 -86 -87 -88 -89 119 90 92 -93 -94 -95 -96 -97 -98 -99 -100 -101 -102 -103 -104 -105 -106 114 -108 -109 -110 -111 -112 -113 -114 -115 -116 -117 -118 -119 -120 -121 -122 -123 -124 -125 125 -127 -128
leaf_value=0.012336052190512418 0.03117605441225213 -0.13354593912760418 0.0056811884916708648 0.045632970744165884 0.014967431821699802 -0.0073206269364877079 -0.044925415458587498 -0.020391740001462128 -0.10387479230280845 -0.0011791957143161978 -0.01951224843128806 -0.082419031858444222 0.034572278388908938 0.072441908837975674 -0.041748570757252829 -0.0013912117653526368 0.037741933890751429 0.036191798618861612 0.010455883772607996 -0.059607545392853879 0.033060685408358673 -0.02725985462174696 0.0094894592968099156 -0.014970034207217396 -0.029795708392675108 -0.05043746161777362 -0.070418393130346049 -0.022140030948252516 -0.080481839712177011 -0.0028314843417747934 0.067631766306502486 0.01612424073474748 -0.033639389835788229 -0.001771421874727821 -0.017072499295075736 -0.051721002521186048 -0.041296834662193208 0.045047462911441412 -0.023682281511222446 0.049556361777441847 -0.047381797214520391 -0.056346299859785266 0.038428207048598458 -0.0078930617596667547 -0.058426902646368198 -0.0088225087788684868 -0.02575037553906441 0.010135888749295299 0.012104736972426953 -0.017919536619244711 -0.031378054482047446 0.0052413722766297202 -0.012796157551929355 -0.0025135173104130306 -0.0016054071858525275 -0.033692655620867748 0.057732333502638233 -0.020769802577072574 -0.010488829892320731 -0.014103935430334372 -0.050376397430896759 -0.028645889620695798 -0.0047517521232366567 0.030248664367756396 -0.025620195967487144 0.02163957100022923 -0.036747947938997175 -0.039050264954566954 -0.073206489533185967 -0.093204715847969064 0.032588728481814981 0.018460648910452924 -0.021484797116369012 0.021618258100003007 -0.0095650902429285159 -0.025068934952997304 0.01717378439827134 0.025964812841266394 0.013776428243588835 -0.0067216704089549332 0.010833043910177618 -0.11542032133130467 -0.065533925547744287 0.020683262973131306 -0.003095854117224614 0.046719821294148763 -0.022862288588657978 -0.021117963118908498 0.027577728170247097 0.018469657376408578 0.023491005035383362 0.028926113368042058 0.015232775373532709 -0.008450713248983506 0.049630897760391236 0.043478815058867137 -0.03399567650030217 0.050382417889051546 0.023540419346785971 -0.012669325464715562 0.006399189129089271 0.0012661303647539834 -0.059396034816526028 0.026883034694074381 0.023818304486896681 0.01458378229290247 0.020824657741821174 0.0066830746103393839 0.023638034884882447 -0.010036608511986941 -0.01296726040231685 -0.044801680387845683 0.017986431221167245 -0.027388443050942585 0.011560455964439933 0.026681188352051233 0.044055380914118383 -0.015028544712381867 0.017202348238293162 0.016709070369601252 0.0088970462481180838 0.060463669835304726 -0.011287515315659873 0.068307362237702243 -0.035894648730754854 -0.021066578655015857 0.0063664134050610459
leaf_weight=39 131 44 28 115 57 50 25 26 61 34 209 25 27 221 27 99 34 34 108 20 48 50 114 49 25 112 40 57 55 33 55 27 189 29 20 28 40 28 81 69 115 61 33 25 21 22 31 33 42 22 31 20 51 25 29 56 108 30 96 21 24 27 24 138 78 32 57 24 43 42 41 23 24 24 59 82 45 27 41 41 57 33 32 29 29 26 31 77 147 29 139 123 112 30 49 29 123 92 41 23 55 21 52 98 45 31 32 58 100 22 29 66 20 50 33 41 76 51 46 24 20 97 126 91 24 20 140
leaf_count=39 131 44 28 115 57 50 25 26 61 34 209 25 27 221 27 99 34 34 108 20 48 50 114 49 25 112 40 57 55 33 55 27 189 29 20 28 40 28 81 69 115 61 33 25 21 22 31 33 42 22 31 20 51 25 29 56 108 30 96 21 24 27 24 138 78 32 57 24 43 42 41 23 24 24 59 82 45 27 41 41 57 33 32 29 29 26 31 77 147 29 139 123 112 30 49 29 123 92 41 23 55 21 52 98 45 31 32 58 100 22 29 66 20 50 33 41 76 51 46 24 20 97 126 91 24 20 140
internal_value=0.000153932 -0.0107489 -0.00244549 0.0110443 0.0306104 -0.0396798 0.0032889 -0.00649105 -0.0283594 -0.0319175 -0.027632 -0.0405163 0.0395262 0.0434108 0.0042521 -0.00889211 0.0363292 0.0456137 -0.0236274 -0.0311951 0.00663502 0.0139325 0.00495393 -0.0493039 -0.0331408 -0.0264671 -0.104667 -0.0344996 -0.0407025 0.0637846 0.0414731 0.0401837 -0.0174989 -0.0108388 -0.00447877 -0.0869781 -0.0675022 0.0136887 -0.0393886 0.0449816 -0.0589743 -0.031638 0.0227716 0.0148941 -0.0930799 0.00773332 -0.0355461 0.0339042 -0.00652039 -0.0456552 -0.00827844 -0.00486535 -0.0292817 0.025361 -0.0239039 -0.0299366 0.0560291 -0.018958 -0.0215925 0.00638004 -0.034605 -0.0348459 0.0134889 0.0381709 -0.0173795 0.00550535 -0.0472677 -0.0233075 -0.0636108 -0.0834851 0.0202343 0.00180188 -0.002023 0.0095021 -0.0158658 -0.0256472 0.0205153 0.00605996 0.00930286 0.00356988 0.021075 -0.102834 -0.0555263 0.0040087 0.00894275 0.0330976 -0.0134749 -0.0280685 0.0219238 0.0204352 0.0176265 0.0258984 0.0198811 -0.0175692 0.0604765 0.0327912 -0.030564 0.0468683 0.0303903 -0.0216892 0.0107346 0.00978232 -0.051454 0.0300605 0.0186951 0.0149161 0.0120986 0.00161506 0.0206048 -0.019707 -0.0222409 -0.0400178 0.0281684 -0.0211322 0.0186825 0.0217437 0.0400979 -0.0193433 0.0137101 0.0261583 0.0169989 0.0562538 -0.0129679 0.0628855 -0.0261275 -0.0297725 0.00496777
internal_weight=7050 5192 4035 2654 1858 1157 2097 1338 1381 1273 1191 523 1388 1206 470 290 897 531 580 437 758 509 352 175 387 319 84 1073 675 309 88 557 668 428 193 86 102 182 193 448 222 453 366 209 82 154 372 157 126 81 249 218 240 180 398 254 374 262 228 129 54 172 108 282 174 209 118 73 68 62 109 127 104 49 84 369 759 134 109 82 731 58 59 80 58 157 81 282 674 503 335 168 251 87 248 167 205 126 75 50 84 48 167 131 84 251 146 157 157 101 79 122 61 259 105 72 124 82 66 171 52 166 152 199 64 44 169
internal_count=7050 5192 4035 2654 1858 1157 2097 1338 1381 1273 1191 523 1388 1206 470 290 897 531 580 437 758 509 352 175 387 319 84 1073 675 309 88 557 668 428 193 86 102 182 193 448 222 453 366 209 82 154 372 157 126 81 249 218 240 180 398 254 374 262 228 129 54 172 108 282 174 209 118 73 68 62 109 127 104 49 84 369 759 134 109 82 731 58 59 80 58 157 81 282 674 503 335 168 251 87 248 167 205 126 75 50 84 48 167 131 84 251 146 157 157 101 79 122 61 259 105 72 124 82 66 171 52 166 152 199 64 44 169
is_linear=0
shrinkage=0.05


Tree=5
num_leaves=128
num_cat=0
split_feature=9 9 9 9 7 9 9 1 9 9 3 9 9 9 9 9 9 7 4 3 5 1 9 9 0 9 9 9 9 9 9 5 9 1 5 9 1 6 0 9 9 6 6 9 9 9 6 0 9 0 0 9 9 4 9 0 9 0 9 9 6 6 0 6 9 3 9 3 1 7 9 9 9 0 9 9 5 4 9 9 5 4 9 6 9 9 9 9 9 0 9 9 3 9 0 9 9 1 9 8 9 7 9 0 3 8 9 0 9 9 6 6 5 9 9 9 9 0 4 9 9 1 3 3 0 9 3
split_gain=844.154 435.408 511.804 208.875 176.323 130.46 123.617 123.846 71.6514 109.132 68.6688 60.0956 75.2464 51.3834 42.6271 67.6722 39.5589 54.4062 36.3537 34.873 27.4071 26.7334 23.7983 41.1581 23.0515 22.5713 31.7195 20.5674 19.444 25.6061 16.7304 15.5302 14.8182 20.7797 13.9633 13.917 13.763 12.9556 12.7954 12.5594 12.5379 12.3105 11.5838 9.0395 8.56792 7.63468 7.61176 7.581 6.6731 6.54845 6.21974 6.16841 5.91053 5.65737 5.40846 5.27489 5.16717 4.82679 4.68457 4.60504 4.22377 4.20526 4.17017 4.12062 3.60498 4.15306 4.07922 3.37773 3.64976 3.12554 3.07989 3.01358 2.7896 2.68883 2.67744 6.87266 2.37381 2.31576 2.24197 2.35662 2.21158 2.12398 1.85493 1.87115 1.81129 1.77919 1.68431 2.89135 2.24884 1.57436 1.41281 1.39176 1.34886 1.34368 1.28156 1.25155 1.23178 1.20849 1.11677 1.07503 1.01143 0.945401 0.92407 0.888499 0.856114 0.852662 0.823011 0.779365 0.700361 0.69991 0.69084 0.673929 0.656455 0.645381 1.70574 0.633456 0.623183 0.594059 0.585172 0.581783 0.581544 0.579345 0.568789 0.825113 0.565288 0.661205 0.563905
threshold=0.82694086432456981 0.26118339598178869 -1.0429430603981016 -0.01348631316795945 0.54746168851852428 0.3024504035711289 -0.67153990268707264 1.0000000180025095e-35 -1.6757040023803709 -1.6344369649887083 1.9201549887657168 -1.373079180717468 -1.4143462181091306 0.90947490930557262 1.2675660848617556 1.3075019121170046 -0.63027289509773243 0.41377100348472601 -0.13390543684363362 -1.0320318043231962 -1.2338887453079221 0.1524230241775513 0.63436147570610057 0.52254116535186779 0.30122427642345434 1.5338048934936526 1.102054297924042 0.21991638094186786 -1.1667441129684446 -1.249278128147125 -1.3868348598480222 1.8532593846321108 1.6935482025146487 0.41595189273357397 -1.2338887453079221 -0.65778425335884083 1.2065384984016421 0.038097223732620485 0.25791636854410177 0.5500524938106538 -0.23978930711746213 0.038097223732620485 -0.27283042669296259 -0.13329377770423886 1.1708326339721682 -1.6206812858581541 -0.45938761532306666 0.30122427642345434 1.4406213760375979 0.34453167021274572 0.30122427642345434 -1.0704543590545652 0.7994295358657838 -0.84053975343704213 0.97825327515602123 0.34453167021274572 -0.33297289907932276 0.25791636854410177 1.4539332389831545 -1.6894596219062803 0.34902189671993261 0.16246472299098971 0.30122427642345434 -1.7030923366546629 -1.5106359124183653 -1.7349367737770078 -1.4556132555007932 -0.32913015782833094 1.2065384984016421 0.71457675099372875 0.67562848329544078 0.027336971834301952 -0.61651721596717823 0.23626267164945605 1.4139974117279055 1.3873735666275027 -0.64733111858367909 0.20321029424667361 -1.0291873812675474 -0.71280694007873524 0.18619880080223086 1.1456176638603213 0.44000713527202612 0.47339236736297613 1.102054297924042 1.5204929709434511 -0.78158527612686146 -0.94665333628654469 -0.90538632869720448 0.27957032620906835 -1.0154317021369932 -0.83660796284675587 1.0000000180025095e-35 1.6403004527091982 0.17130158096551898 0.7719181776046754 -0.93289768695831288 -0.63816359639167775 0.66187280416488659 0.38459731638431555 0.89571923017501842 -0.93985486030578602 0.81318518519401561 0.19295527786016467 1.0766730904579165 1.3028275966644289 0.93698623776435863 0.45280016958713537 -0.89163067936897267 -0.14660571515560147 1.0000000180025095e-35 -1.0190532207489011 0.86537146568298351 -0.10666989907622336 -0.080046016722917543 1.0000000180025095e-35 1.0745429992675783 0.27957032620906835 0.74162915349006664 0.23367205262184146 -1.125477075576782 -1.1652276515960691 0.79551240801811229 1.0000000180025095e-35 0.36618536710739141 0.10987100377678873 -0.46971046924591059
decision_type=2 2 2 2 2 2 2 2 2 2 2 2 2 2 2 2 2 2 2 2 2 2 2 2 2 2 2 2 2 2 2 2 2 2 2 2 2 2 2 2 2 2 2 2 2 2 2 2 2 2 2 2 2 2 2 2 2 2 2 2 2 2 2 2 2 2 2 2 2 2 2 2 2 2 2 2 2 2 2 2 2 2 2 2 2 2 2 2 2 2 2 2 2 2 2 2 2 2 2 2 2 2 2 2 2 2 2 2 2 2 2 2 2 2 2 2 2 2 2 2 2 2 2 2 2 2 2
left_child=1 2 8 6 14 24 78 16 59 49 13 12 18 100 44 47 35 34 63 55 -9 38 23 41 -3 26 54 37 29 126 73 93 33 84 72 -8 -33 71 43 -25 57 -7 56 46 -2 -21 -22 -16 74 -10 -40 111 70 -52 106 -20 -23 -19 89 107 67 119 69 -11 65 -65 -66 68 80 112 98 115 -18 -14 75 104 -47 -69 -4 86 -43 -64 -62 -84 -12 -60 87 90 96 -28 -80 108 -37 -27 -85 97 -89 -72 -24 101 -6 -36 -54 -41 -17 -71 -15 -1 -90 -48 -45 -30 -35 -44 -115 -5 121 -116 -50 -29 -113 -56 123 -42 125 -73 -13
right_child=4 5 3 27 10 22 7 20 9 11 32 28 30 25 15 48 17 40 19 45 21 42 52 39 -26 31 58 61 51 -31 -32 36 -34 62 99 92 -38 -39 50 103 122 60 113 110 -46 76 109 -49 118 -51 53 -53 102 -55 116 -57 -58 -59 85 -61 82 -63 81 64 66 -67 -68 77 -70 105 95 124 -74 -75 -76 -77 -78 -79 79 -81 -82 -83 83 94 -86 -87 -88 88 91 -91 -92 -93 -94 -95 -96 -97 -98 -99 -100 -101 -102 -103 -104 -105 -106 -107 -108 -109 -110 -111 -112 120 -114 114 117 -117 -118 -119 -120 -121 -122 -123 -124 -125 -126 -127 -128
leaf_value=0.011194209678267892 9.5439582530941296e-05 -0.073402713787315096 0.0051040664839092642 0.035075273315111795 0.01779653094438971 -0.0062882957739216804 -0.024967979976971602 -0.011805485127081208 -0.099955460604499377 -0.0016102850931929424 0.04810982632140319 -0.019158920277996521 -0.077627391081589919 0.037772769182920461 -0.054909105570811148 0.0033625728278314226 -0.028658476418682508 -0.04932944348775873 -0.083865089749223465 -0.052894543684445898 0.0052914778964641765 0.016277253426410059 -0.020697218616460934 -0.076873898203090096 -0.13153323496089261 0.068905233117037043 0.0068276947517006198 0.015075279147394241 -0.02542758179613604 0.004909626022974194 -0.048414753079414369 0.0024933934610869204 0.047363620906165152 0.01123657134037627 0.0021402236762578073 -0.052597071869032723 0.058783994863430659 0.053294989266773556 0.030885653952375438 -0.057513394951820375 -0.016664062167207401 -0.053127446445551785 0.0055537248759166061 0.0042844743312646953 0.030521784644619923 -0.015088337018046176 -0.023330164605622965 -0.021177244156466001 0.030162436158760738 -0.063031306531694198 -0.013212582636624576 -0.012392569709230554 -0.013744390355423092 0.018779042110808435 0.054715447983256095 -0.051861345767974854 0.039143168895514974 -0.02442788438558386 0.028632468015877245 -0.0047833049495238818 -0.013023541297297925 -0.0043847671794620428 0.019344624468143785 -0.015371177764609457 -0.010162034791551139 -0.044222839258145547 -0.025607660658112388 -0.024786583244506468 -0.02252996666011987 -0.017228512484580277 -0.017915870925492568 0.030764886293247459 -0.0093222839292138818 -0.11095128131635262 -0.0057100955211488464 0.021850162831002051 -0.033936358361433334 -0.040441423340847618 0.013905657684944315 0.011676306645443411 -0.038045508669484862 0.00055655104896196953 -0.041240176423029469 -0.033415658842949642 0.027958374056551195 0.044322402518371058 0.026001553574395889 0.017470939494669439 0.01457624237599044 0.023663408488587098 0.027042170518890341 0.014603857219287562 -0.077322290506627825 0.051385998224903799 -0.017113800890122852 -0.035065280145309012 0.0046588168672449821 -0.028135635228337424 -0.0079489554278552536 0.00020800785770496498 0.028834150114963798 0.013718612615627294 -0.00095615120870726461 -0.045191704623462746 -0.0055466622716802009 -0.0040334084448182869 0.048402652589754125 0.021946449950337413 0.024511755423413384 -0.012390760495327413 0.016733451985887118 -0.028112502992153166 -0.00094890872609208927 0.023432108889455381 0.010031388650806446 0.048671208207423877 0.046900024430619351 0.018076431587564223 0.018010027915465111 0.025738242765267691 -0.036748500643892491 0.064818622791365285 -0.017122116545215251 -0.027922103522529065 0.02487038541585207 0.039112330502585363 -0.026946826875875043
leaf_weight=32 27 47 27 29 137 50 28 148 50 31 23 211 25 59 52 130 27 101 50 25 38 36 57 58 33 214 31 30 51 169 29 20 32 22 22 20 23 163 38 39 29 54 22 20 161 57 75 27 22 26 24 54 29 30 107 27 96 28 96 31 31 21 37 23 94 31 81 94 26 34 45 130 61 32 53 55 25 37 28 80 81 25 21 20 35 28 143 29 28 26 140 108 35 28 41 60 53 151 27 25 28 97 27 120 33 20 86 47 107 23 27 54 21 45 105 51 35 32 32 35 93 88 47 70 39 56 34
leaf_count=32 27 47 27 29 137 50 28 148 50 31 23 211 25 59 52 130 27 101 50 25 38 36 57 58 33 214 31 30 51 169 29 20 32 22 22 20 23 163 38 39 29 54 22 20 161 57 75 27 22 26 24 54 29 30 107 27 96 28 96 31 31 21 37 23 94 31 81 94 26 34 45 130 61 32 53 55 25 37 28 80 81 25 21 20 35 28 143 29 28 26 140 108 35 28 41 60 53 151 27 25 28 97 27 120 33 20 86 47 107 23 27 54 21 45 105 51 35 32 32 35 93 88 47 70 39 56 34
internal_value=7.40186e-05 -0.0102815 -0.00253629 0.010344 0.0290839 -0.0374312 0.00310806 -0.0059122 -0.0271867 -0.0305334 0.0396877 -0.0267915 -0.0393501 0.0455056 0.00657554 -0.00258742 -0.0230759 -0.017767 -0.0309275 -0.0479025 0.0074426 0.0121167 -0.032753 -0.0385009 -0.0987094 0.0505131 0.0444596 0.0376133 -0.0167535 -0.0100487 -0.0819787 0.0621259 0.0160943 0.011287 7.99933e-05 -0.0549073 0.033254 0.041744 0.000546318 -0.0564417 -0.0327691 -0.0298395 0.0215567 -0.00709561 0.0261757 -0.0290067 -0.0136066 -0.0437893 0.00753142 -0.0883062 0.01566 -0.0276853 -0.0229266 0.00457883 0.0527764 -0.0734518 0.0330763 -0.0441539 0.0270335 0.0114394 -0.0327244 0.0149132 0.00187145 -0.018777 -0.0210837 -0.0324371 -0.017416 -0.035978 -0.0410497 -0.00459321 -0.0254039 0.0354169 -0.0155103 -0.0979259 0.00429108 0.00673753 -0.0211743 -0.0294811 0.0194713 0.0200052 -0.0444246 0.0118979 -0.024075 -0.0280457 0.0366294 0.0325016 0.0210329 0.0195419 0.0166795 0.0147827 0.024948 0.0191057 -0.0694311 0.067098 -0.0229114 -0.0281702 0.00934583 -0.0258921 -0.0167413 0.00964867 0.019832 0.0116137 -0.00770358 -0.0485546 0.00153604 -0.0125036 0.0443657 0.0177855 0.0225734 -0.0209138 0.0116356 -0.0317728 0.00539921 0.0139779 0.0149603 0.0442366 0.0578638 0.0120279 0.0234194 0.0211199 -0.0337875 0.0595823 -0.0224779 -0.0248239 0.0320992 0.0334738 -0.0203448
internal_weight=7023 5176 4028 2646 1847 1148 2092 1349 1382 1272 1255 1196 530 1006 592 404 590 507 444 184 759 611 1068 672 80 841 556 554 666 414 86 285 249 217 232 83 43 468 275 217 275 455 336 183 188 107 136 79 325 76 92 252 396 54 375 77 132 129 181 110 405 86 159 260 229 54 175 292 161 97 340 305 88 57 271 218 82 131 743 716 135 62 113 82 58 124 636 493 325 57 168 243 55 242 61 256 82 196 84 144 165 119 56 159 163 54 145 79 135 98 47 198 43 204 182 80 230 137 54 65 147 195 146 99 225 186 245
internal_count=7023 5176 4028 2646 1847 1148 2092 1349 1382 1272 1255 1196 530 1006 592 404 590 507 444 184 759 611 1068 672 80 841 556 554 666 414 86 285 249 217 232 83 43 468 275 217 275 455 336 183 188 107 136 79 325 76 92 252 396 54 375 77 132 129 181 110 405 86 159 260 229 54 175 292 161 97 340 305 88 57 271 218 82 131 743 716 135 62 113 82 58 124 636 493 325 57 168 243 55 242 61 256 82 196 84 144 165 119 56 159 163 54 145 79 135 98 47 198 43 204 182 80 230 137 54 65 147 195 146 99 225 186 245
is_linear=0
shrinkage=0.05


Tree=6
num_leaves=128
num_cat=0
split_feature=9 9 9 9 7 9 9 1 9 9 3 9 9 9 9 9 4 4 3 9 9 9 9 9 9 9 9 9 5 2 4 8 2 9 9 1 9 6 6 9 5 2 9 3 6 6 9 2 7 4 3 7 7 9 9 1 9 2 2 6 9 6 4 9 9 3 3 1 6 9 9 9 9 9 9 9 9 9 9 3 2 9 3 9 9 3 9 9 2 9 9 2 2 4 7 2 9 2 9 9 1 6 9 2 2 9 8 9 9 2 2 7 6 2 9 2 7 2 2 2 9 2 2 2 9 5 9
split_gain=751.626 405.487 464.327 198.787 157.944 130.705 113.546 101.176 68.845 108.44 62.6562 49.6236 46.7066 67.7179 41.5308 57.4604 36.3805 32.9434 29.4523 24.8027 29.6076 25.9993 22.6721 37.8495 22.6265 29.2667 18.5761 17.8076 24.0917 17.7621 16.6521 15.0016 14.0799 13.976 12.7276 18.5974 11.4693 11.2443 10.6111 9.89619 9.43444 7.99919 7.8937 7.84566 7.63418 6.76494 6.72104 6.40085 5.53573 5.38265 5.33425 5.28978 10.7287 5.13967 5.09399 4.80467 4.603 4.42678 5.66118 3.89853 3.81716 3.61573 3.50925 3.47454 3.3544 3.27538 3.08791 3.00801 2.96783 2.8846 2.8803 2.63728 2.40064 5.01412 2.2389 2.32299 2.08986 2.00247 1.61245 1.61059 1.59928 1.5792 1.55673 1.34201 2.28279 1.6797 1.32356 4.99809 2.1693 1.26382 1.20225 1.17889 1.17095 1.15974 1.15974 1.13765 1.05253 1.04652 1.00678 0.973065 0.970796 0.937004 0.916506 0.879991 0.868866 0.86809 0.855664 0.801795 0.782941 0.779619 0.778851 0.769287 0.767746 0.757315 0.72997 0.705866 0.705559 0.705503 0.700707 1.38223 0.694705 0.663056 0.630448 0.628695 0.625222 1.42548 0.614611
threshold=0.82694086432456981 0.26118339598178869 -1.0429430603981016 -0.01348631316795945 0.54746168851852428 0.3024504035711289 -0.67153990268707264 1.0000000180025095e-35 -1.6757040023803709 -1.6344369649887083 1.9201549887657168 0.90947490930557262 -1.373079180717468 -1.4143462181091306 1.2675660848617556 1.3075019121170046 -1.0432220101356504 -0.13390543684363362 -1.0320318043231962 -0.35959677398204798 -0.27972511947154993 -0.13329377770423886 0.63436147570610057 0.52254116535186779 1.5338048934936526 1.102054297924042 0.21991638094186786 -0.63027289509773243 -0.61645966768264759 0.56712579727172863 -0.57167378067970265 0.86189281940460216 0.13275895640254023 -0.65778425335884083 1.6935482025146487 0.41595189273357397 0.5500524938106538 0.038097223732620485 0.10028097406029703 -0.23978930711746213 1.8841308355331423 0.26306973397731787 1.1708326339721682 0.65493208169937145 -1.7652760744094846 -1.0190532207489011 0.39874011278152471 0.80602750182151806 -1.5247541666030882 -0.94188034534454335 -0.18854984268546102 0.46390463411808019 -1.2740830183029173 1.4539332389831545 0.7994295358657838 0.94300961494445812 0.97825327515602123 0.87118187546730053 1.0000000180025095e-35 0.16246472299098971 0.44000713527202612 -1.7030923366546629 -1.1776555180549619 -1.5106359124183653 -1.4556132555007932 -0.75087112188339222 -1.5943564176559446 1.0000000180025095e-35 0.53557908535003673 0.68938416242599498 -1.6894596219062803 0.027336971834301952 -1.2630338072776792 -1.1667441129684446 -1.0291873812675474 -0.69905126094818104 1.5204929709434511 -1.0842100381851194 -0.61651721596717823 1.0766730904579165 0.69743552803993236 1.102054297924042 1.0000000180025095e-35 -0.96040901541709889 -0.89163067936897267 -0.61029079556465138 1.4139974117279055 1.3873735666275027 0.65399897098541271 1.2941899895668032 -1.2767894864082334 0.84946307539939891 0.30650527775287634 -0.40346042811870569 -1.1069689393043516 -0.12786052748560903 -0.93289768695831288 0.41509725153446203 0.89571923017501842 1.6403004527091982 -0.63816359639167775 1.0000000180025095e-35 -0.37290871143341059 0.78430870175361644 0.7408721148967744 -0.91914200782775868 -1.3427647948265073 -0.31966094672679896 -1.0704543590545652 -0.040987364016473286 0.78430870175361644 1.0320937037467959 1.4683561325073244 -0.47535316646099085 0.81318518519401561 0.19791434705257419 0.73128795623779308 0.067604605108499541 -0.54050752520561207 0.089323412626981749 0.12362667545676233 -0.040987364016473286 -0.75769147276878346 0.21963211894035342 -0.78158527612686146 -1.0177885890007017 1.5471168756484988
decision_type=2 2 2 2 2 2 2 2 2 2 2 2 2 2 2 2 2 2 2 2 2 2 2 2 2 2 2 2 2 2 2 2 2 2 2 2 2 2 2 2 2 2 2 2 2 2 2 2 2 2 2 2 2 2 2 2 2 2 2 2 2 2 2 2 2 2 2 2 2 2 2 2 2 2 2 2 2 2 2 2 2 2 2 2 2 2 2 2 2 2 2 2 2 2 2 2 2 2 2 2 2 2 2 2 2 2 2 2 2 2 2 2 2 2 2 2 2 2 2 2 2 2 2 2 2 2 2
left_child=1 2 8 6 14 29 74 16 70 44 11 98 13 17 42 47 31 61 41 51 43 118 23 38 25 56 37 33 48 -3 49 62 -15 -18 35 81 -25 71 80 102 99 -19 -2 107 -10 72 65 89 78 -14 67 52 122 79 69 -27 92 58 111 -28 117 -11 -8 66 -65 -40 -63 -20 -62 -24 123 -5 90 93 -4 83 -57 -47 -29 86 -7 -12 -35 85 96 -76 87 -17 -88 -16 -32 109 -13 -74 -50 -73 -85 113 -6 126 124 115 -30 -38 -97 -98 -66 -21 -75 -71 -44 -37 -59 -51 -56 -23 -60 -48 -22 -120 -39 -41 -9 -1 125 -86 -26
right_child=4 5 3 26 10 22 7 19 9 12 34 24 30 32 15 53 27 18 50 20 21 101 54 36 40 55 59 28 39 -31 45 -33 -34 82 -36 57 103 120 46 121 -42 -43 110 -45 -46 77 60 -49 94 97 -52 -53 -54 -55 114 76 -58 112 116 -61 68 63 -64 64 106 -67 -68 -69 -70 91 -72 95 73 108 75 -77 -78 -79 -80 -81 -82 -83 -84 84 100 -87 88 -89 -90 -91 -92 -93 -94 -95 -96 104 105 -99 -100 -101 -102 -103 -104 -105 -106 -107 -108 -109 -110 -111 -112 -113 -114 -115 -116 -117 -118 -119 119 -121 -122 -123 -124 -125 -126 -127 -128
leaf_value=0.020792355271531088 0.00028072375820816626 -0.12118604921159291 0.0046788878397395215 0.042269046675591247 0.016687355636500974 -0.0055663771107792859 -0.010890238858759404 -0.018615339709711926 -0.052398190611884714 -0.0017943133737015372 0.044783452033996585 0.036037017827603358 -0.019517363974403953 -0.10199285955042453 -0.037976475323860844 0.0027462977941468125 -0.018646896850317719 -0.049086173602512911 -0.03168039332543101 0.029708742447521377 -0.025300691242922436 0.015122853217751914 -0.017459803035992205 -0.07320709400257823 0.051393581209359343 0.0095957912725862116 0.020383079846700035 -0.025982521419171935 -0.051116307106885042 -0.069954880969598884 -0.018413879359092233 -0.023692452954867532 -0.057156384250392094 -0.049646344651346624 0.044438286870718005 0.00030986362566741616 -0.043673846307847146 0.037554496137992194 -0.051191751528204536 -0.029466202142445937 0.033800185950739046 -0.085502495244145396 0.026439186712508805 0.0095231139696099702 -0.092987418174743652 -0.031575078396756849 -0.0097311984646417521 -0.059039142429828641 -0.00073468692029233682 0.0022727961443658722 -0.04359012659106936 -0.026844250809015903 0.012095151265550937 0.025372213983174526 -0.013041173864621669 0.026277475784722289 0.055170059919357299 0.019126148019523288 -0.0088872750600179039 -0.0041754941286688508 -0.035898647798319992 -0.019633468796382659 0.0099779374665747642 -0.0097710487552651101 -0.033034844199816386 -0.032326264449141238 -0.045062035152121732 -0.010030543771600129 -0.019955127549600667 -0.023994112371777496 -0.0012763231767919559 0.02256202306598425 -0.0075871153518913652 -0.02363107197132765 0.01428533814372107 0.0086364267481807266 0.042770765402487351 -0.014296562516171001 -0.0097357895407007965 -0.0051376045681536201 -0.020552783742033204 0.026057293564081194 -0.073909376298680038 0.018495461115470301 0.014862419096309516 0.027653723486832212 0.0085810405476128351 0.021053148802580701 -0.0095569698343751959 -0.020832179417653432 -0.030043736254346781 -0.017455811059335247 0.047614972615564195 0.0055737355723977089 0.01436559178289913 0.034785277978066478 0.0020879795479898651 -0.0026954490942164111 0.027162249851971867 0.050733228517430173 0.011488427173753736 0.016951029552329407 -0.038913667250852116 -0.056281608518432169 0.024778998861225643 0.012828875931778125 -0.02000394873903133 0.040509932135280813 -0.013440078450366856 -0.031855827114306207 0.035291229835096395 0.012389673359159914 0.0070001263047508415 0.012397831462715801 -0.0018009175280375139 0.0076591050353549102 -0.021737383231520652 -0.020840128060808639 -0.0044808228473322328 -0.018882122075142848 0.052221402280951207 -0.018123392606603689 -0.0099480210009534834 0.01095246805118457 0.023941504877337691 0.023812751301928708 0.067062501888224144
leaf_weight=50 27 41 29 83 141 49 24 27 20 33 24 66 30 36 23 127 24 34 27 45 21 52 116 58 26 39 65 26 54 39 190 62 45 22 31 25 138 22 56 22 34 39 110 35 63 132 22 29 32 37 34 28 69 32 31 112 224 25 20 21 117 31 105 100 20 54 22 41 45 71 28 43 33 50 35 52 27 22 40 37 28 34 33 51 104 104 33 52 31 30 28 31 73 32 20 154 29 38 31 34 31 101 60 33 40 55 63 75 39 120 52 27 30 37 27 91 29 63 25 54 145 57 121 30 157 91 186
leaf_count=50 27 41 29 83 141 49 24 27 20 33 24 66 30 36 23 127 24 34 27 45 21 52 116 58 26 39 65 26 54 39 190 62 45 22 31 25 138 22 56 22 34 39 110 35 63 132 22 29 32 37 34 28 69 32 31 112 224 25 20 21 117 31 105 100 20 54 22 41 45 71 28 43 33 50 35 52 27 22 40 37 28 34 33 51 104 104 33 52 31 30 28 31 73 32 20 154 29 38 31 34 31 101 60 33 40 55 63 75 39 120 52 27 30 37 27 91 29 63 25 54 145 57 121 30 157 91 186
internal_value=-5.21398e-06 -0.00975354 -0.00228893 0.0100237 0.0276026 -0.0360741 0.00278105 -0.00597319 -0.0257302 -0.0289736 0.0377013 0.0432875 -0.0250818 -0.0362388 0.00613008 -0.00312172 -0.0215901 -0.0284464 -0.045296 0.0062349 0.0126234 0.004416 -0.0313552 -0.037026 0.0484051 0.0422546 0.0360496 -0.030328 -0.024799 -0.0973828 -0.0162722 -0.00368343 -0.0780845 -0.051512 0.0149761 0.0105213 -0.0534933 0.0398341 -0.028234 -0.0356392 0.060096 -0.069434 0.0253318 0.0306935 -0.0839471 -0.0203671 -0.0318643 -0.0401013 -0.00691817 -0.00106767 -0.0275144 -0.00677525 -0.00407444 0.00669434 -0.0217916 0.0254233 0.0504155 0.00146813 -0.00474301 0.0144072 -0.0270628 -0.0173576 0.00604158 -0.0195171 -0.0160916 -0.0423052 -0.0308277 -0.0189614 -0.0316195 -0.0241402 0.0125039 0.0341152 -0.0166358 -0.0117214 0.0184852 0.0190425 0.0297638 -0.0292149 -0.0164283 0.00447703 -0.0112096 0.0344338 -0.065264 0.0198517 0.0185829 0.0244137 0.00595605 0.00815191 -0.000216425 -0.0288376 -0.020038 -0.0275368 0.0424142 -0.00112165 0.00523458 0.0310941 0.0128149 0.0040032 0.0187214 0.0635789 0.0205774 0.0132047 -0.0450881 -0.04642 0.0328598 0.0091889 -0.0234998 0.0367385 -0.0193643 -0.0290736 0.0294797 0.0066975 0.0127551 0.00743312 -0.00792785 0.0104594 -0.0167751 -0.0181115 -0.0169469 -0.0144377 0.0505243 -0.021611 -0.0116435 0.0172832 0.021343 0.0191394 0.0653911
internal_weight=6980 5159 4020 2636 1821 1139 2063 1325 1384 1276 1238 993 1193 525 583 394 581 444 175 744 499 344 1059 663 821 541 573 390 311 80 668 191 81 79 245 214 229 487 434 193 280 73 189 155 83 526 357 82 118 142 102 245 217 312 396 178 363 156 101 86 247 269 129 236 183 110 53 68 162 338 108 320 372 154 738 709 139 154 66 280 77 58 55 657 518 139 243 179 64 53 218 222 139 65 52 237 135 112 172 246 383 244 114 171 194 84 83 120 89 191 162 52 55 74 58 143 49 85 100 79 167 79 148 80 352 195 212
internal_count=6980 5159 4020 2636 1821 1139 2063 1325 1384 1276 1238 993 1193 525 583 394 581 444 175 744 499 344 1059 663 821 541 573 390 311 80 668 191 81 79 245 214 229 487 434 193 280 73 189 155 83 526 357 82 118 142 102 245 217 312 396 178 363 156 101 86 247 269 129 236 183 110 53 68 162 338 108 320 372 154 738 709 139 154 66 280 77 58 55 657 518 139 243 179 64 53 218 222 139 65 52 237 135 112 172 246 383 244 114 171 194 84 83 120 89 191 162 52 55 74 58 143 49 85 100 79 167 79 148 80 352 195 212
is_linear=0
shrinkage=0.05


Tree=7
num_leaves=128
num_cat=0
split_feature=9 9 9 9 7 9 9 1 9 9 1 9 9 9 9 0 9 9 4 6 9 9 9 9 7 9 9 0 3 9 9 9 9 9 9 6 9 6 9 9 9 9 6 1 9 7 9 0 9 0 7 7 9 9 6 9 9 9 1 9 9 9 9 6 1 5 6 9 9 9 9 6 9 9 7 9 9 9 9 9 0 9 9 9 9 0 0 9 9 9 9 9 9 0 1 9 9 8 9 9 9 6 4 7 0 9 6 7 0 5 0 9 0 0 3 9 9 9 9 9 9 6 0 9 4 0 0
split_gain=687.659 369.874 409.559 177.851 145.059 115.12 105.112 90.4066 60.3417 94.5709 52.5732 40.3995 59.5057 38.3329 42.1169 32.9643 31.4874 61.2414 26.6385 33.4222 25.3348 27.044 24.1305 24.0997 22.2402 20.7749 33.6224 19.8771 18.7029 16.4978 16.3924 20.4302 16.051 15.0967 14.1692 13.9924 13.9139 10.758 10.3803 10.2094 9.76685 9.45372 9.37516 8.32071 7.73368 6.80747 6.76137 6.16131 6.05399 7.57763 5.8705 9.28992 4.32612 4.21913 4.00879 3.97232 3.84614 3.80746 5.29621 3.70757 3.58534 3.04268 2.95362 6.50603 4.68381 5.88688 2.83226 2.61245 2.53983 2.51003 2.46252 2.25799 2.13004 2.08212 2.08738 1.89192 2.43592 1.7457 1.58184 5.47933 1.47009 1.45912 2.17352 1.38126 1.26919 1.2115 1.18926 1.179 1.14032 1.60028 1.1376 1.08149 0.961706 0.948914 0.944841 0.932494 0.868554 0.865894 0.861849 0.838889 0.836815 0.762279 0.728736 0.72481 0.719045 0.69036 0.637852 0.613272 0.591495 0.612011 0.582192 0.562404 0.53543 2.00145 0.51856 0.516462 0.502551 0.486194 0.481071 0.463311 0.454816 0.438393 0.436434 0.429067 0.425618 0.419524 0.399601
threshold=0.82694086432456981 0.26118339598178869 -1.0429430603981016 -0.01348631316795945 0.56417387723922741 0.3024504035711289 -0.67153990268707264 1.0000000180025095e-35 -1.6757040023803709 -1.6206812858581541 1.2065384984016421 -1.373079180717468 -1.4143462181091306 1.102054297924042 0.92323055863380443 0.30122427642345434 1.2675660848617556 1.3075019121170046 -0.13390543684363362 -1.5787218809127805 -0.35959677398204798 -0.27972511947154993 -0.63027289509773243 -0.13329377770423886 0.29679055511951452 0.63436147570610057 0.52254116535186779 0.30122427642345434 1.4984139800071719 1.5204929709434511 -1.1667441129684446 -1.249278128147125 0.21991638094186786 -1.5243915915489195 1.6935482025146487 -0.39720386266708368 -1.3868348598480222 0.038097223732620485 0.5500524938106538 -0.25310124456882471 1.1708326339721682 1.4539332389831545 0.038097223732620485 0.41595189273357397 -0.34628482162952418 -1.2907941937446592 1.5204929709434511 0.30122427642345434 -1.6344369649887083 0.36618536710739141 0.46390463411808019 -1.2740830183029173 0.7994295358657838 -1.0704543590545652 -1.6409085988998411 -1.6894596219062803 -1.5106359124183653 0.39874011278152471 1.2065384984016421 -1.4556132555007932 0.44000713527202612 0.89571923017501842 1.6802362799644472 1.5927295684814455 0.67948076128959667 1.6371585130691531 0.53557908535003673 0.027336971834301952 -0.50647184252738942 -0.61651721596717823 0.67562848329544078 1.2196152210235598 0.24742772430181506 1.6403004527091982 1.132361948490143 -1.0154317021369932 -0.96040901541709889 0.3162060827016831 1.3873735666275027 1.4139974117279055 0.43114647269248968 -0.89163067936897267 -0.71280694007873524 -0.33297289907932276 0.7719181776046754 0.25791636854410177 0.27957032620906835 -0.14660571515560147 -0.78158527612686146 -0.83660796284675587 -0.93289768695831288 -1.6069256067275999 0.66187280416488659 0.19295527786016467 -0.63816359639167775 -0.11998183652758597 -0.080046016722917543 -1.2927647233009336 0.27493907511234289 1.0000000180025095e-35 0.12362667545676233 -0.83249902725219715 -0.032564855180680745 0.046119431033730514 0.19295527786016467 0.46751846373081213 -1.0190532207489011 -0.90643143653869618 0.36618536710739141 -0.80168840289115895 0.30122427642345434 0.81318518519401561 0.21460897475481036 0.14964788407087329 -0.46971046924591059 -1.2355224490165708 0.93698623776435863 0.23367205262184146 -0.10666989907622336 -1.194255471229553 -0.54773887991905201 0.28683815896511083 0.32287797331810003 -1.2630338072776792 -1.1438745856285093 0.27957032620906835 0.27957032620906835
decision_type=2 2 2 2 2 2 2 2 2 2 2 2 2 2 2 2 2 2 2 2 2 2 2 2 2 2 2 2 2 2 2 2 2 2 2 2 2 2 2 2 2 2 2 2 2 2 2 2 2 2 2 2 2 2 2 2 2 2 2 2 2 2 2 2 2 2 2 2 2 2 2 2 2 2 2 2 2 2 2 2 2 2 2 2 2 2 2 2 2 2 2 2 2 2 2 2 2 2 2 2 2 2 2 2 2 2 2 2 2 2 2 2 2 2 2 2 2 2 2 2 2 2 2 2 2 2 2
left_child=1 2 8 6 16 27 75 15 55 48 13 12 18 14 61 22 40 47 54 91 50 44 112 86 45 26 37 98 46 -12 31 114 42 -21 43 68 85 125 -28 -26 -2 78 67 -30 -22 69 -15 -18 49 -10 51 120 70 106 -11 102 -56 58 110 -58 121 -6 63 64 -45 -66 105 99 -17 -24 92 116 117 -31 -75 -4 -77 -60 -19 -80 -81 90 88 -46 94 -14 87 -23 89 -83 -78 -20 -27 -40 -72 -25 118 -61 -3 -5 -44 -92 -1 -70 -68 -62 -32 -53 109 -69 -39 -54 113 -8 123 -33 -16 -34 -97 -117 -9 -59 -63 -13 -37 -7 -98
right_child=4 5 3 32 10 25 7 20 9 11 29 30 36 28 71 35 17 41 19 33 21 23 24 95 39 52 38 -29 34 73 53 115 72 -35 -36 124 -38 57 93 -41 -42 -43 100 62 83 -47 -48 -49 -50 -51 -52 107 111 -55 56 -57 59 60 77 97 66 122 -64 -65 65 -67 104 108 103 -71 84 -73 -74 74 -76 76 81 -79 79 80 -82 82 -84 -85 -86 -87 -88 -89 -90 -91 101 -93 -94 -95 -96 96 126 -99 -100 -101 -102 -103 -104 -105 -106 -107 -108 -109 -110 -111 -112 -113 -114 -115 -116 119 -118 -119 -120 -121 -122 -123 -124 -125 -126 -127 -128
leaf_value=0.010702238106377757 -0.00092276317688326037 -0.053737889934817089 0.0086157570874906674 0.031064996974808828 0.015982245790033506 -0.0096070830606751981 -0.04515690321014041 -0.008521625064625454 -0.086660941930917598 -0.0025392018157017835 0.027175493392289852 -0.017508955849526622 -0.071977809190750128 0.022650085534486507 0.035427978932857512 -0.0083258995747504134 -0.05007408167477008 0.0012452809297211149 -0.021404160439006746 -0.07757908592098639 0.00569960475123177 -0.024476324842900646 -0.026623871816056119 0.0030635536493112646 -0.045560739133903322 -0.018553548100693474 -0.069872863693483944 -0.1202058345930917 0.023925536114941626 0.062514044620941608 -0.022721399678425357 -0.0014889254535157834 0.013360733235323871 -0.034944371800673633 0.042657452325026199 -0.014896956021371095 -0.042857832511266077 -0.040577136635780338 -0.052463119875553049 -0.022277212822900239 0.028146355549191555 0.027353220088062465 0.035484327673912047 -0.0078986462861375551 0.022752276648368156 0.010922243581034052 0.049239072370894102 -0.019710923551714846 -0.046863755051578797 -0.047728814997456293 -0.026962574437493461 0.0037569383836605335 -0.012095675903062026 -0.012175467819044437 -0.033251395702171026 -0.0044897917774505917 -0.0090059571267338476 -0.021421128349999589 -0.036149049401283266 -0.032240868080407381 -0.028522258730871337 0.024274603856934442 0.016318268546213707 -0.019915946119943184 0.025682984999577076 -0.0028789658338895865 -0.024741693461934725 0.036916878938674923 0.014699789047749205 -0.0083044264384830781 -0.015562012458090172 0.055784119038938366 0.001351186611617987 0.033719495311379431 0.056233996638031893 0.025280840530068474 0.017988786133455819 -0.01954271548447457 0.020056338463749351 -0.0062398912228592155 0.0085188820044061666 0.022003198164490475 0.010553868990633396 0.037224962796483727 -0.032143928367516089 -0.10051051463399614 -0.0059879797595468439 -0.010634755384590891 0.023699440323581844 0.013360798107243096 0.0048304233932867646 -0.0082694224371398627 -0.0067670080873150646 -0.040850183824377675 -0.024884869045224686 0.011860748051355284 0.0093694986812401532 -0.019596199055427109 -0.076231891301370439 0.045294848626310176 0.049825761301649944 0.014488842870507921 0.020591182277557699 0.0060323289725541449 -0.011262044083812962 -0.038333301595412199 -0.030533595555934351 0.014197610952530285 0.02218739435904556 0.028716271417871326 -0.055168053507804876 -0.0020570464565285614 -0.044439832183221978 -0.073006401831905043 -0.023978382721543314 0.008021022788747105 0.046614662570911541 0.024158722162246706 0.020644859394483402 0.0022177507891319691 -0.014335951202859482 -0.012838663981528954 0.035520379962744535 -0.0092379193329675639 -0.024939589566654631 -0.00059307004289271738 0.016161426480175579
leaf_weight=38 35 22 56 27 144 26 20 96 64 46 50 193 24 53 29 23 53 162 30 56 29 48 27 23 93 57 57 34 50 193 54 30 26 37 29 22 29 49 42 102 163 53 24 48 27 38 48 27 27 21 31 21 29 53 38 31 99 29 29 23 55 35 26 36 37 34 23 49 43 61 42 106 25 22 42 112 57 46 57 44 26 112 76 104 57 27 21 26 145 117 53 36 27 123 144 29 100 57 30 54 143 34 46 59 22 63 137 48 35 141 24 27 23 23 35 85 227 26 56 59 59 47 26 21 44 25 31
leaf_count=38 35 22 56 27 144 26 20 96 64 46 50 193 24 53 29 23 53 162 30 56 29 48 27 23 93 57 57 34 50 193 54 30 26 37 29 22 29 49 42 102 163 53 24 48 27 38 48 27 27 21 31 21 29 53 38 31 99 29 29 23 55 35 26 36 37 34 23 49 43 61 42 106 25 22 42 112 57 46 57 44 26 112 76 104 57 27 21 26 145 117 53 36 27 123 144 29 100 57 30 54 143 34 46 59 22 63 137 48 35 141 24 27 23 23 35 85 227 26 56 59 59 47 26 21 44 25 31
internal_value=0.000278037 -0.00910217 -0.00202091 0.00956459 0.0263818 -0.0343861 0.0028981 -0.00560077 -0.0239133 -0.0270268 0.0362825 -0.0227805 -0.033491 0.0302883 0.0383983 -0.0204398 0.00663352 -0.00109544 -0.0258782 -0.0419962 0.00586244 0.0124607 -0.0288109 0.00433247 -0.0230175 -0.0297414 -0.0351318 -0.0897283 0.0174796 0.0542444 -0.0146815 -0.00869452 0.034834 -0.0611691 0.0103134 -0.00341668 -0.072833 -0.0269889 -0.0510043 -0.0335575 0.0230291 0.00814151 0.0382813 0.00608647 0.0292961 -0.00656988 0.0356453 -0.0401964 -0.0707538 -0.0777092 -0.00691883 -0.00403742 -0.0203851 -0.0249828 -0.0160118 0.0107026 -0.0188429 -0.0298282 -0.0363157 -0.0156164 -0.0256762 0.0201474 0.00105417 -0.00159445 0.00406797 0.0121554 -0.0298988 0.0328447 0.00641991 -0.0141612 -0.0225835 0.0486498 0.0134379 0.059385 0.0491325 0.0176865 0.0183928 -0.026355 0.00453608 0.00869127 -0.000715286 0.0170538 0.0184827 0.034437 -0.0251714 -0.0887258 -0.0168564 -0.0198197 0.0200615 0.0176649 0.0124917 -0.0144701 -0.0148892 -0.0441044 -0.0228742 0.01279 0.0138067 -0.0235847 -0.0679087 0.0409883 0.0479882 0.00872673 0.0162962 0.0097935 -0.0185397 -0.0340385 -0.0284548 0.0111191 0.0297447 0.0310134 -0.0460548 -0.00737662 -0.0562239 -0.0613738 -0.0178528 0.00443838 0.0454902 0.0191137 0.0178207 0.00567499 -0.0108125 -0.0163492 0.0295635 -0.0167441 -0.0218644 -0.00528483 0.011087
internal_weight=7019 5164 4035 2639 1855 1129 2089 1327 1396 1281 1235 1169 502 928 567 578 620 422 422 159 749 494 387 334 321 1043 660 86 361 307 667 423 550 93 260 191 80 438 222 195 198 342 473 231 160 126 101 80 112 85 255 224 383 244 263 115 217 387 148 179 239 205 181 155 119 71 163 306 125 88 327 362 77 257 64 762 706 75 289 127 70 594 450 131 243 51 95 74 374 229 144 66 84 165 186 239 216 80 52 81 167 87 84 102 45 118 191 69 225 190 73 56 66 43 249 174 256 52 85 144 155 76 61 214 66 51 131
internal_count=7019 5164 4035 2639 1855 1129 2089 1327 1396 1281 1235 1169 502 928 567 578 620 422 422 159 749 494 387 334 321 1043 660 86 361 307 667 423 550 93 260 191 80 438 222 195 198 342 473 231 160 126 101 80 112 85 255 224 383 244 263 115 217 387 148 179 239 205 181 155 119 71 163 306 125 88 327 362 77 257 64 762 706 75 289 127 70 594 450 131 243 51 95 74 374 229 144 66 84 165 186 239 216 80 52 81 167 87 84 102 45 118 191 69 225 190 73 56 66 43 249 174 256 52 85 144 155 76 61 214 66 51 131
is_linear=0
shrinkage=0.05


end of trees

feature_importances:
Column_9=556
Column_2=108
Column_0=76
Column_6=67
Column_3=58
Column_1=43
Column_4=35
Column_7=34
Column_5=23
Column_8=16

parameters:
[boosting: gbdt]
[objective: regression]
[metric: l2]
[tree_learner: serial]
[device_type: cpu]
[data_sample_strategy: bagging]
[data: ]
[valid: ]
[num_iterations: 600]
[learning_rate: 0.05]
[num_leaves: 128]
[num_threads: 16]
[seed: 2023]
[deterministic: 0]
[force_col_wise: 0]
[force_row_wise: 0]
[histogram_pool_size: -1]
[max_depth: 20]
[min_data_in_leaf: 20]
[min_sum_hessian_in_leaf: 0.001]
[bagging_fraction: 0.9]
[pos_bagging_fraction: 1]
[neg_bagging_fraction: 1]
[bagging_freq: 1]
[bagging_seed: 26561]
[bagging_by_query: 0]
[feature_fraction: 0.85]
[feature_fraction_bynode: 1]
[feature_fraction_seed: 22040]
[extra_trees: 0]
[extra_seed: 25715]
[early_stopping_round: 0]
[early_stopping_min_delta: 0]
[first_metric_only: 0]
[max_delta_step: 0]
[lambda_l1: 0]
[lambda_l2: 1]
[linear_lambda: 0]
[min_gain_to_split: 0]
[drop_rate: 0.1]
[max_drop: 50]
[skip_drop: 0.5]
[xgboost_dart_mode: 0]
[uniform_drop: 0]
[drop_seed: 17353]
[top_rate: 0.2]
[other_rate: 0.1]
[min_data_per_group: 100]
[max_cat_threshold: 32]
[cat_l2: 10]
[cat_smooth: 10]
[max_cat_to_onehot: 4]
[top_k: 20]
[monotone_constraints: ]
[monotone_constraints_method: basic]
[monotone_penalty: 0]
[feature_contri: ]
[forcedsplits_filename: ]
[refit_decay_rate: 0.9]
[cegb_tradeoff: 1]
[cegb_penalty_split: 0]
[cegb_penalty_feature_lazy: ]
[cegb_penalty_feature_coupled: ]
[path_smooth: 0]
[interaction_constraints: ]
[verbosity: 1]
[saved_feature_importance_type: 0]
[use_quantized_grad: 0]
[num_grad_quant_bins: 4]
[quant_train_renew_leaf: 0]
[stochastic_rounding: 1]
[linear_tree: 0]
[max_bin: 255]
[max_bin_by_feature: ]
[min_data_in_bin: 3]
[bin_construct_sample_cnt: 200000]
[data_random_seed: 6644]
[is_enable_sparse: 1]
[enable_bundle: 1]
[use_missing: 1]
[zero_as_missing: 0]
[feature_pre_filter: 1]
[pre_partition: 0]
[two_round: 0]
[header: 0]
[label_column: ]
[weight_column: ]
[group_column: ]
[ignore_column: ]
[categorical_feature: ]
[forcedbins_filename: ]
[precise_float_parser: 0]
[parser_config_file: ]
[objective_seed: 2023]
[num_class: 1]
[is_unbalance: 0]
[scale_pos_weight: 1]
[sigmoid: 1]
[boost_from_average: 1]
[reg_sqrt: 0]
[alpha: 0.9]
[fair_c: 1]
[poisson_max_delta_step: 0.7]
[tweedie_variance_power: 1.5]
[lambdarank_truncation_level: 30]
[lambdarank_norm: 1]
[label_gain: ]
[lambdarank_position_bias_regularization: 0]
[eval_at: ]
[multi_error_top_k: 1]
[auc_mu_weights: ]
[num_machines: 1]
[local_listen_port: 12400]
[time_out: 120]
[machine_list_filename: ]
[machines: ]
[gpu_platform_id: -1]
[gpu_device_id: -1]
[gpu_use_dp: 0]
[num_gpu: 1]

end of parameters

pandas_categorical:null
