tree
version=v4
num_class=1
num_tree_per_iteration=1
label_index=0
max_feature_idx=9
objective=regression
feature_names=Column_0 Column_1 Column_2 Column_3 Column_4 Column_5 Column_6 Column_7 Column_8 Column_9
feature_infos=[-4.9281487464904785:0.63685661554336548] [-2.6146364212036133:3.7100627422332764] [-5.1990861892700195:1.272971510887146] [-2.2269694805145264:2.5527749061584473] [-5.5711894035339355:1.3641557693481445] [-1.9902403354644775:2.1465384960174561] [-1.982926607131958:1.6860036849975586] [-2.3018357753753662:1.4582350254058838] [-2.4405524730682373:1.9915002584457397] [-1.7305047512054443:1.7332621812820435]
tree_sizes=8273 8193 8559 8803

Tree=0
num_leaves=95
num_cat=0
split_feature=9 9 9 9 9 5 9 9 9 9 9 9 9 9 5 6 9 3 8 9 9 0 9 9 9 9 9 9 9 9 9 9 9 9 9 9 9 1 9 1 4 3 9 0 6 9 6 9 1 9 9 9 5 9 9 9 5 3 9 9 9 0 6 9 5 3 4 0 0 9 9 9 9 0 9 4 0 3 6 5 0 3 6 5 8 9 3 4 0 5 4 9 6 8
split_gain=1736.11 494.492 699.705 516.887 290.559 254.885 218.647 114.968 105.76 98.383 152.133 94.6675 90.7776 117.724 99.2694 66.3556 60.9378 58.6576 56.5491 50.6776 46.5297 43.0774 53.2281 48.2122 54.2907 70.7 37.1668 33.1033 30.5006 27.3748 24.7345 24.6275 22.2501 16.9216 16.8856 16.6262 26.348 13.2826 13.0418 11.7172 11.3951 10.3116 9.59759 9.04331 9.00937 7.35734 7.08533 9.80411 9.38132 7.06175 6.68643 5.91787 3.64907 3.4822 3.4738 3.4484 3.22447 3.19262 3.16306 2.9357 2.80666 2.56699 2.29606 4.527 2.19541 2.55515 2.16793 2.13698 2.06673 1.90618 1.83402 1.81343 1.67434 1.28712 1.28347 1.21059 1.16239 1.07888 1.0676 0.852493 0.667791 0.664447 0.529961 0.493085 0.416815 0.369144 0.324842 0.32026 0.317754 0.2686 0.210906 0.158849 0.146749 0.0583995
threshold=0.73065117001533519 -1.1392327547073362 0.16489368677139285 -0.10666989907622336 -0.75407394766807545 1.0197294950485232 0.21991638094186786 0.5500524938106538 -0.21316542476415631 1.6269885301589968 1.5604287981987002 1.1708326339721682 -0.35959677398204798 -0.42615647614002222 -1.3265030980110166 0.10028097406029703 1.6003646254539492 1.9201549887657168 -1.3927702903747556 0.44000713527202612 1.102054297924042 0.45280016958713537 -1.6481926441192625 -1.6069256067275999 -1.5106359124183653 -1.4693688750267027 1.0195202827453616 1.4539332389831545 0.99200892448425304 -0.31966094672679896 -1.1117213964462278 0.027336971834301952 0.12362667545676233 -0.71280694007873524 1.3740616440773012 -1.249278128147125 -1.3318121433258054 1.0000000180025095e-35 0.46751846373081213 -0.90169563889503468 -0.67232638597488392 -1.0320318043231962 0.75816252827644359 0.23626267164945605 1.3439886569976809 1.5338048934936526 0.16246472299098971 0.24742772430181506 1.2065384984016421 -1.6757040023803709 1.4273093938827517 -0.68529558181762684 -0.5855882167816161 0.7031398117542268 0.3024504035711289 -0.86411932110786427 -0.73994550108909596 1.0000000180025095e-35 -0.23978930711746213 -0.040110195055603974 1.6536123752593996 0.25791636854410177 0.22465144842863086 0.41249577701091772 0.58752840757370006 1.3578336834907534 -1.1438745856285093 0.17130158096551898 0.32287797331810003 -0.80909663438796986 -0.080046016722917543 -1.0154317021369932 0.05484831519424916 0.25791636854410177 -1.5519028902053831 -0.40346042811870569 0.14964788407087329 -0.89145144820213307 0.5977628529071809 1.2358296513557436 0.23626267164945605 -1.5943564176559446 -0.08627621084451674 -0.67820259928703297 0.098220024257898345 -0.90538632869720448 0.65493208169937145 0.74162915349006664 0.084686793386936202 1.4828012585639956 -0.20077716559171674 -1.2767894864082334 -1.205610394477844 0.18913268297910693
decision_type=2 2 2 2 2 2 2 2 2 2 2 2 2 2 2 2 2 2 2 2 2 2 2 2 2 2 2 2 2 2 2 2 2 2 2 2 2 2 2 2 2 2 2 2 2 2 2 2 2 2 2 2 2 2 2 2 2 2 2 2 2 2 2 2 2 2 2 2 2 2 2 2 2 2 2 2 2 2 2 2 2 2 2 2 2 2 2 2 2 2 2 2 2 2
left_child=1 18 3 4 30 11 15 19 12 10 27 20 13 14 51 -4 -12 34 35 46 26 22 49 57 41 -26 -2 28 42 -14 -3 59 72 -16 44 36 92 43 -21 56 -27 74 -7 -28 64 -29 47 -8 62 -20 73 -6 -42 61 -50 -41 67 -24 80 70 -11 76 -48 -64 -13 86 -10 85 -15 -57 -5 88 -33 -30 -25 -69 -9 -49 -40 -63 -31 -38 90 -73 -46 -32 93 -78 -58 -81 -68 -83 -1 -66
right_child=5 2 6 31 8 9 7 53 66 60 16 17 29 68 33 -17 -18 -19 21 38 -22 -23 23 24 25 40 37 45 50 58 39 32 -34 -35 -36 -37 81 -39 78 55 52 -43 -44 -45 84 -47 48 77 54 -51 -52 -53 -54 -55 -56 69 71 -59 -60 -61 -62 79 63 -65 65 -67 82 75 -70 -71 -72 83 -74 -75 -76 -77 87 -79 -80 89 -82 91 -84 -85 -86 -87 -88 -89 -90 -91 -92 -93 -94 -95
leaf_value=-0.034904814971916637 0.051890200879736399 -0.010580993080385155 -0.13298772997473668 0.035958685388819099 -0.022418929798083843 0.034520910384289019 -0.04475176207393132 -0.009011663336535294 0.022506310490713152 0.070171575666626212 -0.02973263504728808 -0.010114323814455766 -0.073778135177192325 0.030538019912534055 -0.066619648355128666 -0.054099733934736605 0.037577887508835332 -0.04568362819501056 -0.028637738664613145 -0.086861505808896289 0.059787518595722809 -0.0885232140753308 -0.074727428130008017 -0.014853121424980785 -0.10265930864383502 -0.06527477947745669 0.012190094145046175 0.077388575823110511 0.026715540947324413 -0.034616045128998379 0.015693362575437235 0.059102426531697845 0.038160582878373366 -0.038778103921279117 0.031646431718453896 -0.049900293937738274 -0.013783778975866705 0.02960068610147595 -0.060979882905830597 0.020011804935604501 -0.049991838799734095 -0.047906088729966337 0.057282728568852567 -0.018366759673205245 0.021827732874257145 0.053479353480612744 -0.022209175722226984 -0.024964118666065217 -0.063947617029324666 -0.004193157942323362 0.043587994326608009 -0.0046119079510541418 -0.035305674562573913 0.0018720430170945648 -0.041321573999223336 0.040290757007791292 0.021135222234215448 -0.10182593408734784 -0.027739725449485077 0.033697709851382339 0.088577835212809861 -0.013693297563428708 -0.044512085946100184 -0.024453310657598908 0.0049759648362670038 -0.00908783429862179 0.0097403721829668836 0.030292132224616599 0.016651160364319326 0.026249582368782772 0.050597933344958386 0.011471193973816851 0.073934259423200754 0.014800525612611817 -0.02466380179788048 0.019765775760699451 -0.022336845277753963 -0.015466801135244746 -0.049084394321451848 -0.0029139640192192826 -0.045207316673703299 -0.0047016283989531685 0.0071622681101603932 0.003723942442553928 0.013938008940399371 0.020708797599972358 0.0020413094752992447 -0.015515000951971288 0.014791319145174299 -0.0075047433839195198 0.015133882862494799 -0.0086480603039361271 -0.042356762652153143 0.007834222671131567
leaf_weight=120 68 61 73 50 54 58 55 40 48 55 81 47 79 92 76 45 56 55 59 51 135 71 44 80 74 70 46 162 51 41 112 57 82 223 67 70 40 43 102 45 81 41 443 49 44 54 45 58 45 59 51 314 128 57 43 109 44 40 56 142 160 40 74 53 42 42 41 85 44 42 77 41 141 50 68 54 55 80 68 63 118 73 77 43 42 87 71 45 68 68 54 44 41 49
leaf_count=120 68 61 73 50 54 58 55 40 48 55 81 47 79 92 76 45 56 55 59 51 135 71 44 80 74 70 46 162 51 41 112 57 82 223 67 70 40 43 102 45 81 41 443 49 44 54 45 58 45 59 51 314 128 57 43 109 44 40 56 142 160 40 74 53 42 42 41 85 44 42 77 41 141 50 68 54 55 80 68 63 118 73 77 43 42 87 71 45 68 68 54 44 41 49
internal_value=-2.30577e-05 -0.0157765 -0.00696182 0.00718482 -0.00407585 0.0390956 -0.0393432 -0.031973 -0.0184571 0.0534624 0.0468127 0.0171288 -0.0247991 -0.0160603 -0.0247033 -0.103611 -0.00214592 0.00228617 -0.0437155 -0.044232 0.0370425 -0.0512081 -0.0475331 -0.053337 -0.0477066 -0.0592873 0.02192 0.0545248 0.0487475 -0.0485321 0.0198618 0.0503513 0.0608325 -0.0460534 0.00891339 -0.0278859 -0.0228987 0.00688508 -0.0638944 0.0224166 -0.0474581 -0.0258787 0.0547216 -0.00359796 0.00431351 0.0716853 -0.0345199 -0.026968 -0.040001 -0.0165534 0.0288275 -0.00727857 -0.0412084 -0.00946125 -0.0534802 0.0328998 0.0185146 -0.0886776 -0.038957 0.0392567 0.0842159 -0.0115378 -0.0328353 -0.0363975 -0.000490534 0.00176524 0.0131354 0.0214984 0.0261995 0.0365837 0.0451604 0.0132859 0.0699829 0.0210199 -0.019496 0.0263731 -0.0165534 -0.0196093 -0.0565366 -0.007359 -0.0427097 -0.00824189 0.0104053 0.0075958 0.0181791 0.0179786 0.00461749 -0.019451 0.0174485 -0.00533577 0.0129319 -0.00624647 -0.0370523 0.00658345
internal_weight=7041 5020 3817 2657 2108 2021 1160 1042 1317 1221 1006 800 1097 803 667 118 137 459 1203 674 341 815 744 626 542 353 206 869 653 294 791 549 280 299 404 388 318 138 221 730 279 189 501 95 337 216 453 193 260 118 152 368 209 368 88 196 534 84 215 269 215 311 172 127 251 204 220 338 136 151 127 196 198 101 148 139 140 138 170 171 159 157 172 84 86 199 162 100 112 131 95 117 161 91
internal_count=7041 5020 3817 2657 2108 2021 1160 1042 1317 1221 1006 800 1097 803 667 118 137 459 1203 674 341 815 744 626 542 353 206 869 653 294 791 549 280 299 404 388 318 138 221 730 279 189 501 95 337 216 453 193 260 118 152 368 209 368 88 196 534 84 215 269 215 311 172 127 251 204 220 338 136 151 127 196 198 101 148 139 140 138 170 171 159 157 172 84 86 199 162 100 112 131 95 117 161 91
is_linear=0
shrinkage=1


Tree=1
num_leaves=94
num_cat=0
split_feature=9 9 9 9 9 5 9 9 9 9 9 9 9 9 5 9 9 8 9 6 9 9 0 9 9 9 9 9 9 9 9 9 9 9 2 9 9 9 9 4 9 4 9 9 5 9 9 9 9 6 9 1 6 2 9 9 9 2 9 0 5 9 9 9 4 2 4 2 5 6 4 9 5 2 0 9 9 2 6 8 9 9 2 4 5 2 0 2 5 4 2 0 8
split_gain=1514 433.041 593.485 455.357 264.739 239.352 191.652 99.4665 96.4293 93.0338 87.3883 135.673 83.4147 105.495 78.1733 55.5553 54.1872 48.6304 46.1068 45.6744 43.4634 34.6381 33.0115 50.2701 42.4672 51.6112 58.3342 31.5639 26.144 24.1285 20.5417 20.2823 18.81 18.2055 17.3759 16.7873 22.3321 14.4039 10.7201 10.2995 10.1058 8.8291 8.48535 7.76201 7.38801 7.36433 7.36414 6.76851 6.70328 6.11479 8.1895 8.09665 5.00037 3.84102 2.97635 2.91223 2.89634 3.35202 2.78847 2.60109 2.35525 2.3523 2.29416 2.1713 1.94799 1.9152 1.76802 1.60191 1.23262 1.06963 1.04119 1.02487 0.983032 0.804188 0.682458 0.632445 0.610579 0.594193 0.540807 0.509453 0.459988 0.444425 0.887344 0.384716 0.336079 0.322546 0.260839 0.259316 0.199238 0.184521 0.174433 0.0909715 0.0518038
threshold=0.73065117001533519 -1.1392327547073362 0.16489368677139285 -0.10666989907622336 -0.75407394766807545 1.0197294950485232 0.21991638094186786 0.5500524938106538 -0.21316542476415631 1.1708326339721682 1.6269885301589968 1.5604287981987002 -0.35959677398204798 -0.42615647614002222 -1.3265030980110166 1.2143183350563052 1.6003646254539492 -1.3745844960212705 0.44000713527202612 0.10028097406029703 1.102054297924042 1.0195202827453616 0.45280016958713537 -1.6481926441192625 -1.6069256067275999 -1.5106359124183653 -1.4693688750267027 1.4539332389831545 1.0195202827453616 -0.31966094672679896 -1.1117213964462278 0.027336971834301952 -0.71280694007873524 0.12362667545676233 0.024168025236576799 -1.249278128147125 -1.3318121433258054 1.3740616440773012 0.46751846373081213 -0.67232638597488392 -0.86411932110786427 -0.066345751285552965 1.4273093938827517 -0.79534095525741566 0.55665695667266857 1.5338048934936526 0.75816252827644359 -0.68529558181762684 -1.6757040023803709 0.16246472299098971 0.24742772430181506 1.2065384984016421 1.3439886569976809 -0.51878973841667164 -0.040110195055603974 -1.5381472110748289 0.7031398117542268 0.58884355425834667 -0.23978930711746213 0.19295527786016467 -0.5855882167816161 -0.080046016722917543 -0.399532601237297 1.6536123752593996 -1.1438745856285093 0.69743552803993236 -0.47033214569091791 0.89290067553520214 -0.64733111858367909 0.5977628529071809 1.0442760586738589 0.05484831519424916 -0.64733111858367909 0.024168025236576799 0.23626267164945605 -1.0291873812675474 -1.0429430603981016 0.32822409272193914 0.65994662046432506 -0.26998245716094965 -1.5656585693359373 0.64811712503433239 -0.58394512534141529 -0.50411303341388691 0.92711439728736889 0.41509725153446203 0.27957032620906835 0.24135091900825503 0.64927130937576305 0.97740429639816295 -0.47535316646099085 0.19295527786016467 -1.2745789289474485
decision_type=2 2 2 2 2 2 2 2 2 2 2 2 2 2 2 2 2 2 2 2 2 2 2 2 2 2 2 2 2 2 2 2 2 2 2 2 2 2 2 2 2 2 2 2 2 2 2 2 2 2 2 2 2 2 2 2 2 2 2 2 2 2 2 2 2 2 2 2 2 2 2 2 2 2 2 2 2 2 2 2 2 2 2 2 2 2 2 2 2 2 2 2 2
left_child=1 17 3 4 30 9 19 18 12 20 11 27 13 14 47 -11 -13 35 49 -4 21 -2 23 48 79 41 -27 28 46 -14 -3 54 -16 71 -23 36 87 44 -20 -28 59 55 -30 -42 -17 -29 -7 -6 -19 50 -8 53 70 -51 61 80 57 81 74 72 -41 -5 -15 -12 -10 -55 -61 78 86 73 88 -33 76 -40 -31 -68 -32 -66 -59 -25 -26 82 -9 91 -36 -56 -52 90 -46 -90 -1 -38 -45
right_child=5 2 6 31 8 10 7 56 64 15 63 16 29 62 32 37 -18 22 38 -21 -22 34 -24 24 25 26 39 45 42 58 40 33 -34 -35 84 -37 83 -39 69 60 43 -43 -44 92 52 -47 -48 -49 -50 51 68 -53 -54 65 85 -57 -58 67 -60 66 -62 -63 -64 -65 77 -67 75 -69 -70 -71 -72 -73 -74 -75 -76 -77 -78 -79 -80 -81 -82 -83 -84 -85 -86 -87 -88 -89 89 -91 -92 -93 -94
leaf_value=-0.035013737983819918 0.049245958591716876 -0.0094236123123032575 -0.12460995546501617 0.033312111306521633 -0.023589232473427226 0.032943134462194788 -0.041503560281636424 -0.012285364062214893 0.021350409535691145 -0.036862421497935428 0.067256943274427342 -0.029531936829861924 -0.069295662393172586 0.017267997163263236 -0.063999943902716044 -0.015204040236061528 0.0352758916196498 -0.02684980030016353 -0.080624854998155082 -0.056208423637720044 0.056879489421844488 -0.016821360314827203 -0.081856494922848314 -0.091445830593938418 -0.016417849078079909 -0.09611697373787563 -0.062594401282923567 0.07369507235639236 0.015339939619007054 -0.032652033546141219 0.020231590150958961 0.056176054726044339 -0.03464701370622366 0.036452186924506379 0.023427576879926384 -0.047802634398142502 -0.0074664251527415126 0.029441659801772664 -0.06444896471500397 -0.046396305726235175 0.037577020350120054 -0.044337307973656544 0.041119381146771571 0.015512211053415246 0.0023400505721968201 0.04944547242667599 0.053499261215163234 -0.0043150468727182574 -0.0031552242229646839 -0.017329165837619193 -0.011500081837015308 -0.051172256718079248 0.018142832173397402 -0.040235589329330697 0.034777781564523193 -0.028741218910572377 0.0018707466760783326 -0.014098576325479718 -0.026382349980995059 0.02876984116581964 -0.033980363374171055 0.048770755380392078 0.031381451977150782 0.084454510953181836 0.0066397973669518251 -0.026183846344550451 0.02234975482995917 -0.0073671351286715694 -0.024642444885613627 -0.046090817762844599 -0.0026254034599109571 0.068971217248369673 0.008536818955125737 -0.04944268749819862 -0.04297828921867955 0.013113892415276496 0.014467504201456906 0.012770427993676637 -0.02230852142836039 -0.072343241960503332 -0.009250105553023193 -0.0013804087453350728 -0.0031263045756326569 -0.011289475619454276 0.015777240214603288 0.027533647943945496 -0.017775627997304713 -0.037964580122482133 0.0092098016178280839 0.0047206841016304681 -0.026948569036192367 -0.0043035583140758364 0.020078202407984511
leaf_weight=40 68 58 68 53 53 55 56 47 49 79 53 77 83 54 74 41 54 59 54 42 139 52 67 45 58 74 69 169 79 41 71 59 230 82 41 74 52 69 49 82 138 42 55 43 41 50 448 296 60 42 45 77 76 83 67 46 55 41 54 70 114 79 76 155 79 47 40 41 56 66 56 135 57 44 123 47 209 88 64 42 45 48 61 54 41 67 41 73 40 63 44 51 41
leaf_count=40 68 58 68 53 53 55 56 47 49 79 53 77 83 54 74 41 54 59 54 42 139 52 67 45 58 74 69 169 79 41 71 59 230 82 41 74 52 69 49 82 138 42 55 43 41 50 448 296 60 42 45 77 76 83 67 46 55 41 54 70 114 79 76 155 79 47 40 41 56 66 56 135 57 44 123 47 209 88 64 42 45 48 61 54 41 67 41 73 40 63 44 51 41
internal_value=4.13346e-05 -0.0148364 -0.00647614 0.00659356 -0.0040764 0.0367153 -0.0367926 -0.0299479 -0.0178555 0.0156318 0.0509107 0.0446178 -0.0239311 -0.0152969 -0.0234845 0.00107019 -0.0027524 -0.0410828 -0.0414356 -0.0992347 0.0354274 0.0204583 -0.0481188 -0.0449406 -0.050676 -0.0451987 -0.0569089 0.051862 0.046075 -0.0462667 0.01906 0.0473552 -0.0419785 0.0569537 0.00559311 -0.0264351 -0.0212637 0.0089088 -0.0606066 -0.04564 0.0213772 -0.0242266 0.0261473 0.0302647 0.00436097 0.0684086 0.0513214 -0.00730111 -0.0150288 -0.0321855 -0.0253563 -0.0374928 0.00731176 -0.0311085 0.0372198 -0.0183 -0.00865369 -0.0105702 -0.0372225 0.0173302 -0.0393839 0.042861 0.0256955 0.0804152 0.0126049 -0.035394 0.0227118 -0.0159974 -0.0187427 -0.0533466 0.00312617 0.0653879 0.0147633 -0.0579507 -0.0406103 0.017566 0.0159959 0.00992709 -0.019266 -0.0831508 -0.0134054 -0.00542145 -0.00718833 -0.0078508 0.0198386 0.0313865 -0.0146618 -0.0345419 0.00536557 0.00653582 -0.0311559 -0.00595678 0.0179508
internal_weight=6935 4934 3743 2616 2074 2001 1127 1017 1300 806 1195 987 1084 783 653 465 131 1191 660 110 341 202 803 736 617 530 339 856 637 301 774 542 304 276 134 388 314 386 213 265 716 191 134 222 317 219 503 349 119 447 198 249 276 172 266 149 357 302 218 494 196 132 130 208 216 130 157 146 142 159 200 194 337 93 164 87 280 167 105 87 103 156 108 157 82 134 86 157 144 103 84 103 84
internal_count=6935 4934 3743 2616 2074 2001 1127 1017 1300 806 1195 987 1084 783 653 465 131 1191 660 110 341 202 803 736 617 530 339 856 637 301 774 542 304 276 134 388 314 386 213 265 716 191 134 222 317 219 503 349 119 447 198 249 276 172 266 149 357 302 218 494 196 132 130 208 216 130 157 146 142 159 200 194 337 93 164 87 280 167 105 87 103 156 108 157 82 134 86 157 144 103 84 103 84
is_linear=0
shrinkage=0.05


Tree=2
num_leaves=98
num_cat=0
split_feature=9 9 9 9 9 7 9 9 9 9 9 9 9 7 7 9 9 6 9 9 9 9 0 9 9 9 9 1 9 2 7 3 9 9 9 9 9 9 9 1 9 3 6 9 7 9 6 9 1 9 3 9 2 9 9 9 2 9 9 2 9 9 9 9 9 9 2 2 9 3 9 2 6 3 2 6 9 9 2 9 0 0 3 9 8 9 2 2 7 6 8 3 2 2 8 9 7
split_gain=1395.06 397.36 578.296 431.726 239.357 198.542 174.337 107.228 106.29 98.1087 84.7906 72.2124 98.1157 101.411 55.15 55.1001 48.985 46.4828 41.5989 39.8597 55.8504 37.0811 32.4433 33.9828 41.431 37.2478 64.1102 32.1336 20.7979 20.7317 20.3454 20.1746 20.1264 19.4531 19.2871 17.798 15.3002 13.2231 10.928 10.0217 9.84747 9.22475 8.05961 7.45813 7.347 7.33379 6.87836 7.59563 6.95097 4.44287 4.18344 4.15843 3.58022 3.4269 3.15586 3.1501 3.07097 2.86168 2.69345 2.65328 2.60521 2.55052 4.70879 2.59232 2.54632 2.09296 2.03344 1.91711 2.54421 2.21702 1.88883 1.57771 1.52306 1.38294 1.36414 1.30901 1.10797 0.946987 0.935238 0.934606 0.88525 0.750954 0.738225 0.699716 0.619179 0.534152 0.787411 0.495978 0.490535 0.343036 0.339734 0.334721 0.232117 0.184404 0.170614 0.163084 0.00727421
threshold=0.73065117001533519 -1.1392327547073362 0.16489368677139285 -0.10666989907622336 -0.75407394766807545 0.53075048327445995 0.21991638094186786 1.6269885301589968 1.5604287981987002 0.5500524938106538 -0.21316542476415631 -0.35959677398204798 -0.42615647614002222 -1.4077746868133543 -1.5748887658119199 1.3740616440773012 1.6003646254539492 0.10028097406029703 0.44000713527202612 1.4406213760375979 1.0057646036148074 1.0882986783981325 0.47445386648178106 -1.6481926441192625 -1.6069256067275999 -1.5106359124183653 -1.4693688750267027 0.67948076128959667 -0.31966094672679896 0.024168025236576799 -0.070860028266906724 1.7795746922492983 0.027336971834301952 -1.1117213964462278 -1.3318121433258054 0.12362667545676233 1.4406213760375979 -1.249278128147125 0.46751846373081213 -0.90169563889503468 -1.6757040023803709 -1.0320318043231962 1.3439886569976809 0.75816252827644359 -1.2740830183029173 -1.1667441129684446 0.16246472299098971 0.24742772430181506 1.2065384984016421 1.5338048934936526 1.0000000180025095e-35 -0.68529558181762684 -0.51878973841667164 0.3024504035711289 1.6802362799644472 0.7031398117542268 0.58884355425834667 -0.86411932110786427 -0.23978930711746213 0.63228118419647228 -0.399532601237297 -0.97416469454765309 -1.0154317021369932 -0.93289768695831288 -0.040110195055603974 1.1158099770545962 0.80602750182151806 0.43681606650352484 1.3208138942718508 0.65493208169937145 -0.080046016722917543 0.69743552803993236 -1.4543513655662534 0.3737714439630509 -1.0400292277336118 -0.08627621084451674 0.05484831519424916 0.3437174260616303 0.87118187546730053 -0.1865415424108505 0.21460897475481036 0.19295527786016467 0.5143517702817918 -0.90538632869720448 -1.0245677828788755 0.64811712503433239 -0.62738069891929615 -0.36676120758056635 -1.3409288525581358 0.65994662046432506 -0.54726958274841297 0.092610801570117487 0.43681606650352484 0.41509725153446203 -1.7427870035171507 -0.26641319692134852 -1.9258291721343992
decision_type=2 2 2 2 2 2 2 2 2 2 2 2 2 2 2 2 2 2 2 2 2 2 2 2 2 2 2 2 2 2 2 2 2 2 2 2 2 2 2 2 2 2 2 2 2 2 2 2 2 2 2 2 2 2 2 2 2 2 2 2 2 2 2 2 2 2 2 2 2 2 2 2 2 2 2 2 2 2 2 2 2 2 2 2 2 2 2 2 2 2 2 2 2 2 2 2 2
left_child=1 14 3 4 33 15 17 8 19 18 11 12 13 51 34 31 -10 -4 46 20 43 29 23 40 50 41 -27 65 -13 -22 -15 42 64 -3 80 76 73 44 -20 61 -16 72 67 -7 -28 -39 47 -8 52 -21 -25 -6 -48 -50 -9 56 85 -41 95 60 -14 62 88 -63 70 -23 -31 82 69 -69 -5 -54 90 -17 -45 79 -34 91 89 -12 -1 96 -2 -65 -59 86 -11 -40 -35 -58 -26 -49 -66 -81 -83 -30 -36
right_child=5 2 6 32 10 7 9 54 16 55 75 28 59 30 22 36 -18 -19 38 49 21 27 -24 24 25 26 37 -29 58 66 -32 -33 35 39 81 -37 -38 45 87 57 -42 -43 -44 74 -46 -47 48 77 53 -51 -52 -53 71 -55 -56 -57 78 84 -60 -61 -62 63 -64 83 92 -67 -68 68 -70 -71 -72 -73 -74 -75 -76 -77 -78 -79 -80 93 -82 94 -84 -85 -86 -87 -88 -89 -90 -91 -92 -93 -94 -95 -96 -97 -98
leaf_value=-0.040628471504896881 0.0096247633114795797 -0.0096599886967342792 -0.11983586037662669 0.032058454345573077 -0.019666394881904126 0.031168790906667711 -0.039800829780206354 0.068321113820586893 -0.02820709347957745 -0.011931003268808128 0.0094029207848075596 -0.065736833893800084 0.01725839499960698 -0.051544843853038882 -0.031522030619453294 0.031267155566305486 0.033092948638580061 -0.05042983262640674 -0.077413682008193707 0.069529139543401786 -0.016778035923269898 0.04072849436239763 -0.082175849090542707 -0.065181016376832643 -0.0088206406376074731 -0.094498769321611956 -0.023768012888697732 0.0024344970115480272 -0.040804451234914642 0.013661702890466485 -0.01373474316840822 -0.028515677695924585 0.053512066956293784 0.019472771409190556 -0.0044241246188104879 0.034665003667275117 0.059199263883191494 -0.055760751970066053 -0.058229584040793973 0.018623519464861602 -0.0030194598808489996 -0.042700358014553789 0.017670291181336752 0.045805968505305217 -0.048337746750224724 -0.033931243891517325 -0.016950120146545331 -0.010377265721382131 -0.058104720529244869 0.049843393631831365 -0.093699838859694351 -0.004206237434253887 -0.039139017103349466 -0.036438916928388854 0.083872124993282823 0.0023813595726215817 -0.013952598591312405 0.027660000529381099 -0.024778901599347591 0.012073538430143214 0.034410499781370167 0.027753259036690001 0.0027366324956528843 0.011578532065530974 0.033079346237887795 0.05577429359430796 0.028196358138864692 0.0076160511120642524 -0.014294532511578223 -0.007126999299233671 0.045900059491395952 -0.026193191949278119 -0.023441209014633608 0.020145056568909178 0.053385760009453442 0.0063792713807379192 0.066090835630893713 -0.022870581129849969 -0.0090441519839011813 0.020828898392972493 -0.030357514141421571 -0.0094943699069942045 0.0014019708926286045 0.018679221584689577 0.036195035248073104 -0.0011848479104055853 -0.0032178055388820282 -0.047614910508975511 0.013363273476531346 -0.020983832443518372 -0.015630892352403506 -0.017386908057544913 0.026470396358233235 0.014768790161280437 -0.014653941842999946 -0.033557676441139647 -0.0059091599419622163
leaf_weight=47 43 58 70 54 49 57 56 111 79 49 58 78 41 233 63 52 54 40 58 144 60 54 56 40 40 69 116 46 107 62 43 54 58 116 40 83 42 160 46 49 58 47 82 147 43 59 40 41 48 53 41 343 84 43 114 60 40 57 55 41 59 79 79 55 70 90 43 50 42 50 83 47 57 85 361 79 149 58 43 41 94 44 73 142 96 53 56 120 62 57 45 41 64 42 40 53 40
leaf_count=47 43 58 70 54 49 57 56 111 79 49 58 78 41 233 63 52 54 40 58 144 60 54 56 40 40 69 116 46 107 62 43 54 58 116 40 83 42 160 46 49 58 47 82 147 43 59 40 41 48 53 41 343 84 43 114 60 40 57 55 41 59 79 79 55 70 90 43 50 42 50 83 47 57 85 361 79 149 58 43 41 94 44 73 142 96 53 56 120 62 57 45 41 64 42 40 53 40
internal_value=0.00028093 -0.0138954 -0.00602017 0.00672459 -0.00362429 0.035054 -0.0356567 0.0447524 0.0389747 -0.0292651 -0.0166473 -0.0223022 -0.0145673 -0.0225652 -0.0389993 0.010054 -0.00325713 -0.095279 -0.0403795 0.0440016 0.0395446 0.0238984 -0.0452662 -0.0427047 -0.0468436 -0.0424268 -0.0503035 0.0389003 -0.0435368 0.00649317 -0.045725 -0.000415737 0.0456775 0.0180798 -0.020542 0.0549234 0.0329733 -0.0420081 -0.0580693 0.0202789 -0.0179964 -0.0236309 0.00411773 0.0493158 -0.0306732 -0.0500607 -0.03162 -0.0242848 -0.0369943 0.0645115 -0.0805831 -0.00618388 -0.0306921 -0.0483744 0.0765365 -0.00803829 -0.0101372 0.0297851 -0.0352158 0.0232153 0.0276186 0.0166272 0.0129424 0.0199992 0.0356178 0.0504519 0.0198238 -0.000241266 -0.00412394 0.000246947 0.0407161 -0.034728 -0.0170647 0.0245626 0.0512867 0.0116515 0.0628406 -0.0178401 -0.0155111 0.0145397 -0.0340432 -0.00879832 0.00450629 0.0167653 0.0332156 -0.00530784 -0.00735816 -0.0508874 0.0174313 -0.0182563 -0.0125659 -0.0140493 0.0301423 0.0179747 -0.0120948 -0.0386273 -0.00523043
internal_weight=7073 5025 3826 2676 2115 2048 1150 1475 1250 1040 1322 1102 809 668 1199 573 133 110 682 1117 920 355 894 838 717 636 447 190 293 165 276 394 561 793 305 290 179 378 224 735 121 189 340 565 159 219 458 196 262 197 81 392 171 91 225 358 298 202 215 141 100 533 257 276 271 144 105 258 142 100 137 131 142 137 508 220 207 140 140 141 141 164 116 197 153 158 105 166 178 97 85 82 134 83 84 160 80
internal_count=7073 5025 3826 2676 2115 2048 1150 1475 1250 1040 1322 1102 809 668 1199 573 133 110 682 1117 920 355 894 838 717 636 447 190 293 165 276 394 561 793 305 290 179 378 224 735 121 189 340 565 159 219 458 196 262 197 81 392 171 91 225 358 298 202 215 141 100 533 257 276 271 144 105 258 142 100 137 131 142 137 508 220 207 140 140 141 141 164 116 197 153 158 105 166 178 97 85 82 134 83 84 160 80
is_linear=0
shrinkage=0.05


Tree=3
num_leaves=101
num_cat=0
split_feature=9 9 9 9 9 5 9 9 9 9 9 9 9 9 9 7 7 9 9 9 9 9 9 9 9 9 9 9 5 9 9 5 9 9 7 9 9 1 9 3 0 9 9 1 7 5 9 9 4 3 9 9 9 9 5 9 4 9 9 9 9 1 9 3 0 0 0 9 8 0 4 9 0 0 9 4 9 3 0 0 5 7 5 4 5 9 0 9 9 8 8 0 3 0 1 4 0 8 4 5
split_gain=1257.94 357.31 533.985 372.208 215.234 191.459 182.22 86.6843 79.045 76.861 76.9862 70.8559 109.13 69.7473 90.0136 90.3334 49.8805 44.5712 37.3022 33.6335 37.669 34.6417 39.0588 64.0057 27.6566 28.5423 24.9809 22.3718 19.4926 19.2354 17.1381 16.203 15.8492 15.7844 15.4173 12.7045 11.21 9.19069 8.94901 7.04248 6.69736 6.67272 6.43192 5.93432 5.93104 5.71081 4.85389 4.8183 4.49611 4.41395 4.2946 3.10219 11.0858 7.77619 5.55724 3.30435 2.84286 2.49375 2.40461 2.39027 2.22331 2.28073 2.0554 1.91581 1.83262 1.82625 1.81238 1.70918 1.69649 1.67713 1.60327 1.49633 1.41635 1.23063 1.04237 1.04022 0.86005 0.853624 0.818577 0.743125 0.730611 0.656712 0.626694 0.61345 0.51117 0.456851 0.448336 0.439162 0.776793 0.346828 0.306339 0.281992 0.256517 0.279632 0.22014 0.186212 0.185379 0.172797 0.0814602 0.0032593
threshold=0.73065117001533519 -1.1392327547073362 0.16489368677139285 -0.10666989907622336 -0.75407394766807545 1.0197294950485232 0.21991638094186786 0.5500524938106538 -0.21316542476415631 1.1845883131027224 1.2143183350563052 1.6269885301589968 1.5604287981987002 -0.35959677398204798 -0.42615647614002222 -1.4077746868133543 -1.5916000008583067 1.6003646254539492 0.44000713527202612 -1.7032153010368345 -1.6481926441192625 -1.6069256067275999 -1.5106359124183653 -1.4693688750267027 1.102054297924042 1.0195202827453616 1.4539332389831545 1.0057646036148074 -0.95604565739631642 -0.31966094672679896 0.027336971834301952 -0.67820259928703297 0.12362667545676233 -1.3318121433258054 -0.070860028266906724 -1.249278128147125 1.3740616440773012 1.0000000180025095e-35 0.46751846373081213 -1.0320318043231962 0.23626267164945605 -1.1667441129684446 0.75816252827644359 -0.90169563889503468 -1.2740830183029173 0.55665695667266857 -1.1117213964462278 1.4273093938827517 -0.60545364022254933 -1.172612130641937 1.5338048934936526 0.3162060827016831 0.27493907511234289 0.24742772430181506 -0.24600152671337125 0.41249577701091772 -0.10012559592723845 -0.23978930711746213 -0.040110195055603974 0.7031398117542268 1.2941899895668032 1.9971251487731936 1.6802362799644472 1.9201549887657168 0.32287797331810003 0.32287797331810003 0.17130158096551898 -0.080046016722917543 -1.2745789289474485 0.25791636854410177 -1.1438745856285093 -1.0291873812675474 0.25791636854410177 0.30122427642345434 -1.5519028902053831 -0.50411303341388691 0.05484831519424916 0.79551240801811229 0.21460897475481036 0.19295527786016467 1.2358296513557436 0.71457675099372875 1.3901869058609011 0.80919095873832714 -0.95604565739631642 -0.14660571515560147 0.30122427642345434 -0.90538632869720448 -0.93289768695831288 -0.019971305504441258 -0.51999363303184498 0.30122427642345434 -0.75087112188339222 0.32287797331810003 1.0000000180025095e-35 -0.16768633574247357 0.23626267164945605 0.18913268297910693 -0.40346042811870569 -0.70907405018806446
decision_type=2 2 2 2 2 2 2 2 2 2 2 2 2 2 2 2 2 2 2 2 2 2 2 2 2 2 2 2 2 2 2 2 2 2 2 2 2 2 2 2 2 2 2 2 2 2 2 2 2 2 2 2 2 2 2 2 2 2 2 2 2 2 2 2 2 2 2 2 2 2 2 2 2 2 2 2 2 2 2 2 2 2 2 2 2 2 2 2 2 2 2 2 2 2 2 2 2 2 2 2
left_child=1 16 3 4 31 9 28 18 13 24 -11 12 26 14 15 48 33 -14 51 -18 56 -22 39 49 25 -2 27 42 -4 -15 58 43 76 73 -17 44 45 40 -20 74 -27 -37 -7 66 -25 -12 -33 72 -6 -24 -28 52 53 -8 89 86 -21 94 67 69 77 91 -13 -26 -54 81 87 -5 -45 78 -10 -48 -29 -1 90 -68 -32 97 82 -35 -71 -16 -9 -40 -70 95 -56 88 -3 -53 -23 -62 93 -82 -31 -72 -60 -47 -77 -34
right_child=5 2 6 30 8 11 7 59 70 10 36 62 17 29 65 34 19 -19 38 20 21 22 23 35 63 37 50 47 -30 57 32 46 99 79 -36 41 -38 -39 83 -41 -42 -43 -44 68 -46 60 71 -49 -50 -51 -52 54 64 -55 55 -57 -58 -59 96 -61 61 -63 -64 -65 -66 -67 75 -69 84 80 85 -73 -74 -75 -76 98 -78 -79 -80 -81 92 -83 -84 -85 -86 -87 -88 -89 -90 -91 -92 -93 -94 -95 -96 -97 -98 -99 -100 -101
leaf_value=-0.036621178766091667 0.044813702317575616 0.015165029190956875 -0.12172877335030099 0.030319222175287753 -0.00051094218117934259 0.029303961352638481 -0.037614563893188131 -0.014993184523579353 0.019346545865902537 -0.056660267968590444 -0.0132718675338277 0.065201064974069606 -0.026259993221192886 -0.062607393315039492 0.031374149769544606 -0.048485847395368979 -0.079892344127098724 0.032207563725699273 -0.073592980883338238 -0.021557166994093581 -0.075837140613132056 -0.0089280720781210032 -0.10272415904771715 -0.022712945697551296 0.037999889714752932 0.010728770753749731 0.066661973663096161 0.023228952214121818 -0.075721011855709022 -0.032162475768934218 0.050777442966188704 -0.0085430236330086545 0.02923881815269936 -0.0044786443138591847 -0.014400543876719185 -0.05281958943676382 0.026549603031290805 0.024891992104018018 -0.056170002281665798 -0.039818650909832554 -0.016287000796486005 -0.031993283356650401 0.048924227238223122 0.018299552975449621 -0.045165069401264191 0.0028419209137365859 0.014472887115235526 0.035993641082729615 -0.01122333121905341 -0.072586329681117362 0.047073269009590149 -0.020025919054945312 -0.05740007641838818 -0.010984929965744759 -0.041736594914344324 -0.021726043567290174 -0.004898821232915399 -0.023739336772788583 0.025669286182013959 0.0017384450694184778 0.019710439798377812 0.0020326318623985918 0.079403460248608462 0.052421671511861036 -0.039643912302686816 0.013677802824870099 0.027827484621243043 0.043791733172875422 0.033081668546354331 -0.012248354773150713 0.0084672602995230668 0.003438750807933199 0.010266547787772574 -0.024849451850263441 -0.021028628815775333 0.021193241085423982 0.06270883188402053 -0.0020275095856543317 -0.019431621551592934 -0.011544973855061827 -0.008735427080208193 0.021632080420851709 -0.00652186856098959 -0.045709237550932265 0.024911262285119543 0.0060653613799562063 -0.031501057673068274 0.017997898100718356 0.0070934230372374663 -0.013222955750232494 -0.015531822541876265 0.01289993981786427 -0.0012015071520138356 -0.0029847820787582292 -0.039362393135116219 0.013503438325768167 0.031740986972542136 0.0071421569606172856 0.016582694779208398 0.036246050545509827
leaf_weight=74 71 132 45 52 196 52 54 47 51 51 40 99 77 82 48 229 59 55 54 46 80 42 41 118 50 43 158 44 66 56 55 54 42 76 40 167 67 41 49 41 47 58 456 40 41 40 65 55 195 40 49 44 40 57 56 56 58 55 81 52 41 41 106 101 46 42 54 78 107 40 40 59 45 48 68 42 138 58 46 76 45 49 45 125 47 74 41 88 42 53 40 41 41 42 104 54 58 63 63 46
leaf_count=74 71 132 45 52 196 52 54 47 51 51 40 99 77 82 48 229 59 55 54 46 80 42 41 118 50 43 158 44 66 56 55 54 42 76 40 167 67 41 49 41 47 58 456 40 41 40 65 55 195 40 49 44 40 57 56 56 58 55 81 52 41 41 106 101 46 42 54 78 107 40 40 59 45 48 68 42 138 58 46 76 45 49 45 125 47 74 41 88 42 53 40 41 41 42 104 54 58 63 63 46
internal_value=-0.000122923 -0.0135645 -0.00611745 0.00617732 -0.00338524 0.033454 -0.0346639 -0.0280632 -0.0157879 0.0144111 0.000505401 0.0460896 0.0404768 -0.0212649 -0.0135444 -0.0212445 -0.0376765 -0.00183952 -0.0386001 -0.0433713 -0.0407142 -0.0446925 -0.0407848 -0.0486084 0.0317722 0.0195189 0.046974 0.0420286 -0.0952931 -0.0419199 0.0427676 0.0171756 0.0514925 -0.0189019 -0.0434895 -0.0398989 0.00808731 0.00557389 -0.0550894 -0.0215837 -0.00340341 -0.0476163 0.0469774 0.0210158 -0.0287486 0.00419955 0.00386407 0.024367 -0.00586844 -0.088908 0.0622736 -0.0300853 -0.0349626 -0.0241601 -0.026118 -0.0320806 -0.0124021 -0.0337765 0.0334965 -0.00814387 0.00669825 0.0117339 0.0728945 0.0479277 -0.0484674 0.0229077 0.0175993 0.0386753 0.0283018 -0.00982341 0.0115944 0.00929228 0.0168618 -0.0322294 -0.0163688 0.0218945 0.059588 0.00280243 -0.0139062 -0.00806417 -0.00640723 0.0267239 -0.0109643 -0.0489592 0.0307649 0.00914053 -0.0377758 0.0149193 0.0132684 -0.0164817 -0.0122977 0.0165016 -0.00450107 -0.00602472 -0.0370578 0.0114721 0.0284114 0.00551555 0.0186095 0.0332678
internal_weight=6966 4975 3802 2658 2108 1991 1144 1033 1315 795 442 1196 991 1096 799 660 1173 132 675 899 840 736 656 465 353 202 859 652 111 297 550 793 281 274 269 384 391 131 228 191 90 225 508 615 159 324 178 144 391 81 207 447 197 111 250 153 104 215 269 358 284 123 205 151 86 139 421 130 194 306 219 124 89 122 150 159 193 161 138 152 168 97 92 174 154 168 97 262 174 97 82 82 128 87 160 94 139 103 105 88
internal_count=6966 4975 3802 2658 2108 1991 1144 1033 1315 795 442 1196 991 1096 799 660 1173 132 675 899 840 736 656 465 353 202 859 652 111 297 550 793 281 274 269 384 391 131 228 191 90 225 508 615 159 324 178 144 391 81 207 447 197 111 250 153 104 215 269 358 284 123 205 151 86 139 421 130 194 306 219 124 89 122 150 159 193 161 138 152 168 97 92 174 154 168 97 262 174 97 82 82 128 87 160 94 139 103 105 88
is_linear=0
shrinkage=0.05


end of trees

feature_importances:
Column_9=213
Column_0=30
Column_5=25
Column_2=24
Column_3=19
Column_4=19
Column_6=18
Column_8=13
Column_7=12
Column_1=11

parameters:
[boosting: gbdt]
[objective: regression]
[metric: l2]
[tree_learner: serial]
[device_type: cpu]
[data_sample_strategy: bagging]
[data: ]
[valid: ]
[num_iterations: 600]
[learning_rate: 0.05]
[num_leaves: 256]
[num_threads: 16]
[seed: 2023]
[deterministic: 0]
[force_col_wise: 0]
[force_row_wise: 0]
[histogram_pool_size: -1]
[max_depth: 10]
[min_data_in_leaf: 40]
[min_sum_hessian_in_leaf: 0.001]
[bagging_fraction: 0.9]
[pos_bagging_fraction: 1]
[neg_bagging_fraction: 1]
[bagging_freq: 1]
[bagging_seed: 26561]
[bagging_by_query: 0]
[feature_fraction: 0.8]
[feature_fraction_bynode: 1]
[feature_fraction_seed: 22040]
[extra_trees: 0]
[extra_seed: 25715]
[early_stopping_round: 0]
[early_stopping_min_delta: 0]
[first_metric_only: 0]
[max_delta_step: 0]
[lambda_l1: 0]
[lambda_l2: 1]
[linear_lambda: 0]
[min_gain_to_split: 0]
[drop_rate: 0.1]
[max_drop: 50]
[skip_drop: 0.5]
[xgboost_dart_mode: 0]
[uniform_drop: 0]
[drop_seed: 17353]
[top_rate: 0.2]
[other_rate: 0.1]
[min_data_per_group: 100]
[max_cat_threshold: 32]
[cat_l2: 10]
[cat_smooth: 10]
[max_cat_to_onehot: 4]
[top_k: 20]
[monotone_constraints: ]
[monotone_constraints_method: basic]
[monotone_penalty: 0]
[feature_contri: ]
[forcedsplits_filename: ]
[refit_decay_rate: 0.9]
[cegb_tradeoff: 1]
[cegb_penalty_split: 0]
[cegb_penalty_feature_lazy: ]
[cegb_penalty_feature_coupled: ]
[path_smooth: 0]
[interaction_constraints: ]
[verbosity: 1]
[saved_feature_importance_type: 0]
[use_quantized_grad: 0]
[num_grad_quant_bins: 4]
[quant_train_renew_leaf: 0]
[stochastic_rounding: 1]
[linear_tree: 0]
[max_bin: 255]
[max_bin_by_feature: ]
[min_data_in_bin: 3]
[bin_construct_sample_cnt: 200000]
[data_random_seed: 6644]
[is_enable_sparse: 1]
[enable_bundle: 1]
[use_missing: 1]
[zero_as_missing: 0]
[feature_pre_filter: 1]
[pre_partition: 0]
[two_round: 0]
[header: 0]
[label_column: ]
[weight_column: ]
[group_column: ]
[ignore_column: ]
[categorical_feature: ]
[forcedbins_filename: ]
[precise_float_parser: 0]
[parser_config_file: ]
[objective_seed: 2023]
[num_class: 1]
[is_unbalance: 0]
[scale_pos_weight: 1]
[sigmoid: 1]
[boost_from_average: 1]
[reg_sqrt: 0]
[alpha: 0.9]
[fair_c: 1]
[poisson_max_delta_step: 0.7]
[tweedie_variance_power: 1.5]
[lambdarank_truncation_level: 30]
[lambdarank_norm: 1]
[label_gain: ]
[lambdarank_position_bias_regularization: 0]
[eval_at: ]
[multi_error_top_k: 1]
[auc_mu_weights: ]
[num_machines: 1]
[local_listen_port: 12400]
[time_out: 120]
[machine_list_filename: ]
[machines: ]
[gpu_platform_id: -1]
[gpu_device_id: -1]
[gpu_use_dp: 0]
[num_gpu: 1]

end of parameters

pandas_categorical:null
