tree
version=v4
num_class=1
num_tree_per_iteration=1
label_index=0
max_feature_idx=9
objective=regression
feature_names=Column_0 Column_1 Column_2 Column_3 Column_4 Column_5 Column_6 Column_7 Column_8 Column_9
feature_infos=[-4.9281487464904785:0.63685661554336548] [-2.6146364212036133:3.7100627422332764] [-5.1990861892700195:1.272971510887146] [-2.2269694805145264:2.5527749061584473] [-5.5711894035339355:1.3641557693481445] [-1.9902403354644775:2.1465384960174561] [-1.982926607131958:1.6860036849975586] [-2.3018357753753662:1.4582350254058838] [-2.4405524730682373:1.9915002584457397] [-1.7305047512054443:1.7332621812820435]
tree_sizes=9225 9058 9655 8468 10274 8722 9428 8722 9522

Tree=0
num_leaves=106
num_cat=0
split_feature=9 9 9 9 8 9 9 1 9 9 9 9 3 9 9 9 4 0 9 9 3 9 9 9 9 9 9 9 1 9 9 9 6 6 6 9 9 9 9 6 5 9 9 5 9 9 6 4 9 3 9 8 9 9 6 9 6 9 3 9 9 0 8 5 9 9 9 9 3 6 9 4 9 9 0 0 9 9 9 9 6 0 9 3 9 9 3 6 9 3 9 5 5 9 3 6 9 9 9 9 4 9 9 8 9
split_gain=1413.2 714.006 883.194 357.232 257.426 223.802 219.49 193.266 125.334 202.302 91.3397 127.608 90.4032 95.3065 79.0113 88.209 65.4845 63.798 60.6524 82.4421 46.9068 43.906 55.9772 50.3201 43.2501 44.2232 42.6043 67.9073 37.1657 33.1516 30.6905 41.3429 26.6332 20.8186 20.2765 18.6406 18.0528 17.8633 15.8969 14.3434 13.7723 13.4757 13.3448 11.2556 10.2602 8.41903 8.15779 7.94443 7.44296 7.41084 7.11639 10.5786 6.66598 6.11576 6.32284 5.19608 5.16023 5.14912 5.06652 4.78186 4.75207 4.46617 3.84678 3.58135 3.54402 4.97824 4.89081 4.23065 3.40975 2.65467 2.61948 2.07723 1.70467 1.42114 1.40775 1.36934 1.12837 1.30344 1.05865 0.940949 0.896596 0.892464 1.6833 0.838457 0.811389 0.783403 0.749606 0.646925 0.615337 0.538595 0.513016 0.390207 0.339781 0.267722 0.261239 0.229903 0.224478 0.155849 0.109765 0.0859866 0.0752901 0.0528315 0.0278006 0.0104114 0.00929814
threshold=0.82694086432456981 0.26118339598178869 -1.0429430603981016 -0.01348631316795945 0.40732413530349737 0.3024504035711289 -0.67153990268707264 1.0000000180025095e-35 -1.6757040023803709 -1.6344369649887083 -1.373079180717468 -1.4143462181091306 2.0607353448867802 1.5338048934936526 1.2675660848617556 1.3075019121170046 -0.13390543684363362 0.30122427642345434 1.102054297924042 0.90947490930557262 -1.0320318043231962 -0.35959677398204798 -0.27972511947154993 -0.13329377770423886 -0.63027289509773243 -0.41284452378749842 0.63436147570610057 0.52254116535186779 1.2065384984016421 0.21991638094186786 -1.1667441129684446 -1.249278128147125 -0.39720386266708368 0.10028097406029703 0.038097223732620485 -0.23978930711746213 0.5500524938106538 1.6802362799644472 1.4539332389831545 1.2196152210235598 0.98885804414749157 -0.33297289907932276 -0.58900588750839222 0.24794243276119235 -1.0704543590545652 0.7994295358657838 -1.6409085988998411 1.1456176638603213 0.97825327515602123 0.79551240801811229 -0.50647184252738942 -0.54726958274841297 -1.7032153010368345 0.44000713527202612 0.53557908535003673 0.027336971834301952 -1.6409085988998411 -1.4968802332878111 -0.75087112188339222 0.67562848329544078 1.3873735666275027 0.30122427642345434 -1.5155026316642759 -0.86343130469322193 -1.0154317021369932 -0.94665333628654469 -0.90538632869720448 -0.71280694007873524 0.79551240801811229 1.4683561325073244 -0.78158527612686146 0.87606266140937816 1.0745429992675783 1.6403004527091982 0.19295527786016467 0.14964788407087329 0.7719181776046754 0.74440684914588939 0.85445222258567821 -0.42615647614002222 1.0000000180025095e-35 0.34453167021274572 0.10987100377678873 -0.61029079556465138 0.46751846373081213 0.93698623776435863 0.93609276413917553 -1.0190532207489011 1.2808780670166018 -0.32913015782833094 -0.54773887991905201 -0.67820259928703297 0.46404260396957403 1.3607497215270998 -0.89145144820213307 -1.1434266567230222 -1.125477075576782 1.4938690662384035 0.13738234341144565 0.05484831519424916 -0.57167378067970265 0.7031398117542268 1.0332759618759157 1.1209968924522402 -1.304300785064697
decision_type=2 2 2 2 2 2 2 2 2 2 2 2 2 2 2 2 2 2 2 2 2 2 2 2 2 2 2 2 2 2 2 2 2 2 2 2 2 2 2 2 2 2 2 2 2 2 2 2 2 2 2 2 2 2 2 2 2 2 2 2 2 2 2 2 2 2 2 2 2 2 2 2 2 2 2 2 2 2 2 2 2 2 2 2 2 2 2 2 2 2 2 2 2 2 2 2 2 2 2 2 2 2 2 2 2
left_child=1 2 8 6 14 -3 64 17 52 61 11 16 13 18 47 49 56 24 19 78 -18 50 41 103 -8 42 27 33 -15 34 31 83 63 91 55 -27 -29 40 39 -20 -14 -23 -26 58 87 59 -22 -2 85 -16 90 -52 -1 92 84 -5 -11 -58 -35 94 86 -10 -13 -19 -4 -66 75 70 -31 97 -68 -41 102 -30 -38 -67 77 101 -6 -65 -25 82 99 104 -55 -21 93 -32 -73 -33 -9 -7 -45 -17 -28 -91 -89 -40 -36 -57 -69 -61 -50 -24 -12
right_child=4 5 3 29 12 26 7 21 9 10 30 62 37 28 15 60 20 32 38 48 46 22 23 80 25 35 45 36 73 68 44 89 -34 43 98 -37 74 -39 69 71 -42 -43 -44 53 -46 -47 -48 -49 72 -51 51 -53 -54 54 -56 81 57 -59 -60 76 -62 -63 -64 79 65 66 67 100 -70 -71 -72 88 -74 -75 -76 -77 -78 -79 -80 -81 -82 -83 -84 -85 -86 -87 -88 96 -90 95 -92 -93 -94 -95 -96 -97 -98 -99 -100 -101 -102 -103 -104 -105 -106
leaf_value=0.028037481296714833 0.038748948878975363 -0.12627135826475269 0.012573330225100477 0.057313569912231396 0.019147864152914567 -0.011749540408582677 -0.077447155111244226 -0.012783231852222085 -0.1293158991314704 -0.0082525256958841057 -0.025525284385628299 -0.089042179818816611 0.019332158443821159 0.042855908048542821 -0.070928625436059642 0.0065631910376200142 -0.091491127822754453 -0.0041900379972298228 0.037035792550148709 0.049241667993772061 -0.021216317244206313 0.020267284466170921 -0.025760075616818732 0.015283893375078274 -0.023939716748866968 -0.061130795316184601 -0.017505572706027643 -0.098154181199071669 0.089774315482121544 0.0085559611678798966 -0.034111253765300546 0.0027551702293769267 -0.03132488415023961 -0.068450248017564413 0.059430501265527944 -0.029827079877330579 -0.073989734739195498 0.040917118725133088 0.039325461271046365 0.017649792849783741 -0.01338085962089056 0.051925309450178661 0.0088011382830371233 -0.030364172998820126 -0.016024737640292035 -0.010648016565563276 -0.050684256409698043 0.013541562028926755 0.071762853753418523 -0.038500632473577143 0.016121079730478782 -0.01730741942370961 0.0033509758244635803 -0.041869489530597909 -0.026473173991997598 0.044207626455661585 -0.040406714016354435 -0.022077194812576185 -0.04439807968130606 -0.031745713648672721 0.019381415789450428 -0.096697930395260451 -0.11988945601788221 0.019123354565162745 0.034588577953761301 0.0064258680730375746 0.024792906351091607 0.01343020400321443 0.028818211740931281 0.052689104946229436 0.033735602037415498 0.0087745885380469662 0.061257050372242626 0.073701185952102025 -0.058915678666827939 0.018985876173748459 -0.042815231941598891 -0.025515848820310143 0.02857157467536111 0.0081247853551443799 0.02191806761342982 0.033513221406549519 0.0518069923656291 -0.032850049843250795 -0.054028568619470758 0.062228473691346396 -0.0031985123580486646 -0.037822136668738529 0.00010915755372884735 0.011519398904590463 -0.019220817300724842 -0.019269872552888475 -0.022255841501911837 0.0013974402734111646 -0.024561628699998356 0.0062863747404978097 -0.046109277686189512 0.031829224637276603 0.071241413973459927 0.03649953945441118 0.017816952724736147 -0.038058949354295685 0.082827706927981262 -0.020950609976025197 -0.021795903103349466
leaf_weight=54 121 84 55 83 57 44 68 93 40 48 140 42 73 65 40 56 78 41 74 50 40 52 56 141 73 116 46 54 188 40 53 65 66 55 49 86 44 47 70 47 56 105 53 45 54 57 65 44 110 40 55 40 55 51 46 45 52 169 53 58 51 48 43 41 143 44 249 46 45 41 144 40 48 54 123 45 52 57 101 41 98 48 58 48 70 79 49 56 41 42 59 40 47 46 40 52 91 52 116 83 42 86 86 45 64
leaf_count=54 121 84 55 83 57 44 68 93 40 48 140 42 73 65 40 56 78 41 74 50 40 52 56 141 73 116 46 54 188 40 53 65 66 55 49 86 44 47 70 47 56 105 53 45 54 57 65 44 110 40 55 40 55 51 46 45 52 169 53 58 51 48 43 41 143 44 249 46 45 41 144 40 48 54 123 45 52 57 101 41 98 48 58 48 70 79 49 56 41 42 59 40 47 46 40 52 91 52 116 83 42 86 86 45 64
internal_value=-8.32096e-05 -0.0133386 -0.00348302 0.01341 0.0377604 -0.0480652 0.0038807 -0.00841574 -0.0356375 -0.0399863 -0.0345654 -0.0498993 0.0484423 0.0533376 0.00477201 -0.0113035 -0.0391653 -0.0298937 0.0450045 0.0558041 -0.0621892 0.00848958 0.017041 0.00559578 -0.041278 -0.0335669 -0.0418018 -0.0494882 0.0774331 0.0485842 -0.0221266 -0.0136288 -0.00594902 -0.0382124 0.0536634 -0.048016 -0.0722232 0.0148695 0.0291837 0.0196514 0.0051375 0.0416345 -0.0102069 -0.0433511 -0.0357697 -0.0286665 -0.0397644 0.0321491 0.0686174 -0.0553901 -0.00871647 0.0020123 0.0157247 -0.0373942 -0.0431992 0.0459517 -0.0233298 -0.0265526 -0.0571624 -0.0316559 0.00634336 -0.112811 -0.10586 0.00781007 0.0251426 0.0260932 0.023905 0.0259072 0.0194934 0.0408049 0.0281469 0.00939179 0.0741767 0.0865058 -0.063304 0.0129169 -0.0351702 -0.0329903 0.0253137 0.0137883 0.0180842 0.0416948 0.0436157 -0.0261875 -0.0492888 0.0576124 0.00184121 -0.0409946 0.00444326 0.00631476 -0.0153913 -0.0155152 -0.0265057 0.00426976 -0.021032 0.00872122 -0.0432291 0.0364151 0.0681131 0.0395311 0.0157006 -0.0357526 0.0770137 -0.0238436 -0.0244673
internal_weight=7041 5215 4063 2664 1826 1152 2097 1329 1399 1290 1202 537 1379 1203 447 282 452 585 896 531 183 744 497 340 396 328 1068 672 307 567 665 411 189 451 482 202 221 176 365 202 129 157 126 367 254 396 105 165 373 80 247 95 109 259 167 317 269 221 108 339 202 88 85 123 768 713 570 481 85 163 393 128 244 242 167 89 253 201 158 82 239 234 186 252 121 129 151 200 81 159 152 84 92 102 86 94 147 122 165 128 88 144 196 101 204
internal_count=7041 5215 4063 2664 1826 1152 2097 1329 1399 1290 1202 537 1379 1203 447 282 452 585 896 531 183 744 497 340 396 328 1068 672 307 567 665 411 189 451 482 202 221 176 365 202 129 157 126 367 254 396 105 165 373 80 247 95 109 259 167 317 269 221 108 339 202 88 85 123 768 713 570 481 85 163 393 128 244 242 167 89 253 201 158 82 239 234 186 252 121 129 151 200 81 159 152 84 92 102 86 94 147 122 165 128 88 144 196 101 204
is_linear=0
shrinkage=1


Tree=1
num_leaves=104
num_cat=0
split_feature=9 9 9 9 8 9 9 1 9 9 9 9 9 9 9 9 4 2 1 9 1 9 9 9 9 9 9 9 9 9 9 9 5 2 6 6 4 9 9 0 9 9 6 2 2 9 0 4 9 9 1 9 2 9 6 9 6 9 9 0 1 9 9 9 9 9 9 9 9 0 6 2 0 8 2 2 2 9 9 2 9 9 6 5 8 9 2 2 2 6 2 0 0 0 2 2 9 6 5 2 2 2 6
split_gain=1229.16 636.583 769.495 315.152 235.716 193.95 189.243 177.256 107.954 188.283 75.1738 114.197 68.0311 78.7633 52.65 77.9022 47.2397 46.2469 40.7387 40.3558 39.5319 38.6092 109.291 92.3578 86.2557 72.3677 32.0795 61.0191 30.0661 29.3461 36.1764 25.9458 22.538 19.5811 18.4841 17.6477 17.5382 16.8546 15.4344 14.1047 13.3417 12.4256 14.7979 10.0224 9.66719 9.6136 8.63761 7.94325 6.54198 6.39371 9.80663 6.77194 6.21858 6.21364 5.79183 5.61753 5.52852 6.94771 5.29905 4.5907 4.45939 5.78661 4.41708 3.8579 3.81346 2.9657 3.43689 2.9602 4.14731 2.41335 1.89979 1.76371 1.71332 1.59045 1.46437 1.65442 1.42488 1.38587 1.19508 1.10669 0.966795 0.695087 0.677196 0.648304 0.564293 0.547472 0.534789 0.521956 0.49511 0.487791 0.420686 0.360641 0.619427 0.360405 0.283855 0.249219 0.242042 0.177768 0.174465 0.037438 0.0291274 0.0033423 0.00126593
threshold=0.82694086432456981 0.26118339598178869 -1.0429430603981016 -0.01348631316795945 0.40732413530349737 0.3024504035711289 -0.67153990268707264 1.0000000180025095e-35 -1.6757040023803709 -1.6344369649887083 -1.373079180717468 -1.4143462181091306 1.2675660848617556 1.3075019121170046 -0.63027289509773243 -0.41284452378749842 -0.13390543684363362 0.56712579727172863 1.0000000180025095e-35 -0.50647184252738942 0.1524230241775513 1.5204929709434511 1.6403004527091982 1.6935482025146487 1.102054297924042 0.90947490930557262 0.63436147570610057 0.52254116535186779 0.21991638094186786 -1.1667441129684446 -1.249278128147125 -1.5243915915489195 -1.2338887453079221 0.21963211894035342 0.038097223732620485 0.038097223732620485 -0.73988714814186085 0.5500524938106538 -0.23978930711746213 0.25791636854410177 -0.13329377770423886 1.4539332389831545 1.2196152210235598 0.61056235432624828 -0.1712960675358772 -1.0704543590545652 0.23626267164945605 1.1456176638603213 0.93698623776435863 0.39874011278152471 1.2065384984016421 0.44000713527202612 -0.01926855510100722 0.7994295358657838 0.53557908535003673 1.5471168756484988 -1.6409085988998411 -1.5106359124183653 -1.7032153010368345 0.30122427642345434 0.94300961494445812 1.4139974117279055 1.3873735666275027 0.027336971834301952 0.67562848329544078 -0.71280694007873524 -1.0154317021369932 -0.96040901541709889 -0.78158527612686146 0.21460897475481036 1.2196152210235598 -0.12786052748560903 0.19295527786016467 0.98463061451911937 0.84946307539939891 -0.21473368257284162 0.78430870175361644 -0.89163067936897267 0.85445222258567821 -0.040987364016473286 0.10987100377678873 0.46751846373081213 -0.52157138288021077 -0.55471602082252491 0.12094683200120927 0.13738234341144565 0.45853486657142645 -0.51878973841667164 -0.23645249009132382 -1.0190532207489011 0.71915432810783397 0.10634049400687219 0.21460897475481036 0.36618536710739141 0.67571672797203075 0.56712579727172863 -1.125477075576782 0.84650379419326793 0.80362856388092052 0.43681606650352484 0.45853486657142645 0.19791434705257419 -0.21064370870590207
decision_type=2 2 2 2 2 2 2 2 2 2 2 2 2 2 2 2 2 2 2 2 2 2 2 2 2 2 2 2 2 2 2 2 2 2 2 2 2 2 2 2 2 2 2 2 2 2 2 2 2 2 2 2 2 2 2 2 2 2 2 2 2 2 2 2 2 2 2 2 2 2 2 2 2 2 2 2 2 2 2 2 2 2 2 2 2 2 2 2 2 2 2 2 2 2 2 2 2 2 2 2 2 2 2
left_child=1 2 8 6 12 17 65 14 58 52 11 16 47 43 -8 32 56 -3 31 88 39 24 55 59 25 78 27 34 35 30 91 -18 69 -13 -7 63 73 -29 46 40 -21 42 98 -14 -41 89 -17 90 -27 50 -36 -51 -10 64 81 -23 -11 -58 -1 -24 -44 -62 76 -5 99 66 -4 -68 77 -16 -50 -65 -39 -22 75 -66 93 -69 -6 -43 94 -53 -34 -38 -30 -37 87 -32 -9 -31 101 -12 -93 -15 -73 -90 -91 -77 -26 -28 -80 -2 -40
right_child=4 5 3 28 21 26 7 19 9 10 29 33 13 62 15 38 18 -19 -20 20 36 22 23 -25 41 48 53 37 84 45 86 -33 82 -35 49 85 83 72 102 44 -42 79 60 -45 -46 -47 -48 -49 70 51 -52 54 -54 -55 -56 -57 57 -59 -60 -61 61 -63 -64 71 74 -67 67 68 -70 -71 -72 80 -74 -75 -76 97 -78 -79 100 -81 -82 -83 -84 -85 -86 -87 -88 -89 95 96 -92 92 -94 -95 -96 -97 -98 -99 -100 -101 -102 -103 -104
leaf_value=0.025784910856573667 0.035901800016077554 -0.15766280520529974 0.012698647931472146 0.054314734437797642 0.01767387636528726 -0.0073133327656950521 -0.065903050064807761 -0.019378770196012089 -0.086452436872891017 -0.0073588063812577258 -0.018990433328720028 -0.12631844362107719 -0.033190258238010292 -0.0052204361954314073 -0.026860420945651678 -0.060870029155042152 -0.096066276729106906 -0.078550422573234982 -0.026984089581099782 -0.015754978282641229 0.031015862475725867 0.063283233344554907 -0.013991492262317074 0.069655147567391398 0.035756823939143444 0.046282396304841135 -0.018109998479485512 -0.094180061381596791 0.014227096065455538 -0.032619874611496923 0.0034986481104591276 -0.04405918506990103 0.010133824570789591 -0.072682229047868308 -0.060790049206269417 0.055894426524639135 0.014383189305663109 -0.070813679827584172 -0.024897978489215558 0.00058024762411150736 0.01548252900171539 0.042895070663312586 -0.0042788866424450173 -0.069982435427060938 0.033203935555436395 -0.015362129442949304 -0.033468498194473797 0.011968667943980181 0.063867221983600425 -0.022271036413662574 -0.033764213061248757 -0.039575792009180245 -0.12051220781662886 -0.01099906146374284 -0.023915786627266143 0.085830204998669418 -0.044493558825481505 -0.021452506886941666 0.0036573106323235802 0.0071381758130155508 0.024870096140408093 0.0030404038891634522 0.019008034471498462 0.029721076521608564 -0.029179842052981259 0.014616754388919585 0.033940203189849853 0.017255459334567298 0.031859682421659083 -0.010143473573559679 0.075095296198768285 0.041832584142684939 -0.055399349115548592 0.045140480579331871 -0.024201663227921184 -0.036452268205488789 0.0080238180292249352 0.024037358491803728 0.030513003932105171 0.031259569872930208 0.049468918504386117 -0.050938728589278004 0.017888994196740293 0.020755632499853773 0.023183136467229238 0.068596985004842279 0.002151971482597883 0.010924207892209764 -0.010229087084594336 -0.035869202443531582 0.041779869940222765 -0.03010374051942067 -0.023092242254727131 0.00076632888216647457 0.032991772682167762 -0.015676440974307617 -0.043965319568111054 -0.044956066788629047 0.027848874597640877 -0.023090454427207391 0.024676856876544234 0.028875784178574882 -0.029541952927391254
leaf_weight=53 40 41 54 78 56 51 79 41 41 50 42 40 40 42 48 90 63 40 75 133 41 51 44 79 50 50 42 51 43 49 40 43 86 40 75 49 124 44 64 47 45 40 53 40 43 56 49 50 218 84 70 54 50 48 44 183 41 177 55 59 55 67 48 44 79 80 109 138 141 42 111 84 123 85 43 78 58 220 44 102 57 64 47 74 43 111 62 62 66 55 40 65 137 60 42 42 92 42 43 40 52 44 76
leaf_count=53 40 41 54 78 56 51 79 41 41 50 42 40 40 42 48 90 63 40 75 133 41 51 44 79 50 50 42 51 43 49 40 43 86 40 75 49 124 44 64 47 45 40 53 40 43 56 49 50 218 84 70 54 50 48 44 183 41 177 55 59 55 67 48 44 79 80 109 138 141 42 111 84 123 85 43 78 58 220 44 102 57 64 47 74 43 111 62 62 66 55 40 65 137 60 42 42 92 42 43 40 52 44 76
internal_value=8.75799e-05 -0.0124645 -0.00316036 0.0128104 0.0353783 -0.0458949 0.00383366 -0.00750879 -0.033237 -0.037286 -0.0319212 -0.0459608 0.00451781 -0.0103911 -0.0281614 -0.0221028 -0.0360005 -0.120029 -0.0557013 0.00870058 0.0145517 0.0458739 0.0586441 0.0293502 0.0401721 0.0534706 -0.0399657 -0.0466082 0.0463688 -0.0206157 -0.012281 -0.075578 -5.36408e-05 -0.100729 -0.035789 0.0513938 0.0262748 -0.0682808 -0.0396632 0.000334031 -0.00781548 0.0228608 0.0164214 -0.0522232 0.0163607 -0.0340082 -0.0515186 0.0291129 0.0651526 -0.0394751 -0.0480637 -0.0342386 -0.106273 -0.0280871 -0.0402693 0.0812063 -0.0225375 -0.0259693 0.0146532 -0.00193583 0.00777507 0.0130038 0.00587113 0.0440259 -0.030577 0.0240251 0.0251383 0.0262205 0.0244697 -0.0192564 0.0678715 0.0402678 -0.0598579 0.0408248 -0.0337947 -0.0357361 0.00183648 0.0214785 0.024107 0.0348142 0.0426283 -0.046115 0.0129874 0.0168571 0.0189201 0.0650782 0.00586208 0.00807446 -0.014489 -0.0392307 0.0358749 -0.0244497 -0.0254856 -0.00172556 0.0391686 -0.0124719 -0.041199 -0.0397755 0.0324356 -0.0207884 0.0276387 0.0326045 -0.0276106
internal_weight=6935 5116 4003 2615 1819 1113 2064 1322 1388 1280 1189 529 462 288 581 502 449 81 181 741 592 1357 416 182 941 531 1032 660 551 660 408 106 223 80 442 465 324 218 279 268 178 410 268 80 90 252 139 174 379 391 145 246 91 372 162 234 268 218 108 103 175 122 208 305 324 742 662 608 499 90 329 227 167 126 242 199 160 358 152 142 183 118 133 198 86 160 164 102 149 196 124 244 202 102 126 108 147 120 93 82 96 84 140
internal_count=6935 5116 4003 2615 1819 1113 2064 1322 1388 1280 1189 529 462 288 581 502 449 81 181 741 592 1357 416 182 941 531 1032 660 551 660 408 106 223 80 442 465 324 218 279 268 178 410 268 80 90 252 139 174 379 391 145 246 91 372 162 234 268 218 108 103 175 122 208 305 324 742 662 608 499 90 329 227 167 126 242 199 160 358 152 142 183 118 133 198 86 160 164 102 149 196 124 244 202 102 126 108 147 120 93 82 96 84 140
is_linear=0
shrinkage=0.05


Tree=2
num_leaves=111
num_cat=0
split_feature=9 9 9 9 7 9 9 1 9 9 1 9 9 9 9 0 9 9 6 2 9 9 9 7 9 9 9 3 9 9 9 9 9 9 6 9 2 2 9 6 9 9 9 6 7 9 2 9 9 9 8 7 9 2 6 3 9 9 3 9 9 9 9 9 9 9 9 3 2 9 3 9 6 2 7 0 2 2 9 0 9 2 2 3 6 3 2 0 2 7 7 9 0 2 6 2 2 1 6 2 9 6 9 9 9 0 2 9 2 2
split_gain=1147.51 597.255 697.589 298.427 245.329 194.365 178.609 160.579 98.38 128.729 85.6263 70.3741 76.651 55.9138 72.01 51.6891 45.8598 105.564 44.6409 43.1376 41.3968 40.1254 44.3296 37.8756 37.8004 33.4875 57.3135 30.7103 26.0704 34.74 25.1728 24.3864 85.3241 24.1651 23.9025 21.6892 19.7648 18.2515 17.3732 17.0245 16.9218 16.2425 16.0198 15.3941 12.5716 10.6533 9.99529 8.49652 6.98166 6.54827 6.52223 14.7983 5.87442 5.78246 5.68211 4.5691 4.47533 4.30966 3.83153 3.29308 5.06922 3.02079 4.08027 4.04685 3.07792 2.81439 8.26298 2.67883 2.05012 2.03319 1.96114 1.83559 1.6703 1.65239 1.55017 1.41268 1.40699 1.43603 1.29969 1.20326 1.06451 1.01565 0.985058 0.975354 0.953722 0.917957 0.905118 0.940795 0.879132 0.867169 0.851873 0.7888 0.669037 0.650062 0.547735 0.415064 0.3515 0.349037 0.302895 0.298286 0.27401 0.25622 0.205178 0.143374 0.131882 0.119624 0.113854 0.0982852 0.0924037 0.0691873
threshold=0.82694086432456981 0.26118339598178869 -1.0429430603981016 -0.01348631316795945 0.6143074929714204 0.3024504035711289 -0.67153990268707264 1.0000000180025095e-35 -1.6894596219062803 -1.373079180717468 1.2065384984016421 -1.4143462181091306 -1.6206812858581541 1.102054297924042 0.90947490930557262 0.30122427642345434 1.2675660848617556 1.3075019121170046 -1.7652760744094846 0.56712579727172863 -0.63027289509773243 -0.35959677398204798 -0.27972511947154993 0.29679055511951452 -0.13329377770423886 0.63436147570610057 0.52254116535186779 1.4984139800071719 -1.1667441129684446 -1.249278128147125 1.4539332389831545 -1.5656585693359373 -1.5106359124183653 0.20616070926189425 -0.39720386266708368 1.6802362799644472 0.21963211894035342 0.17619657516479495 0.5500524938106538 0.038097223732620485 -0.25310124456882471 0.12362667545676233 1.1708326339721682 1.2196152210235598 -1.3075054287910459 -0.33297289907932276 0.58884355425834667 -1.0704543590545652 0.7994295358657838 0.97825327515602123 -0.18815998733043668 -1.2072371840476988 -1.4556132555007932 0.78430870175361644 0.34902189671993261 -0.46971046924591059 0.027336971834301952 0.67562848329544078 0.79551240801811229 1.5604287981987002 1.6403004527091982 -1.0154317021369932 -0.94665333628654469 -0.90538632869720448 -0.71280694007873524 1.3873735666275027 1.4139974117279055 0.092610801570117487 -1.365804076194763 -0.78158527612686146 -0.75087112188339222 1.0745429992675783 0.16246472299098971 0.48025263845920568 0.51403927803039562 0.19295527786016467 0.82774528861045849 -1.1920572519302366 0.44000713527202612 0.14964788407087329 0.39874011278152471 0.78430870175361644 0.045885797590017326 -0.61029079556465138 1.0000000180025095e-35 0.23319111764431003 0.71915432810783397 0.36618536710739141 0.84946307539939891 0.71457675099372875 0.14638768136501315 0.85445222258567821 0.49610756337642675 0.56712579727172863 -1.0190532207489011 -0.54050752520561207 0.32822409272193914 -1.4287564754486082 0.84650379419326793 0.54540804028511058 -0.54773887991905201 0.10028097406029703 -1.125477075576782 -1.304300785064697 1.2276302576065066 0.30122427642345434 0.089323412626981749 -1.3318121433258054 0.43681606650352484 0.17619657516479495
decision_type=2 2 2 2 2 2 2 2 2 2 2 2 2 2 2 2 2 2 2 2 2 2 2 2 2 2 2 2 2 2 2 2 2 2 2 2 2 2 2 2 2 2 2 2 2 2 2 2 2 2 2 2 2 2 2 2 2 2 2 2 2 2 2 2 2 2 2 2 2 2 2 2 2 2 2 2 2 2 2 2 2 2 2 2 2 2 2 2 2 2 2 2 2 2 2 2 2 2 2 2 2 2 2 2 2 2 2 2 2 2
left_child=1 2 8 6 16 19 61 15 92 11 13 12 18 14 91 20 42 46 -10 -3 -8 50 45 44 106 26 39 89 29 83 65 70 36 41 67 43 -33 -13 -28 -7 -25 56 -2 -29 -22 -23 -18 94 57 68 51 100 -34 -45 55 72 -5 108 -35 -12 -61 -4 -63 79 69 81 -67 -17 -16 -65 -14 97 -41 -56 -74 -40 77 -59 80 -64 -57 85 -20 103 -26 -19 87 105 104 -15 -69 -6 -1 95 -30 -31 -97 -51 -79 -47 -9 -43 -96 107 -44 -58 -24 -11 -27 -66
right_child=4 5 3 33 10 25 7 21 9 28 59 37 31 27 49 34 17 30 82 -21 23 22 24 40 84 48 38 35 47 93 -32 32 52 58 -36 -37 -38 -39 75 54 -42 101 88 53 -46 99 -48 -49 -50 71 -52 -53 -54 -55 73 78 86 76 -60 60 -62 62 63 64 109 66 -68 90 -70 -71 -72 -73 74 -75 -76 -77 -78 98 -80 -81 -82 -83 -84 -85 -86 -87 -88 -89 -90 -91 -92 -93 -94 -95 102 96 -98 -99 -100 -101 -102 -103 -104 -105 -106 -107 -108 -109 -110 -111
leaf_value=0.015867904410129641 0.0076427789375474557 -0.14991139147016738 0.011376193633865722 0.052101881269897732 0.017192457692097811 -0.0065115466853603726 -0.071161008258796718 -0.011727791808937725 -0.036336932983249429 -0.020920524764806034 0.057931769203464947 -0.11865855331827956 -0.0067062699392240925 0.041047420820524531 0.040007422101206898 -0.002787013731098601 -0.030034218688628506 0.0032939097221690015 -0.082579885459527741 -0.077443936435466126 -0.019436778638822337 0.019108920390890155 -0.017827692182948919 -0.058191084925123718 0.013214611104423447 -0.016239643905391087 -0.091203246333382351 0.027134102283976974 -0.030803644288055321 0.0030724507659991704 0.03636919999944753 -0.057650911610792666 -0.012673416501757774 0.011472441590926115 -0.029575096567471822 0.039282217773340518 -0.10372893533536368 -0.068904989196899094 -0.067089723745981864 -0.037792148671689486 -0.028993608305851622 0.055645391469200459 0.030000615943419309 -0.014512688918290911 0.012732711266321334 0.051157531911326992 -0.065708452869545339 -0.015016608903089824 -0.0095372225239611502 0.063124695526702065 -0.026946751942301578 0.015886168908327818 -0.030252507117322903 0.0084046330715698957 -0.021428627857277473 -0.036784791488919347 0.038494513049183124 -0.02481456200846217 0.030651439918261587 0.081248513148848428 0.061468262294196156 0.031367115339223484 0.0050426577611117039 0.022343524518102755 0.012180657364254775 0.025405557344442817 0.00034163814376701008 0.017972327514392577 0.056396147012710576 0.030311041120169819 -0.0207803995403949 0.054572202538957407 -0.061272445388815627 -0.034787700507713827 -0.044742585111547405 -0.052645242933569286 -0.023347192983298251 -0.033788573609612814 -0.042791605287907174 0.017045537282882089 -0.025377455248751426 0.0065398821952722735 -0.10492643763621648 -0.030295573494766123 0.019834350439047722 -0.0059362650935197185 0.028759046407734475 0.030584413830826926 0.042949389438239893 0.055640086487290408 0.0075844089712270293 0.025177821765343351 0.025916875794876455 0.00013981519954367762 -0.034203811298156604 0.012462380876143774 0.0058382601967233039 0.073954378479513624 -0.041459029547448428 0.040453481674194339 -0.016813704600700967 0.06607500728807951 -0.041746465749638056 -0.018787286940675517 0.036562271737333001 0.046777172581009246 -0.023332534515513825 -0.025680065837999186 -0.021367160514706659 0.0163174066449637
leaf_weight=40 70 44 59 83 58 49 72 94 49 79 52 40 64 42 40 41 41 51 40 46 89 53 43 96 139 46 54 49 53 40 86 67 109 46 65 58 41 46 44 41 110 71 75 73 45 61 43 58 56 83 40 59 87 43 61 56 82 43 65 156 66 136 42 258 42 57 76 40 99 137 41 48 43 48 53 115 47 106 50 43 54 61 53 52 105 55 40 40 48 41 43 113 42 41 57 44 42 115 52 43 51 94 92 64 57 45 51 59 41 45
leaf_count=40 70 44 59 83 58 49 72 94 49 79 52 40 64 42 40 41 41 51 40 46 89 53 43 96 139 46 54 49 53 40 86 67 109 46 65 58 41 46 44 41 110 71 75 73 45 61 43 58 56 83 40 59 87 43 61 56 82 43 65 156 66 136 42 258 42 57 76 40 99 137 41 48 43 48 53 115 47 106 50 43 54 61 53 52 105 55 40 40 48 41 43 113 42 41 57 44 42 115 52 43 51 94 92 64 57 45 51 59 41 45
internal_value=-7.64276e-05 -0.0120891 -0.00309422 0.011904 0.0336781 -0.0439047 0.00321904 -0.00777132 -0.0316647 -0.0349714 0.0481413 -0.0511192 -0.0444031 0.0403151 0.0497662 -0.0269429 0.0108231 0.00160438 -0.0760045 -0.114131 -0.0368552 0.00783551 0.0160048 -0.029403 0.0057663 -0.0378345 -0.0446563 0.0230363 -0.0198141 -0.0120796 0.0126829 -0.0332728 -0.0404366 0.0440956 -0.0052549 0.0132599 -0.0759347 -0.0931441 -0.0660844 -0.0345021 -0.0428156 0.0492106 0.0280789 0.00393114 -0.0086193 0.0378709 -0.0488542 -0.0322438 -0.0260957 0.0617491 -0.0087351 -0.00505016 -0.0205903 -0.00601825 -0.037856 -0.0415242 0.0417747 -0.0288271 0.0228768 0.0725265 0.0756699 0.0225308 0.0234494 0.0214984 0.0232801 0.00579453 0.0111927 0.0076282 0.0519994 0.0251765 -0.0123461 0.0670252 -0.0485461 -0.0275743 -0.0527019 -0.0570368 -0.0322298 -0.0341809 -0.0352476 0.0112423 -0.0314639 0.00145432 -0.0962958 -0.0236913 0.0161326 -0.00150605 0.0374033 0.0392902 0.0359402 0.0488324 0.012745 0.022585 0.0212652 0.00561723 -0.0370918 0.00738443 0.00933164 0.0697547 -0.0365579 0.0471592 -0.0136195 0.0619494 -0.0391083 -0.0218503 0.0330877 0.0417718 -0.0210285 -0.0231255 -0.0188714 0.0144815
internal_weight=7073 5217 4068 2668 1856 1149 2102 1340 1400 1318 1136 637 551 862 556 601 720 470 142 90 412 739 495 340 338 1059 668 306 681 421 386 409 304 566 189 223 108 86 213 455 206 455 250 165 134 157 84 260 391 385 244 204 196 116 406 297 290 335 111 274 222 762 703 567 482 300 133 124 139 395 105 246 137 109 96 159 248 201 160 85 110 167 93 254 244 106 207 167 180 83 83 171 82 167 202 126 86 198 158 104 145 165 149 202 132 127 94 138 87 87
internal_count=7073 5217 4068 2668 1856 1149 2102 1340 1400 1318 1136 637 551 862 556 601 720 470 142 90 412 739 495 340 338 1059 668 306 681 421 386 409 304 566 189 223 108 86 213 455 206 455 250 165 134 157 84 260 391 385 244 204 196 116 406 297 290 335 111 274 222 762 703 567 482 300 133 124 139 395 105 246 137 109 96 159 248 201 160 85 110 167 93 254 244 106 207 167 180 83 83 171 82 167 202 126 86 198 158 104 145 165 149 202 132 127 94 138 87 87
is_linear=0
shrinkage=0.05


Tree=3
num_leaves=97
num_cat=0
split_feature=9 9 9 9 7 9 9 1 9 9 3 9 9 9 9 9 4 4 3 9 9 9 9 9 9 9 0 9 9 9 8 5 3 9 9 9 9 9 9 9 9 5 5 9 0 9 9 5 4 9 5 8 7 5 9 9 9 9 9 5 9 4 9 9 7 9 9 9 9 9 9 9 9 9 9 1 3 9 0 0 9 8 9 3 5 0 3 3 0 0 9 5 9 9 9 9
split_gain=983.713 570.251 601.981 263.431 223.258 171.657 156.525 147.488 95.2365 138.544 78.7542 68.9139 67.8024 88.5794 51.6722 91.9378 46.8437 45.5796 40.0351 37.3478 44.5002 35.7983 32.4349 50.3793 26.1 30.2801 25.2688 24.6954 32.5801 23.9487 18.49 16.3039 15.9709 15.9351 14.5392 23.7049 12.8398 11.9787 10.5211 9.76867 8.02435 7.97633 13.0787 8.69348 7.83053 6.73233 6.3596 5.87556 16.2536 5.80673 5.45066 5.19178 14.58 5.18744 5.10534 4.54781 4.51809 4.23973 4.19919 4.13293 4.0652 3.49031 3.3875 3.27727 2.76409 2.33406 8.43456 2.19819 2.08115 2.0779 1.80077 4.00905 2.98047 2.20748 1.18986 1.29533 1.12753 1.09836 1.04977 0.839162 0.785382 0.747943 0.745374 0.646324 0.631993 0.375148 0.363503 0.357127 0.369947 0.356762 0.323824 0.20006 0.188335 0.131729 0.114454 0.0633554
threshold=0.82694086432456981 0.26118339598178869 -1.0429430603981016 -0.01348631316795945 0.56417387723922741 0.3024504035711289 -0.67153990268707264 1.0000000180025095e-35 -1.6757040023803709 -1.6344369649887083 1.9201549887657168 0.90947490930557262 -1.373079180717468 -1.4143462181091306 1.2675660848617556 1.3075019121170046 -1.0432220101356504 -0.13390543684363362 -1.0320318043231962 -0.35959677398204798 -0.27972511947154993 -0.13329377770423886 0.63436147570610057 0.52254116535186779 -1.1667441129684446 -1.249278128147125 0.21460897475481036 1.5338048934936526 1.102054297924042 0.21991638094186786 0.86189281940460216 1.8532593846321108 1.0000000180025095e-35 0.5500524938106538 1.1295656561851504 1.6802362799644472 1.4539332389831545 1.1845883131027224 -0.33297289907932276 0.10987100377678873 -1.0704543590545652 -0.3694873303174972 0.21707098931074145 0.3299617618322373 0.27957032620906835 0.7994295358657838 0.97825327515602123 -0.52384456992149342 -0.57167378067970265 0.041092643514275558 1.7297728657722475 -0.26998245716094965 -1.2740830183029173 -0.70907405018806446 1.4539332389831545 0.19240503013134005 0.44000713527202612 -1.7032153010368345 0.49502982199192053 -0.73994550108909596 -0.23978930711746213 -1.1438745856285093 -0.61651721596717823 0.67562848329544078 -1.3910624980926511 1.3873735666275027 1.4139974117279055 0.41249577701091772 -1.5106359124183653 -0.78158527612686146 -0.94665333628654469 -1.0154317021369932 -0.90538632869720448 -0.83660796284675587 0.7719181776046754 -0.63816359639167775 -0.61029079556465138 0.46751846373081213 0.19295527786016467 0.14964788407087329 0.88196355104446422 0.12094683200120927 0.93698623776435863 0.93609276413917553 -0.55471602082252491 0.27957032620906835 0.092610801570117487 -0.32913015782833094 0.21460897475481036 0.40949277579784399 -0.54773887991905201 -0.46210168302059168 -0.69905126094818104 0.85445222258567821 1.5071810483932497 -1.2905451655387876
decision_type=2 2 2 2 2 2 2 2 2 2 2 2 2 2 2 2 2 2 2 2 2 2 2 2 2 2 2 2 2 2 2 2 2 2 2 2 2 2 2 2 2 2 2 2 2 2 2 2 2 2 2 2 2 2 2 2 2 2 2 2 2 2 2 2 2 2 2 2 2 2 2 2 2 2 2 2 2 2 2 2 2 2 2 2 2 2 2 2 2 2 2 2 2 2 2 2
left_child=1 2 8 6 14 -3 64 16 57 -10 11 80 13 17 37 44 30 59 -19 51 38 91 23 41 25 76 32 28 46 39 61 -29 -18 -25 -12 50 65 -2 -21 49 86 43 -43 -7 -16 63 82 48 -28 -5 -36 52 90 -20 -30 -41 67 -1 77 -11 -49 -8 -34 -24 92 83 -67 -44 -61 70 71 -66 79 -74 75 -65 95 -58 -35 -72 93 -31 -13 89 -23 -39 -26 -27 -89 -17 -9 -22 -4 -6 -56 -14
right_child=4 5 3 29 10 22 7 19 9 12 34 27 24 -15 15 36 26 18 53 20 21 84 45 33 40 87 47 31 54 81 -32 -33 62 78 35 -37 -38 85 -40 55 -42 42 56 -45 -46 -47 -48 60 -50 -51 -52 -53 -54 -55 94 -57 58 -59 -60 68 -62 -63 -64 74 69 66 -68 -69 -70 -71 72 -73 73 -75 -76 -77 -78 -79 -80 -81 -82 -83 -84 -85 -86 -87 -88 88 -90 -91 -92 -93 -94 -95 -96 -97
leaf_value=0.023576444511612258 0.0054667745547538459 -0.11033842522910862 0.016201402313110035 0.048207244981418956 0.016193092620947907 -0.035526773410624476 -0.0052444237511514169 -0.011337583653790796 -0.098159998345684701 -0.0076795630984374183 0.040601428190492235 0.042276494179741816 -0.02097222773575938 -0.090992852784693254 -0.063959422636599775 0.0053887919995041804 -0.027385657699778677 -0.080019154136355686 -0.017815859759734435 0.018404112647597989 -0.022930974569981513 0.012824226824182368 -0.018403627869556658 -0.086313796461674211 -0.037174238899770458 0.0025170570113030931 1.3223598017992282e-05 0.074533284153660825 0.015694111397282946 0.012026046785864641 -0.027005804318093487 0.038375519459113119 -0.073754078357718716 -0.06356172230508593 0.0068251516135847748 0.036946422528279455 0.032059721789270079 0.041462475983869464 0.04548930582162497 0.058762004971504217 -0.014389773058231737 -0.057160749167635819 -0.032107320500583181 -0.0079727590878265198 -0.032574614778438468 -0.0087024977332667303 0.063992534709715207 -0.044022848631473301 -0.039339348796585745 0.032113343813049963 -0.014926283197477462 -0.02445187772874062 0.015037229465087877 -0.041608169174287474 0.032509411669383613 0.040763719628254577 -0.036001605120572176 0.0043520567938685421 -0.025584654218206805 -0.032766846326800686 -0.02387957815358888 0.012780980606374767 -0.05262042788184576 -0.019461817436275029 0.012345467389048058 0.024802034501252429 -0.0010569257100355137 -0.016214101741972724 -0.020267322589494999 0.028133161697689802 0.00528387513531502 0.029492612172373769 0.025666577575935257 0.015899918449891581 -0.037640675902366638 -0.030572097358249485 -0.029767152017236433 -0.048629216750462854 -0.050627422297564076 0.015303419758048324 0.026715922557701499 0.022110946830816387 0.053339198301820191 -0.0036363750677175671 0.018325579087047471 0.032943914627173436 -0.029293832326721815 0.0047443047366951679 0.010956957951051796 -0.00050368059381115731 -0.01658548035864103 -0.017016853254876639 0.010995948098992047 0.021076472195094093 0.040115953451738906 -0.016877545580960985
leaf_weight=59 43 85 40 109 56 57 40 91 76 55 52 58 153 79 41 70 55 77 43 56 45 125 79 56 155 69 65 231 44 43 61 40 42 44 67 56 52 41 110 166 60 68 40 58 46 56 225 46 43 141 49 40 63 55 58 59 54 56 59 47 66 78 73 41 48 55 72 56 156 145 42 138 143 110 57 146 43 59 126 44 58 40 84 48 114 107 44 65 40 40 58 56 56 56 51 42
leaf_count=59 43 85 40 109 56 57 40 91 76 55 52 58 153 79 41 70 55 77 43 56 45 125 79 56 155 69 65 231 44 43 61 40 42 44 67 56 52 41 110 166 60 68 40 58 46 56 225 46 43 141 49 40 63 55 58 59 54 56 59 47 66 78 73 41 48 55 72 56 156 145 42 138 143 110 57 146 43 59 126 44 58 40 84 48 114 107 44 65 40 40 58 56 56 56 51 42
internal_value=-2.7788e-05 -0.0111192 -0.00227087 0.0116496 0.0317931 -0.0423034 0.00350384 -0.00688447 -0.029118 -0.0330951 0.0444706 0.0506928 -0.0288358 -0.0425336 0.00733327 -0.00240614 -0.0261012 -0.033503 -0.053156 0.00755614 0.0153784 0.00498096 -0.0367279 -0.0433015 -0.0183361 -0.0104762 -0.0358005 0.0569014 0.0502894 0.0421425 -0.00488713 0.0693571 -0.0502862 -0.0625984 0.0176694 0.0105419 0.00945176 0.0288537 0.0365171 0.0464747 -0.0307507 -0.0335145 -0.037441 -0.0218185 -0.0479239 -0.0249026 0.058398 -0.0244302 -0.0158721 0.0392944 -0.002412 -0.00814919 -0.00497286 -0.0314541 0.0305865 0.0542437 -0.0322436 0.0143332 -0.0371845 -0.0200187 -0.0324691 0.00667795 -0.0609081 -0.0276758 0.0214858 0.00522912 0.0102481 -0.023099 -0.0233077 0.0226357 0.0210668 0.0251572 0.0187551 0.0214995 -0.0305904 -0.0282526 -0.0220302 -0.0429635 -0.0543273 0.0105271 0.021641 0.0170916 0.0491479 0.00115579 0.0155137 0.0355662 -0.035587 0.00536316 0.00719207 0.00326084 -0.0134773 -0.0198508 0.0133096 0.0187997 0.0364008 -0.0201809
internal_weight=6966 5166 4025 2651 1800 1141 2093 1327 1374 1259 1185 961 1183 512 615 424 569 433 175 758 506 340 1056 677 671 412 390 791 520 558 179 271 170 226 224 172 337 191 166 475 259 451 336 115 87 379 367 220 108 250 116 252 212 98 153 225 268 115 172 258 112 118 115 323 766 285 127 96 203 670 525 186 339 253 244 187 238 113 170 86 170 83 142 158 239 148 199 174 105 110 149 101 96 112 109 195
internal_count=6966 5166 4025 2651 1800 1141 2093 1327 1374 1259 1185 961 1183 512 615 424 569 433 175 758 506 340 1056 677 671 412 390 791 520 558 179 271 170 226 224 172 337 191 166 475 259 451 336 115 87 379 367 220 108 250 116 252 212 98 153 225 268 115 172 258 112 118 115 323 766 285 127 96 203 670 525 186 339 253 244 187 238 113 170 86 170 83 142 158 239 148 199 174 105 110 149 101 96 112 109 195
is_linear=0
shrinkage=0.05


Tree=4
num_leaves=118
num_cat=0
split_feature=6 5 8 4 8 1 8 6 1 0 8 3 3 1 1 5 6 5 3 1 1 4 6 6 1 1 1 1 6 4 4 4 1 4 1 1 4 3 1 3 3 3 4 6 6 4 2 4 3 6 6 0 4 6 1 6 6 0 2 4 5 4 6 3 5 3 3 5 4 5 4 0 5 3 5 4 6 2 2 6 0 2 2 6 2 0 5 4 8 1 4 1 0 6 2 3 4 6 4 3 4 1 2 2 0 3 4 6 0 5 5 0 2 0 8 4 3
split_gain=853.826 342.598 361.935 320.106 160.753 125.766 86.429 70.5442 62.9377 58.5681 64.9528 48.1898 63.0183 46.103 38.7514 41.4749 34.6718 28.7482 28.3552 25.4941 39.2159 22.7064 21.0672 21.0495 54.9682 29.7862 20.8841 20.5458 27.7977 19.1439 18.4209 16.3667 16.3655 37.3097 14.6707 14.4875 23.4095 14.243 13.8936 13.0996 12.6696 12.0114 11.6018 11.0291 17.7827 23.6546 10.7813 10.0448 9.96537 9.74495 9.34787 9.83901 15.1279 9.04039 8.12738 8.01687 7.88909 8.11422 7.78502 7.68413 7.51875 6.93596 6.66484 6.51314 6.3648 6.29821 6.04391 5.78921 5.57704 5.57635 4.8728 4.71735 3.65301 3.5343 3.39503 3.36047 3.73502 3.21635 3.20943 3.20253 3.19309 2.59239 2.53767 2.4565 2.41388 2.13726 2.10432 2.03631 1.87318 1.81262 1.71845 1.65863 1.24389 1.20788 1.09281 1.06797 1.02689 1.02619 1.00552 0.959715 0.858337 0.854347 0.835486 0.654351 0.585662 0.569683 0.508427 0.404975 0.359948 0.332156 0.323233 0.281927 0.760314 0.254911 0.223364 0.203088 0.197312
threshold=0.97087427973747265 -0.46210168302059168 0.15731298178434375 -0.16768633574247357 0.47096353769302374 0.1524230241775513 -1.3109450936317442 -0.95686948299407948 0.41595189273357397 0.43114647269248968 -0.019971305504441258 2.0607353448867802 1.0766730904579165 -1.4287564754486082 1.0000000180025095e-35 0.37142825126647955 1.2196152210235598 1.0814723968505862 -1.4537760615348814 1.2065384984016421 0.1524230241775513 -0.33589969575405115 0.038097223732620485 0.10028097406029703 1.0000000180025095e-35 -0.37463472038507456 -1.4287564754486082 -0.63816359639167775 -0.95686948299407948 0.2700809538364411 -0.50411303341388691 -0.57167378067970265 1.2065384984016421 1.0442760586738589 -0.90169563889503468 -1.4287564754486082 1.0780558586120608 1.6389943361282351 0.1524230241775513 -0.18854984268546102 -0.18854984268546102 0.3737714439630509 -0.032564855180680745 -0.27283042669296259 -1.2677941322326658 -0.33589969575405115 -0.1712960675358772 0.80919095873832714 0.3737714439630509 1.2818019390106203 -1.8274627923965452 0.06303309835493566 -0.47033214569091791 1.4061723947525027 -0.63816359639167775 -0.52157138288021077 -0.1484599597752094 0.23626267164945605 0.26306973397731787 0.034307916648685939 0.24794243276119235 1.1118367314338686 1.4683561325073244 0.79551240801811229 -0.70907405018806446 -0.75087112188339222 0.092610801570117487 0.58752840757370006 -0.40346042811870569 0.95798584818840038 0.33764275908470159 0.32287797331810003 1.1740867495536806 1.0000000180025095e-35 1.4519298076629641 0.23630111664533618 0.41120564937591558 -0.19301487505435941 0.56712579727172863 1.3439886569976809 0.30122427642345434 0.56712579727172863 0.19791434705257419 0.78432005643844616 0.61056235432624828 0.10634049400687219 -0.80168840289115895 -0.57167378067970265 -1.7427870035171507 1.7335962653160097 -0.13390543684363362 0.94300961494445812 0.21460897475481036 1.0000000180025095e-35 0.84946307539939891 -0.61029079556465138 0.80919095873832714 -0.77031230926513661 -0.47033214569091791 0.23319111764431003 0.068087762221694006 -0.37463472038507456 -1.1920572519302366 0.11104118451476098 0.1279941909015179 -0.89145144820213307 -0.63923451304435719 0.5977628529071809 0.19295527786016467 -0.61645966768264759 -1.1104029417037962 0.25791636854410177 0.69743552803993236 0.43114647269248968 0.80734631419181835 -0.36968058347702021 -0.89145144820213307
decision_type=2 2 2 2 2 2 2 2 2 2 2 2 2 2 2 2 2 2 2 2 2 2 2 2 2 2 2 2 2 2 2 2 2 2 2 2 2 2 2 2 2 2 2 2 2 2 2 2 2 2 2 2 2 2 2 2 2 2 2 2 2 2 2 2 2 2 2 2 2 2 2 2 2 2 2 2 2 2 2 2 2 2 2 2 2 2 2 2 2 2 2 2 2 2 2 2 2 2 2 2 2 2 2 2 2 2 2 2 2 2 2 2 2 2 2 2 2
left_child=1 2 3 6 16 55 21 50 13 10 23 12 18 -3 34 38 91 59 26 20 94 27 42 24 25 -5 -6 28 68 -25 -30 88 84 63 80 72 47 62 46 101 -23 -12 85 44 71 65 -16 -37 100 -39 -8 -52 106 -38 99 -4 57 -57 -27 67 -61 -13 -22 77 -26 -46 -48 -10 87 -63 -24 -36 113 92 -21 -62 -77 -34 -49 -65 98 107 -54 105 -18 -7 -72 -1 108 -79 114 -2 -56 -50 -14 -90 -83 -32 -15 102 109 -33 -9 -75 -101 -17 -53 -19 -29 -44 -104 112 -45 -20 -87 -106 -85
right_child=4 8 5 9 11 22 7 54 17 -11 41 61 19 14 15 83 32 81 35 74 37 40 70 29 64 58 -28 31 30 -31 97 39 33 -35 43 36 53 49 -40 -41 -42 -43 48 111 45 -47 66 78 93 -51 51 52 82 -55 73 56 -58 -59 -60 60 75 69 -64 79 -66 -67 -68 -69 -70 -71 86 -73 -74 103 -76 76 -78 89 -80 -81 -82 96 -84 116 -86 90 -88 -89 95 -91 -92 -93 -94 -95 -96 -97 -98 -99 -100 104 -102 -103 110 -105 115 -107 -108 -109 -110 -111 -112 -113 -114 -115 -116 -117 -118
leaf_value=-0.0016339499261230229 0.021354749668130859 0.018295530758019703 0.0077090324790671811 -0.04574225320480764 0.027897518187761306 0.024751669769397095 0.013853107693351128 0.017348486946393099 -0.0058257998671473535 0.0024522736047705015 -0.030405340175899978 0.028730938762712939 0.066203966199374589 -0.018930084227168985 -0.023866688786074522 -0.036660023579994837 0.0094960914515867471 -0.043640754260915397 0.047194063384085896 0.051810781590640544 0.027818116513283361 -0.057149429216461128 0.03392899844050408 -0.049365230740570448 -0.013808601329128579 -0.068373437191164774 -0.018287643506967776 -0.018653009346751279 -0.014655034463852646 -0.095438447357641898 0.014555302252802922 -0.024860432763243952 -0.0032030568437443844 -0.03994517976633058 -0.032678435722898157 0.031536881525961451 0.032296168487122717 0.028699533448421528 0.027138501617546176 -0.051778194659723435 -0.019851745756448443 0.0040477490698804658 0.012755705163163959 -0.032088043999213438 -0.023852263801560112 -0.08092182123142741 -0.0063718341067433362 0.015342843924698077 0.025963408339482089 -0.0035331820410381002 -0.028460054651077371 0.0066736685767493868 -0.019110937040668352 0.065830961650326134 -0.004279591206512931 -0.035386643923993689 0.0014523923938530824 -0.0071016562197738419 -0.10178763057504381 -0.05117735166690851 -0.020606521324000579 0.020232587386651534 0.055456041252496195 -0.017753967841466267 -0.03756286241286607 -0.045407728475954715 0.018366100654310113 -0.032285278510640968 -0.027683539852611169 -0.0020890812826110049 0.04188970799247424 -0.0085522989964201337 0.036858042020623281 0.018888510841537608 0.069817661250811167 -0.043265459696451826 -0.023214260111676484 0.019159780489280822 -0.0018892915955243204 0.00070683678425848483 -0.0074677427508393112 -0.056408333226486487 -0.0089096610117444987 -0.018369078109645397 0.026834131320091811 0.031881749367012699 0.058610222245517533 -0.014922038193801944 -0.0098296809881444902 0.006806781379889478 0.046753650680184368 0.032896952132383986 0.007356190712357118 0.036694857850670816 0.051863919740373444 0.00010231166925965524 -0.073218135748590749 0.02436110161591408 -0.029500548314129894 0.0128406525477767 0.008110455511767348 -0.014965868174201914 0.020161327492031787 0.011301812994015682 0.017396333427340895 -0.027180464741061717 0.014345909991278882 -0.054801707444209105 -0.012197978453527034 0.019079495447554759 0.026091198444136571 -0.022604653993984324 -0.022400495793451283 0.058386924603711005 0.038170792749433809 0.022339032640430467 -0.024240461708802098
leaf_weight=49 71 66 42 79 49 41 43 62 40 59 52 51 121 73 43 59 40 46 63 49 45 42 49 40 63 42 47 42 49 66 48 62 44 64 41 70 46 55 50 52 52 48 52 64 48 45 49 56 64 40 63 53 110 41 44 63 42 43 55 75 54 45 50 44 53 157 48 43 66 71 41 41 81 54 192 74 40 55 51 49 48 53 143 56 43 84 94 70 61 67 59 74 46 75 43 48 41 85 42 49 53 44 53 76 80 50 40 73 70 55 157 76 50 45 98 66 52
leaf_count=49 71 66 42 79 49 41 43 62 40 59 52 51 121 73 43 59 40 46 63 49 45 42 49 40 63 42 47 42 49 66 48 62 44 64 41 70 46 55 50 52 52 48 52 64 48 45 49 56 64 40 63 53 110 41 44 63 42 43 55 75 54 45 50 44 53 157 48 43 66 71 41 41 81 54 192 74 40 55 51 49 48 53 143 56 43 84 94 70 61 67 59 74 46 75 43 48 41 85 42 49 53 44 53 76 80 50 40 73 70 55 157 76 50 45 98 66 52
internal_value=0.000174703 -0.01025 -0.0012895 -0.0111691 0.0292105 0.02493 -0.00173735 0.00723381 -0.0286716 -0.0446166 -0.0501867 0.0387291 0.0423916 -0.0220688 -0.0245229 -0.0122606 0.00653352 -0.04279 0.0300798 0.053682 0.0448707 -0.0138959 0.0339639 -0.0592232 -0.051917 -0.069489 0.00533061 -0.0109464 -0.00250121 -0.0786762 0.0113416 -0.019096 -0.00097865 -0.00607516 -0.0317803 0.0353014 0.0275405 0.0291634 0.00479202 -0.0313454 -0.0369428 -0.0139915 0.0291968 -0.0358814 -0.0414333 -0.0480701 -0.00332473 0.0169405 0.0221963 0.0152324 -0.00809636 -0.0104322 -0.00707707 0.0486684 0.0173171 -0.0114308 -0.0168776 -0.0240862 -0.088165 -0.0332689 -0.037785 0.0135375 0.0427905 0.00241571 -0.0248901 -0.0405009 0.00593211 -0.0197549 -0.0161073 0.0066691 0.0487772 -0.0208637 0.0459399 0.00933153 0.0663857 -0.0315388 -0.036493 0.00833336 0.00718795 -0.00812326 -0.0185077 -0.0571386 -0.0134028 -0.0271449 0.018691 0.0365147 0.0538775 -0.00950969 -0.0102368 0.0124863 0.0384053 0.0274302 0.00168307 0.0319745 0.0627812 -0.00549479 -0.0644338 0.0209572 -0.0230116 0.0210511 0.0135557 -0.0209315 0.0230919 0.0145733 0.0181013 -0.0325982 0.0100911 -0.050887 -0.0147623 0.0161528 0.0246973 -0.0260142 -0.0280709 0.0523506 0.0354582 0.0197675 -0.0213925
internal_weight=7050 5188 3491 2536 1862 955 1979 1139 1697 557 498 1311 1144 1158 1092 407 551 539 549 595 354 840 765 398 292 176 96 746 367 106 182 379 406 323 685 453 264 190 190 158 94 100 581 522 332 250 140 177 299 95 452 409 346 87 687 190 148 106 97 326 243 167 95 259 116 205 97 83 185 116 184 82 189 220 241 168 114 166 107 93 163 213 253 217 83 282 135 119 221 122 241 145 90 139 164 109 94 133 115 467 160 106 272 130 195 109 93 119 112 107 210 190 114 108 182 146 108
internal_count=7050 5188 3491 2536 1862 955 1979 1139 1697 557 498 1311 1144 1158 1092 407 551 539 549 595 354 840 765 398 292 176 96 746 367 106 182 379 406 323 685 453 264 190 190 158 94 100 581 522 332 250 140 177 299 95 452 409 346 87 687 190 148 106 97 326 243 167 95 259 116 205 97 83 185 116 184 82 189 220 241 168 114 166 107 93 163 213 253 217 83 282 135 119 221 122 241 145 90 139 164 109 94 133 115 467 160 106 272 130 195 109 93 119 112 107 210 190 114 108 182 146 108
is_linear=0
shrinkage=0.05


Tree=5
num_leaves=100
num_cat=0
split_feature=9 9 9 9 7 9 9 1 9 9 3 9 9 9 9 9 9 7 4 3 5 1 9 9 9 9 9 9 9 9 7 1 9 6 9 9 6 6 9 9 7 9 1 3 9 9 9 9 1 9 9 9 9 6 9 9 9 9 6 9 9 9 3 9 9 9 9 9 3 9 9 9 6 9 3 4 7 9 9 9 3 1 3 9 9 6 3 9 6 9 5 9 9 6 7 9 9 1 5
split_gain=843.87 441.437 516.792 212.605 177.651 136.146 126.242 124.831 75.9717 115.866 70.622 59.462 78.9696 52.3423 44.0087 69.8427 43.8993 55.4467 36.556 34.8883 27.5825 26.5968 23.7183 42.3718 22.7992 33.1313 20.9704 26.626 20.2959 17.1234 14.231 14.1316 23.4501 13.4708 13.4129 13.3577 12.9202 12.1325 10.1056 12.7739 8.6573 8.32422 8.03676 7.67471 7.33115 7.1125 6.70556 5.51694 8.53782 5.41938 5.23119 4.67211 4.60565 4.16636 3.79026 3.65157 3.53281 6.99905 3.31417 5.44936 3.26292 3.19524 2.85534 2.17875 3.3629 2.31206 2.59276 2.1034 2.04252 1.26339 0.920793 1.15556 0.910604 0.852916 0.800192 0.76251 0.754102 0.719174 0.619425 0.61301 0.601438 0.600827 0.584056 0.576242 0.479589 0.432325 0.37204 0.278826 0.271689 0.260191 0.257601 0.237423 0.229978 0.166802 0.107444 0.0971516 0.0724681 0.0425541 0.00615016
threshold=0.82694086432456981 0.26118339598178869 -1.0429430603981016 -0.01348631316795945 0.54746168851852428 0.3024504035711289 -0.67153990268707264 1.0000000180025095e-35 -1.6757040023803709 -1.6344369649887083 1.9201549887657168 -1.373079180717468 -1.4143462181091306 0.90947490930557262 1.2675660848617556 1.3075019121170046 -0.63027289509773243 0.41377100348472601 -0.13390543684363362 -1.0320318043231962 -1.2338887453079221 0.1524230241775513 0.63436147570610057 0.52254116535186779 1.5338048934936526 1.102054297924042 -1.1667441129684446 -1.249278128147125 0.21991638094186786 1.6403004527091982 -1.3576400279998777 0.41595189273357397 1.6802362799644472 0.10028097406029703 0.5500524938106538 -0.23978930711746213 0.038097223732620485 -0.27283042669296259 -0.27972511947154993 -0.13329377770423886 -1.5916000008583067 0.39874011278152471 0.94300961494445812 -0.32913015782833094 -0.35959677398204798 1.4406213760375979 -1.0704543590545652 1.6536123752593996 0.67948076128959667 0.7994295358657838 0.97825327515602123 1.4406213760375979 0.44000713527202612 0.53557908535003673 -1.7032153010368345 -0.31966094672679896 1.4139974117279055 1.3873735666275027 -1.6409085988998411 -1.5106359124183653 0.68938416242599498 0.027336971834301952 -0.89145144820213307 -1.0154317021369932 -0.96040901541709889 -0.89163067936897267 -0.71280694007873524 -0.93289768695831288 0.79551240801811229 -0.78158527612686146 0.7719181776046754 0.74440684914588939 1.4061723947525027 0.93698623776435863 0.79551240801811229 -0.90810048580169667 0.046119431033730514 0.46751846373081213 0.10987100377678873 -0.080046016722917543 0.93609276413917553 -0.37463472038507456 -0.61029079556465138 0.88196355104446422 0.66187280416488659 -1.0190532207489011 -0.32913015782833094 -0.54773887991905201 0.10028097406029703 -1.125477075576782 -0.70907405018806446 1.3607497215270998 -1.2080111503601072 0.72213333845138561 -1.6083111763000486 0.082359660416841521 0.85445222258567821 -0.90169563889503468 -1.7278326749801634
decision_type=2 2 2 2 2 2 2 2 2 2 2 2 2 2 2 2 2 2 2 2 2 2 2 2 2 2 2 2 2 2 2 2 2 2 2 2 2 2 2 2 2 2 2 2 2 2 2 2 2 2 2 2 2 2 2 2 2 2 2 2 2 2 2 2 2 2 2 2 2 2 2 2 2 2 2 2 2 2 2 2 2 2 2 2 2 2 2 2 2 2 2 2 2 2 2 2 2 2 2
left_child=1 2 8 6 14 -3 63 16 54 -10 13 12 18 83 42 -16 94 30 58 -20 87 38 23 33 25 50 27 82 36 -26 81 -12 47 90 -25 75 61 55 44 -40 -14 62 -2 -21 -22 56 85 48 -33 60 73 -27 -43 77 -1 -23 57 80 -11 -60 84 -5 -35 -4 -65 67 69 -66 -30 -67 71 93 -53 -15 -37 -19 -32 -54 95 -39 91 -18 97 96 -24 -28 -29 98 -38 -87 -7 -17 -88 -62 -8 -63 -6 -13 -9
right_child=4 5 3 28 10 22 7 20 9 11 31 26 40 24 15 45 17 35 19 43 21 37 49 34 29 51 46 86 68 -31 76 32 -34 41 -36 74 88 79 39 -41 -42 52 -44 -45 -46 -47 -48 -49 -50 -51 -52 72 53 -55 -56 -57 -58 -59 59 -61 70 78 -64 64 65 66 -68 -69 -70 -71 -72 -73 -74 -75 -76 -77 -78 -79 -80 -81 -82 -83 -84 -85 -86 89 92 -89 -90 -91 -92 -93 -94 -95 -96 -97 -98 -99 -100
leaf_value=0.022202041295339477 0.0066408807810928146 -0.10019955706644666 0.0098672233621722883 0.044826626667269956 0.014945455381853712 -0.0082753043989975787 -0.06262790490759583 -0.010917133969875675 -0.090209331527932909 -0.0058441276889708311 0.037226083723165222 -0.016453552119699972 -0.065249535441398623 0.03811198371152083 -0.044668176979757848 0.0056289544744560355 -0.019269638769434428 -0.037101908764630862 -0.07327233712929182 -0.018036977006533349 0.0021024622743256219 0.024238555240585949 -0.021459483380975395 -0.07783572916257181 0.069522633635720546 0.013048713296005616 -0.026789709151937416 0.0023495305862249525 0.0072796303908838796 0.040102940929743154 0.013103193937094658 -0.012320828116038643 0.034453555584074029 -0.054622974598182827 -0.048641008976846936 -0.024811939284205439 0.046479083253787114 0.017871398306177819 -0.018816199452065085 0.012274925507605077 -0.10129537771387798 -0.018783386301483494 0.031846999923220362 -0.046006761600331569 0.02708836289536622 0.023870770782232285 -0.012271661951460622 -0.018108318991413932 0.018218896986574543 -0.0084113135247638349 0.05812344108567094 0.027064515022855059 -0.032346356150351079 -0.020346770573407412 0.0036288617999624402 0.041718305997988758 -0.0073552338889351608 0.022188449930399659 -0.037404105883269083 -0.017037711520242738 -0.025207421005420061 0.031780809741299432 -0.036630489371839117 0.028533600916904683 0.020356416079247819 0.019837677054521111 0.012280933397971554 0.0077165422603351673 0.022865579153100651 0.0263493534630268 -0.034875637488287002 -0.019804689260698588 0.03698653187918461 0.048890299666887044 -0.016055898104483882 -0.048333063776173246 0.0053450139955832409 -0.042486704613121463 0.037671399660526766 0.01172207423310349 -0.0030403676481607061 -0.0106526425692766 -0.026136818185655608 0.024203065521361537 -0.014117495138833131 -0.029436441930857572 0.0041443335202833017 -0.014823696642581905 0.056446431511271315 -0.036667235908990209 -0.014303748847340189 0.001071096523577031 0.0091147675484535284 -0.032007552662066056 -0.049886315449310298 0.026166732650664118 0.019085341874967545 -0.019842168108281384 -0.0087340809404850006
leaf_weight=52 41 80 55 80 53 42 40 47 76 44 58 55 46 59 79 64 43 48 77 67 85 65 57 58 214 48 51 65 42 71 90 42 61 52 159 99 51 67 97 49 40 85 147 40 44 54 54 40 48 56 230 75 56 49 58 67 53 55 41 175 45 110 60 112 57 215 80 81 44 143 60 55 58 86 47 81 51 70 62 137 47 48 44 56 54 54 41 55 112 93 41 52 63 69 43 53 56 146 46
leaf_count=52 41 80 55 80 53 42 40 47 76 44 58 55 46 59 79 64 43 48 77 67 85 65 57 58 214 48 51 65 42 71 90 42 61 52 159 99 51 67 97 49 40 85 147 40 44 54 54 40 48 56 230 75 56 49 58 67 53 55 41 175 45 110 60 112 57 215 80 81 44 143 60 55 58 86 47 81 51 70 62 137 47 48 44 56 54 54 41 55 112 93 41 52 63 69 43 53 56 146 46
internal_value=8.65747e-05 -0.0102672 -0.00246857 0.0104743 0.0290916 -0.0376042 0.00317403 -0.00594152 -0.0272389 -0.0306851 0.0397352 -0.0268305 -0.0393229 0.045635 0.00649881 -0.00281106 -0.0231733 -0.017584 -0.030698 -0.0477191 0.0074663 0.0121553 -0.0328261 -0.0385646 0.0506888 0.0446054 -0.016845 -0.00988404 0.0379861 0.0623594 0.000431278 0.0158118 0.00914901 -0.0297787 -0.0567655 -0.0327289 0.0420902 0.0215712 0.0006143 -0.00836899 -0.0829867 -0.0338404 0.0264141 -0.0288221 0.0107676 0.00746925 -0.0281966 -0.00289703 0.00398825 -0.0230154 0.0531029 0.0268049 -0.0287088 -0.0333957 0.0125298 0.0333578 0.00412531 0.00693729 -0.0185157 -0.0210581 -0.025389 0.0357677 -0.0453936 0.0197101 0.0204815 0.018869 0.0206697 0.0130462 0.015425 0.0225049 -0.0288546 -0.0265243 0.0316351 0.0447957 -0.0221216 -0.0444716 0.0103544 -0.0382701 0.0323627 0.013819 0.00168727 -0.0148896 -0.0203836 0.0197259 -0.0180456 -0.0324562 0.00536751 -0.0118433 0.0536302 -0.0342279 -0.011388 0.00361239 0.0072134 -0.0295658 -0.0566993 0.0301261 0.0172265 -0.019001 -0.00994175
internal_weight=7023 5176 4028 2646 1847 1148 2092 1349 1382 1272 1255 1196 530 1006 592 404 590 507 444 184 759 611 1068 672 841 556 666 414 554 285 232 249 191 455 217 275 468 336 275 146 86 372 188 107 129 325 252 130 90 396 375 181 260 175 110 132 271 218 260 216 340 305 112 743 688 576 438 138 86 358 229 169 133 145 146 129 141 126 225 204 163 91 245 165 111 198 169 148 163 147 83 116 104 114 83 163 109 201 93
internal_count=7023 5176 4028 2646 1847 1148 2092 1349 1382 1272 1255 1196 530 1006 592 404 590 507 444 184 759 611 1068 672 841 556 666 414 554 285 232 249 191 455 217 275 468 336 275 146 86 372 188 107 129 325 252 130 90 396 375 181 260 175 110 132 271 218 260 216 340 305 112 743 688 576 438 138 86 358 229 169 133 145 146 129 141 126 225 204 163 91 245 165 111 198 169 148 163 147 83 116 104 114 83 163 109 201 93
is_linear=0
shrinkage=0.05


Tree=6
num_leaves=108
num_cat=0
split_feature=9 9 9 9 8 9 9 1 9 9 3 9 9 9 9 9 9 9 4 4 3 2 9 9 9 9 9 9 5 1 9 9 9 2 8 9 6 6 9 9 5 9 9 4 9 9 9 6 2 9 6 9 9 9 9 8 3 2 6 9 4 9 3 9 9 9 9 9 3 9 2 9 2 9 5 2 6 5 2 9 2 4 2 2 3 9 2 2 2 2 2 2 9 9 2 9 9 1 2 9 6 2 2 3 2 9 2
split_gain=752.435 411.056 468.607 202.453 139.041 136.087 115.831 101.876 72.6343 114.871 46.5298 59.276 46.0199 71.1799 41.7525 45.8574 40.5072 47.3018 38.0267 33.5343 29.5432 28.1851 24.8791 30.7549 26.9266 22.4738 38.925 20.5284 24.7331 18.9839 18.4465 17.9341 23.6699 15.8452 15.3599 12.2747 11.3874 11.251 10.6975 10.2729 8.64444 7.99178 7.32786 6.51757 5.89666 5.72489 5.20755 12.1447 4.8447 4.62227 4.25845 4.15948 3.99095 3.71514 3.67056 8.90568 3.39411 3.33407 3.27572 3.06557 2.81832 2.8005 2.59689 2.5753 2.35572 2.20966 2.90949 2.76914 2.17979 2.1741 2.08167 1.65777 1.44303 1.42975 1.42226 1.33154 1.06515 1.03203 1.02683 1.02061 1.01572 1.01145 0.985384 0.89666 0.861159 0.591994 0.569801 0.531065 0.519768 0.514125 0.502305 0.482068 0.395765 0.390749 0.357195 0.35111 0.332701 0.322117 0.31966 0.300467 0.262453 0.260828 0.244848 0.144317 0.114618 0.0130863 0.00103962
threshold=0.82694086432456981 0.26118339598178869 -1.0429430603981016 -0.01348631316795945 0.40732413530349737 0.3024504035711289 -0.67153990268707264 1.0000000180025095e-35 -1.6757040023803709 -1.6344369649887083 2.0607353448867802 1.5204929709434511 -1.373079180717468 -1.4143462181091306 1.102054297924042 0.90947490930557262 1.2675660848617556 1.2941899895668032 -1.0432220101356504 -0.13390543684363362 -1.0320318043231962 0.54540804028511058 -0.35959677398204798 -0.27972511947154993 -0.13329377770423886 0.63436147570610057 0.52254116535186779 -0.63027289509773243 -0.61645966768264759 1.2065384984016421 0.21991638094186786 -1.1667441129684446 -1.249278128147125 0.17619657516479495 0.86189281940460216 0.5500524938106538 0.10028097406029703 0.038097223732620485 -0.23978930711746213 1.6802362799644472 0.98885804414749157 -0.33297289907932276 0.39874011278152471 1.1456176638603213 -1.0704543590545652 -0.58900588750839222 1.4406213760375979 1.2196152210235598 0.089323412626981749 0.7994295358657838 -1.6409085988998411 1.3873735666275027 0.97825327515602123 0.44000713527202612 -0.50647184252738942 -0.51999363303184498 -0.75087112188339222 0.37166170775890356 0.53557908535003673 0.68938416242599498 -1.1438745856285093 0.027336971834301952 0.79551240801811229 -1.7032153010368345 1.4139974117279055 -1.0154317021369932 -0.94665333628654469 -0.90538632869720448 0.79551240801811229 -0.69905126094818104 0.52368924021720897 -1.4968802332878111 -0.12786052748560903 1.0745429992675783 -0.5855882167816161 0.80602750182151806 1.0000000180025095e-35 -0.80168840289115895 0.30650527775287634 -0.78158527612686146 0.71915432810783397 0.70784932374954235 -0.21473368257284162 0.76258990168571483 -0.75087112188339222 0.85445222258567821 -0.27988803386688227 0.17619657516479495 -0.60566291213035572 0.71915432810783397 0.52368924021720897 0.56712579727172863 0.46751846373081213 0.66187280416488659 0.65399897098541271 0.13738234341144565 0.5775638520717622 -1.1652276515960691 -0.51878973841667164 0.75816252827644359 -1.0190532207489011 0.089323412626981749 0.56712579727172863 -1.7349367737770078 0.37166170775890356 1.6403004527091982 0.30650527775287634
decision_type=2 2 2 2 2 2 2 2 2 2 2 2 2 2 2 2 2 2 2 2 2 2 2 2 2 2 2 2 2 2 2 2 2 2 2 2 2 2 2 2 2 2 2 2 2 2 2 2 2 2 2 2 2 2 2 2 2 2 2 2 2 2 2 2 2 2 2 2 2 2 2 2 2 2 2 2 2 2 2 2 2 2 2 2 2 2 2 2 2 2 2 2 2 2 2 2 2 2 2 2 2 2 2 2 2 2 2
left_child=1 2 8 6 16 21 65 18 63 48 11 14 13 19 15 85 43 -18 34 57 -21 -3 54 41 101 26 36 -20 45 -13 37 32 84 -15 60 -28 -7 61 -30 40 -12 -24 56 89 88 -29 47 -16 -10 59 -22 62 78 -44 86 -56 -38 71 92 93 -8 -5 94 -1 -49 -4 -67 -68 -32 79 -64 -11 -63 97 -59 82 -26 -74 -17 -69 -79 -48 -61 96 104 -6 -9 -62 -33 106 -43 98 -55 -27 -19 -39 -37 -54 -34 -84 -90 -25 -88 -87 -14 -31 -2
right_child=4 5 3 30 10 25 7 22 9 12 39 29 31 33 46 52 17 51 27 20 50 -23 23 24 76 49 35 28 38 105 68 44 91 -35 -36 83 42 95 -40 -41 -42 90 53 -45 -46 -47 81 64 -50 -51 -52 -53 73 58 55 -57 -58 74 -60 75 87 72 70 -65 -66 66 67 69 -70 -71 -72 -73 77 -75 -76 -77 -78 80 -80 -81 -82 -83 99 -85 -86 103 102 -89 100 -91 -92 -93 -94 -95 -96 -97 -98 -99 -100 -101 -102 -103 -104 -105 -106 -107 -108
leaf_value=0.020986505704266686 0.027685776863085189 -0.12884870564065329 0.0086280092812591677 0.042834503345546275 0.014150662521310784 -0.010546720234187654 -0.0039283548788675527 -0.016811438317277601 -0.0690390672625565 -0.029481602124869822 0.015157193232531826 0.035620464247128947 -0.015907041946622104 -0.10189337352427041 0.028536735877761961 0.036296874068437089 -0.052096825327724222 0.00083715789417018651 -0.053335831692675133 -0.069364216787161662 -0.01440674271767161 -0.066338267495355957 0.015132112085649914 -0.013984247411977738 0.010308404347354857 -0.020357970073819162 -0.074121648073196419 -0.016581651145735614 -0.045484574741643413 0.066279989279185741 0.0062647698402759581 -0.037203936605918697 0.003072156499298971 -0.054913838065805888 -0.023622248026113665 -0.049534272107967112 -0.051840053002039588 0.043701863347315323 -0.02111894522793591 0.030181438370414499 -0.011100264322859321 0.043723338629518244 -0.018085157067709884 0.0067076037566614708 -0.011971199571520888 0.0053694272295317872 0.031458362668752675 0.0077860069979130688 -0.099247231266715308 -0.0086701030085273717 -0.035734037326408494 0.014284566510468721 0.052844006777967072 -0.030886588801037181 0.013374088386651771 -0.017071255219237105 -0.032656540667468856 -0.0052216076915367294 -0.019251148609201546 -0.023482308206298659 0.015876547428892881 0.021999611519277096 -0.016180928721807378 0.0054701570697404727 -0.0070245601744814354 0.025969494076471936 0.0089087549573741848 0.01820218196809292 0.0223309309343281 0.0093102517836498779 -0.00032550379883770539 -0.017917450829692236 0.040346798100150551 0.044506740212440499 -0.016802376209500623 -0.018751284051253356 0.017201441957377921 0.033438591152718924 0.047875797921332758 0.023666287222877145 0.022662007932861647 0.021744345866217471 -0.029433667282514939 -0.055107349086375469 -0.024623336594297805 0.017921153729667471 -0.0075653740930754472 0.0077063146735878389 -0.024143121193866343 0.033954185929669194 0.033277500183024306 0.00060598808287812235 -0.039641316956840457 -0.01378853419667174 0.0068242786538808848 0.053546081382339288 -0.039888427080063342 0.062148966528903483 0.0086797918801983977 -0.037534764125233606 -0.030740220554634535 -0.020119878185743637 -0.01281148914088745 0.02341507886504305 -0.019500933763342082 0.056491230853966304 0.022247614329907954
leaf_weight=55 45 40 53 83 58 77 43 41 40 49 72 81 113 40 70 61 49 60 79 73 41 40 54 46 143 59 58 64 114 191 41 40 40 41 62 42 56 50 79 52 54 55 85 48 55 54 49 68 43 58 61 49 102 54 57 40 54 64 45 61 40 43 42 53 43 141 79 249 45 52 40 110 51 49 46 42 101 102 68 164 41 100 78 41 65 48 67 46 48 42 46 43 63 57 42 117 88 86 77 41 112 54 40 57 75 55 40
leaf_count=55 45 40 53 83 58 77 43 41 40 49 72 81 113 40 70 61 49 60 79 73 41 40 54 46 143 59 58 64 114 191 41 40 40 41 62 42 56 50 79 52 54 55 85 48 55 54 49 68 43 58 61 49 102 54 57 40 54 64 45 61 40 43 42 53 43 141 79 249 45 52 40 110 51 49 46 42 101 102 68 164 41 100 78 41 65 48 67 46 48 42 46 43 63 57 42 117 88 86 77 41 112 54 40 57 75 55 40
internal_value=1.09556e-05 -0.00974262 -0.00222694 0.0101423 0.0276336 -0.0362433 0.00283314 -0.00600876 -0.025776 -0.0291076 0.0356258 0.0392028 -0.025103 -0.0361779 0.0322367 0.0409437 0.00375365 -0.007969 -0.0216796 -0.0281923 -0.0451906 -0.0987983 0.00624147 0.0126398 0.00427566 -0.031429 -0.0370754 -0.0306128 -0.0246882 0.057348 0.0364071 -0.0163578 -0.00988157 -0.0790733 -0.00337455 -0.0537727 -0.0281617 0.0401789 -0.0356713 0.0117071 0.0039052 0.0310565 -0.0319209 0.0225818 -0.0267672 -0.00657554 0.0181975 0.0123861 -0.0856843 -0.021906 -0.0273844 0.00149407 0.0507604 -0.0269221 -0.0067887 0.000773221 -0.0428017 -0.0170075 -0.0314194 -0.024145 0.00646375 0.0344551 -0.00197089 0.013492 0.00203709 0.0186945 0.0194596 0.0177278 0.0148315 0.0192037 -0.00854368 -0.0216432 0.0313529 0.0549379 -0.0101722 -0.0276409 0.0132202 0.0333026 0.0427218 0.0204239 0.0305276 0.0251273 -0.0296001 -0.04648 -0.0193725 0.0187262 -0.0117168 0.0116452 -0.0307563 0.0284822 0.0393387 0.00515308 -0.0358967 -0.0172753 0.00334476 0.0508764 -0.0433591 0.0574068 0.00680493 -0.0325143 -0.0289233 -0.0174639 -0.009627 0.0210963 -0.0174364 0.064329 0.0254151
internal_weight=6980 5159 4020 2636 1821 1139 2063 1325 1384 1276 1364 1186 1193 525 859 529 457 282 581 444 175 80 744 499 344 1059 663 390 311 327 573 668 413 81 191 229 434 487 193 178 126 155 357 175 255 118 330 181 83 396 102 233 366 247 245 97 110 269 162 338 129 320 184 108 111 738 685 544 86 465 82 159 237 237 110 222 244 194 129 413 143 149 180 171 253 163 148 86 200 127 101 160 117 116 102 167 130 188 117 119 160 100 107 105 188 246 85
internal_count=6980 5159 4020 2636 1821 1139 2063 1325 1384 1276 1364 1186 1193 525 859 529 457 282 581 444 175 80 744 499 344 1059 663 390 311 327 573 668 413 81 191 229 434 487 193 178 126 155 357 175 255 118 330 181 83 396 102 233 366 247 245 97 110 269 162 338 129 320 184 108 111 738 685 544 86 465 82 159 237 237 110 222 244 194 129 413 143 149 180 171 253 163 148 86 200 127 101 160 117 116 102 167 130 188 117 119 160 100 107 105 188 246 85
is_linear=0
shrinkage=0.05


Tree=7
num_leaves=100
num_cat=0
split_feature=9 9 9 9 7 9 9 1 9 9 3 9 9 9 9 9 9 9 4 6 9 9 9 9 9 9 9 9 9 9 5 7 9 9 6 9 6 9 9 7 0 0 9 9 0 9 9 9 9 9 1 9 9 9 9 7 7 9 9 9 6 9 9 0 9 9 9 9 9 9 9 6 9 0 1 3 6 6 0 5 6 9 3 9 6 5 6 9 3 0 3 6 0 3 5 9 3 9 6
split_gain=687.505 375.636 412.646 180.765 145.629 120.014 107.171 90.8397 63.6793 100.209 54.0889 45.5836 39.2614 62.072 36.6326 60.3056 36.5575 45.1702 26.8014 36.0614 25.5589 28.3606 25.037 20.6743 34.668 19.1058 26.7456 17.596 21.0802 16.0518 15.3854 13.4582 12.6203 19.8306 11.5893 11.0245 9.37617 9.10986 7.80982 7.33034 6.88262 6.44705 6.26774 5.90902 5.888 4.77864 6.1363 4.56009 4.40368 4.16282 5.47303 4.03089 4.01176 3.63857 3.56096 3.3501 9.45703 3.19363 3.1662 6.45011 3.09051 2.7453 2.73387 2.61886 2.24562 1.88183 2.42456 1.65165 2.02832 1.534 1.22489 1.12185 1.06145 1.03044 0.903987 0.769092 0.70039 0.667508 0.611341 1.03813 0.526142 0.523375 0.501971 0.469304 0.417114 0.332513 0.329377 0.298535 0.285398 0.277016 0.30071 0.212407 0.201448 0.17847 0.177355 0.122874 0.104462 0.0163311 0.0161034
threshold=0.82694086432456981 0.26118339598178869 -1.0429430603981016 -0.01348631316795945 0.54746168851852428 0.3024504035711289 -0.67153990268707264 1.0000000180025095e-35 -1.6757040023803709 -1.6206812858581541 1.9201549887657168 0.90947490930557262 -1.373079180717468 -1.4143462181091306 1.2675660848617556 1.3075019121170046 -0.63027289509773243 -0.41284452378749842 -0.13390543684363362 -1.5787218809127805 -0.35959677398204798 -0.27972511947154993 -0.13329377770423886 0.63436147570610057 0.52254116535186779 1.5338048934936526 1.102054297924042 -1.1667441129684446 -1.249278128147125 0.21991638094186786 1.8532593846321108 -1.3576400279998777 1.1295656561851504 1.6802362799644472 0.038097223732620485 0.5500524938106538 0.038097223732620485 -0.23978930711746213 -0.33297289907932276 -0.75602856278419484 0.34453167021274572 0.23626267164945605 1.1979002952575686 1.4406213760375979 0.27957032620906835 1.6536123752593996 1.1708326339721682 -1.0704543590545652 -1.4556132555007932 0.39874011278152471 1.2065384984016421 0.7994295358657838 0.93698623776435863 1.4406213760375979 0.44000713527202612 -0.43851161003112787 -1.2740830183029173 -1.7032153010368345 1.4139974117279055 1.3873735666275027 0.53557908535003673 0.67562848329544078 0.027336971834301952 0.19295527786016467 -1.4968802332878111 -1.0154317021369932 -0.96040901541709889 -0.89163067936897267 -0.71280694007873524 -0.93289768695831288 -0.78158527612686146 1.2196152210235598 0.7719181776046754 0.19295527786016467 -0.63816359639167775 0.79551240801811229 1.4061723947525027 1.0000000180025095e-35 0.34453167021274572 -0.80168840289115895 -0.52157138288021077 0.46751846373081213 -0.61029079556465138 0.85445222258567821 -1.0190532207489011 1.2975725531578066 0.10028097406029703 -0.54773887991905201 -0.32913015782833094 0.27957032620906835 0.3737714439630509 -1.205610394477844 0.21460897475481036 -1.5943564176559446 -0.52384456992149342 -1.125477075576782 0.5143517702817918 0.05484831519424916 -0.1484599597752094
decision_type=2 2 2 2 2 2 2 2 2 2 2 2 2 2 2 2 2 2 2 2 2 2 2 2 2 2 2 2 2 2 2 2 2 2 2 2 2 2 2 2 2 2 2 2 2 2 2 2 2 2 2 2 2 2 2 2 2 2 2 2 2 2 2 2 2 2 2 2 2 2 2 2 2 2 2 2 2 2 2 2 2 2 2 2 2 2 2 2 2 2 2 2 2 2 2 2 2 2 2
left_child=1 2 8 6 14 -3 65 16 57 40 11 83 13 18 42 44 -8 31 48 -20 55 38 98 24 34 26 52 28 82 36 -27 63 -12 45 -7 -26 62 41 -22 -21 -10 -19 -2 58 -16 46 -34 84 64 50 -36 61 -13 -28 -51 56 87 -1 59 89 81 -25 -5 -18 -11 -4 -67 69 70 -68 -69 -54 74 -37 -63 -39 85 -24 79 -64 -33 -56 91 -6 -29 -55 -38 -9 -30 -17 -91 -14 -90 -85 -40 -86 -71 -81 -23
right_child=4 5 3 29 10 23 7 20 9 12 32 25 27 -15 15 43 17 37 19 39 21 22 77 51 35 30 53 47 88 -31 -32 80 33 -35 49 73 86 75 94 -41 -42 -43 -44 -45 -46 -47 -48 -49 -50 54 -52 -53 71 76 60 -57 -58 -59 -60 -61 -62 72 78 -65 -66 66 67 68 -70 96 -72 -73 -74 -75 -76 -77 -78 -79 -80 97 -82 -83 -84 93 95 -87 -88 -89 92 90 -92 -93 -94 -95 -96 -97 -98 -99 -100
leaf_value=0.020083554520418771 0.0099247451867548794 -0.091064427339140039 0.0088406209672572452 0.041483971440210578 0.013372060708832324 -0.0044288279215554489 -0.052376235878238309 -0.0089644043135082285 -0.083438616629802828 -0.016277622148431471 0.034334683654800295 0.034830981944916677 -0.017977706996994164 -0.073482542291835512 -0.054781641901993174 0.0041785133263931191 -0.022860063178601064 -0.04628188749982251 -0.01314559914136945 -0.04346499906443968 0.014324190632619881 -0.018982704363476773 0.010382819800175351 -0.014519177772488227 -0.070721063377528356 0.061375166352316296 0.011313179781039557 -0.023945814377882263 0.0022330717963164456 0.01375661469064653 0.029202196227076156 0.0085950247196043723 -0.0081285880144438428 0.032352413533855297 -0.046535587975302259 -0.052791650004165115 0.041986784626517386 -0.022463036634027961 0.033656541592088245 -0.074246486083224969 -0.055070734210312368 -0.02224775042951755 0.030128624300105558 0.021693142670157709 -0.026504059344893551 -0.016773862319021692 0.018099290923011015 -0.012137548052878292 -0.025403636946906279 -0.016260145665085934 -0.026523053646236042 -0.0079069068663541169 0.047484372542412195 0.02830806183742314 -0.028948413421000754 -0.01989160284311289 0.012488965741358698 0.0034182510276635487 -0.0073037372518549946 0.020845902998578445 -0.017965596422310111 -0.015985104429730498 0.038880740391447191 -0.0059430550292811617 -0.0050897843654855116 0.025476985332448927 0.018780710888576919 0.017831897240830587 0.011094207882687643 0.0060289441467111203 0.024068365051500399 0.056509529815075246 -0.031813132762908938 -0.040893459272000103 -0.025165001436554153 -0.013682294481022414 0.033205018910978525 0.015963003922290369 0.023474979242111775 0.032148158211599699 0.015305964325396521 -0.03802341190166772 -0.022941703341590861 0.017270978840274943 -0.026874662645988995 0.019981088343916872 0.051110315775232652 -0.013791957802992937 0.0045741838717014731 0.0020482033847656566 -0.0033582970835701674 -0.013835147223499131 0.0092136240919211462 0.022627129483347139 0.042073301163812478 -0.033034309727304124 0.009858987124069879 0.026762815360184558 -0.015225417993238403
leaf_weight=56 56 86 56 81 56 51 77 96 65 100 62 60 130 80 40 57 40 89 66 40 56 51 138 84 57 247 44 54 69 77 47 80 48 58 73 42 56 99 57 53 47 45 131 56 40 40 40 53 80 76 75 56 215 40 55 41 59 59 50 57 45 42 46 54 83 112 57 229 76 42 145 93 57 123 144 42 55 101 46 43 52 63 47 71 53 40 111 59 65 63 42 72 40 47 47 84 45 90 44
leaf_count=56 56 86 56 81 56 51 77 96 65 100 62 60 130 80 40 57 40 89 66 40 56 51 138 84 57 247 44 54 69 77 47 80 48 58 73 42 56 99 57 53 47 45 131 56 40 40 40 53 80 76 75 56 215 40 55 41 59 59 50 57 45 42 46 54 83 112 57 229 76 42 145 93 57 123 144 42 55 101 46 43 52 63 47 71 53 40 111 59 65 63 42 72 40 47 47 84 45 90 44
internal_value=0.00029802 -0.00908115 -0.00194496 0.00968409 0.0263988 -0.0345613 0.00296318 -0.00561851 -0.0239197 -0.0271183 0.0359843 0.0410986 -0.0227482 -0.0333071 0.00592258 -0.00253843 -0.020493 -0.0154983 -0.0255352 -0.0417008 0.00587213 0.0124995 0.0041767 -0.0298196 -0.0351973 0.0459197 0.040222 -0.0147633 -0.00856197 0.0351596 0.0563483 0.00107173 0.0149716 0.0083681 -0.0269311 -0.0513123 0.0386075 -0.0290703 0.0297396 -0.0616104 -0.0721269 -0.0384353 0.0241632 0.0070617 -0.0411446 -0.00266634 0.00386259 -0.0254351 -0.0156412 -0.0298774 -0.0366402 -0.0204851 0.0479491 0.0241579 -0.0255544 -0.00696552 -0.00440803 0.0116367 0.00394668 0.00653679 -0.0297624 -0.0226085 0.0331672 -0.0133066 -0.0112586 0.0178957 0.0186004 0.0172632 0.0187795 0.0124279 0.0203075 0.0503836 -0.0253338 -0.0442219 -0.0231887 -0.0199623 0.0282304 0.0127977 0.0300029 0.0315407 0.0113339 -0.0340723 -0.017865 0.0176675 -0.0290425 0.0244427 0.0483191 -0.0108786 0.00477697 0.0014051 -0.000125677 -0.0165766 0.00641184 0.0195766 0.0378247 -0.0308634 0.00809952 0.0287309 -0.0174192
internal_weight=7019 5164 4035 2639 1855 1129 2089 1327 1396 1281 1263 1015 1169 502 592 405 578 501 422 159 749 494 334 1043 660 841 547 667 423 550 294 226 248 186 438 222 473 275 160 93 112 134 187 325 80 128 88 244 263 387 148 383 368 179 239 255 214 115 269 219 163 327 306 94 183 762 706 594 450 144 374 308 243 165 186 141 135 239 225 179 132 118 249 174 191 80 167 155 174 162 105 202 105 118 104 137 87 133 95
internal_count=7019 5164 4035 2639 1855 1129 2089 1327 1396 1281 1263 1015 1169 502 592 405 578 501 422 159 749 494 334 1043 660 841 547 667 423 550 294 226 248 186 438 222 473 275 160 93 112 134 187 325 80 128 88 244 263 387 148 383 368 179 239 255 214 115 269 219 163 327 306 94 183 762 706 594 450 144 374 308 243 165 186 141 135 239 225 179 132 118 249 174 191 80 167 155 174 162 105 202 105 118 104 137 87 133 95
is_linear=0
shrinkage=0.05


Tree=8
num_leaves=109
num_cat=0
split_feature=9 9 9 9 9 8 9 1 9 9 3 9 9 9 9 9 2 9 9 9 9 9 9 9 9 9 9 1 1 9 9 5 9 5 9 2 6 6 9 2 9 2 5 9 3 9 9 6 9 9 0 2 9 6 9 9 9 9 8 9 9 0 3 6 9 2 9 0 9 9 2 9 9 9 9 2 2 6 9 9 0 2 2 5 9 0 2 2 3 2 3 2 8 3 6 2 3 3 2 8 6 6 9 2 5 2 9 8
split_gain=619.348 337.2 379.357 162.607 115.303 110.189 99.1805 89.9969 60.4644 98.4358 40.5282 40.6116 40.2501 54.6875 38.7727 41.8115 33.6338 32.4751 41.8196 30.0538 36.0552 21.1371 27.5961 19.902 18.3014 28.8843 18.2631 56.9433 18.2429 15.2075 19.6357 12.9358 12.7028 12.6781 11.1798 11.0591 10.7738 9.64551 9.37084 9.20253 8.64869 8.44087 7.15461 6.77439 6.66711 8.99559 6.46692 6.27573 5.14639 4.87255 4.59183 4.52451 4.2939 6.30597 3.95247 3.5863 3.57415 3.69547 3.42828 9.06474 2.83976 2.55955 2.30076 2.2173 2.07462 2.06078 2.06055 1.9993 1.63873 2.03772 1.57456 1.42304 2.07526 1.6877 1.28297 1.23826 1.17061 1.12674 1.05509 2.70359 1.00225 0.993798 0.989093 1.16063 0.96347 0.839054 0.826494 0.713609 0.619542 0.599979 0.593698 0.590921 0.563751 0.532043 0.531018 0.488898 0.471029 0.431447 0.330165 0.30595 0.273313 0.255208 0.240537 0.232247 0.225838 0.0540282 0.0150335 0.0130226
threshold=0.82694086432456981 0.26118339598178869 -1.0429430603981016 -0.026798253878951069 0.3024504035711289 0.47096353769302374 -0.67153990268707264 1.0000000180025095e-35 -1.6757040023803709 -1.6344369649887083 2.0607353448867802 1.5204929709434511 -1.373079180717468 -1.4143462181091306 1.2675660848617556 1.2941899895668032 0.56712579727172863 -0.63027289509773243 -0.41284452378749842 1.102054297924042 0.92323055863380443 -0.35959677398204798 -0.27972511947154993 -0.13329377770423886 0.63436147570610057 0.52254116535186779 -1.5106359124183653 1.0000000180025095e-35 1.2065384984016421 -1.1667441129684446 -1.249278128147125 1.5754156112670901 0.21991638094186786 -1.2338887453079221 1.6802362799644472 -0.084422904998064027 0.038097223732620485 0.10028097406029703 -0.23978930711746213 0.2847875058650971 0.5500524938106538 0.26306973397731787 0.98885804414749157 -0.33297289907932276 1.4984139800071719 1.1708326339721682 0.39874011278152471 -1.6409085988998411 -1.4556132555007932 -1.0704543590545652 0.23626267164945605 0.089323412626981749 1.4539332389831545 1.2196152210235598 0.7994295358657838 1.3873735666275027 0.44000713527202612 0.49502982199192053 -0.26998245716094965 -0.49271617829799647 0.67562848329544078 0.19295527786016467 -0.75087112188339222 1.2196152210235598 0.89571923017501842 0.76258990168571483 1.3341258168220522 0.45280016958713537 -1.0154317021369932 -0.96040901541709889 0.71915432810783397 -0.90538632869720448 -0.93289768695831288 -0.71280694007873524 -0.78158527612686146 0.84946307539939891 0.58884355425834667 1.0000000180025095e-35 0.041092643514275558 1.0000000180025095e-35 0.27957032620906835 -0.60566291213035572 -0.12786052748560903 -0.80168840289115895 0.46751846373081213 0.36618536710739141 -1.6481418609619138 0.50197042524814617 0.79551240801811229 0.65399897098541271 -0.61029079556465138 0.41509725153446203 -1.5518687963485716 -1.172612130641937 -0.52157138288021077 -0.47535316646099085 -0.89145144820213307 0.092610801570117487 0.67571672797203075 -1.1609394550323484 -1.205610394477844 0.10028097406029703 -1.0979657173156736 0.21963211894035342 -0.46210168302059168 0.19791434705257419 1.6403004527091982 0.12094683200120927
decision_type=2 2 2 2 2 2 2 2 2 2 2 2 2 2 2 2 2 2 2 2 2 2 2 2 2 2 2 2 2 2 2 2 2 2 2 2 2 2 2 2 2 2 2 2 2 2 2 2 2 2 2 2 2 2 2 2 2 2 2 2 2 2 2 2 2 2 2 2 2 2 2 2 2 2 2 2 2 2 2 2 2 2 2 2 2 2 2 2 2 2 2 2 2 2 2 2 2 2 2 2 2 2 2 2 2 2 2 2
left_child=1 2 8 6 16 14 68 17 67 51 11 19 13 26 44 -16 -3 35 33 20 64 58 43 104 25 37 27 41 31 30 90 -13 36 61 42 -8 78 -6 50 -15 -27 -11 -12 -23 70 -46 62 -29 93 97 -20 -10 53 -21 60 65 -48 84 59 92 96 -19 -39 86 103 66 -17 -1 -4 -70 -2 72 -71 74 -73 81 -55 -25 79 -5 -42 -62 -80 -84 -58 -54 -22 -45 -40 -85 100 95 -9 -28 -35 -32 -26 102 -83 -50 -14 -38 -31 -7 -24 -75 -30 -34
right_child=5 4 3 32 24 10 7 21 9 12 34 28 29 39 15 55 -18 18 38 52 63 22 23 77 54 40 48 47 106 49 91 -33 107 94 -36 -37 101 46 88 -41 80 -43 -44 87 45 -47 56 -49 99 -51 -52 -53 85 76 -56 -57 57 -59 -60 -61 75 -63 -64 -65 -66 -67 -68 -69 69 71 -72 73 -74 105 -76 -77 -78 -79 82 -81 -82 98 83 89 -86 -87 -88 -89 -90 -91 -92 -93 -94 -95 -96 -97 -98 -99 -100 -101 -102 -103 -104 -105 -106 -107 -108 -109
leaf_value=0.0058587125546875453 0.024662684909763595 -0.11874718056784737 0.0085146878190387638 0.024404316802763129 -0.0099001899962370965 0.01227484581346113 -0.028641527872986912 -0.010235859692482101 -0.061926945244393697 -0.048550498957435295 0.013189866464077072 0.048070345727764835 -0.017354590399521041 -0.087297723974500391 -0.046757736941799521 -0.013294946578452769 -0.054143645291130041 -0.02320945236786473 -0.044705775487754083 0.024764870719404006 0.034491283765860963 0.013863767749905862 -0.018896457479270393 0.0081488341961245426 -0.0093911281691610136 -0.066064598218158452 -0.004625982026462569 -0.007066888350171361 0.059865701070395849 -0.031538512460262465 0.0028046793154337338 0.0094588373583264478 0.012028999808357983 0.0075585591707782581 0.028188075230210882 -0.065847693642844332 0.040023412385530643 -0.046545323232809709 -0.021540507898535781 -0.05088885568437123 -0.046196583085938506 -0.079344667399183236 -0.011981561374529427 0.040539708038171141 -0.0022296141138732702 0.025617782466235708 -0.015508178012146627 -0.027853069403919125 -0.027278944044265636 -0.011122507415760388 -0.024538890724735602 -0.090165982686954999 0.019410853099190828 0.0097901317036964697 -0.0069716175858047791 0.012368687764715853 -0.028118471725512365 -0.017740229534884466 -0.019057314147854724 0.016996931049718774 -0.019597344024498999 -0.0061808699967942256 -0.030694314238748382 0.053864496478847425 0.027573976696779329 0.00598247173492477 4.7226685855312564e-05 0.019293765293864104 0.024078758382195725 0.017939994967820352 0.037994237207784887 0.016677454784173172 0.0043465197469701932 0.0090619973838329312 0.022940953268617809 -0.016484702229499819 -0.00051692578542445388 0.015455687271493775 0.020011603583892187 0.039933809638023378 -0.03622976473699778 -0.03031732507404827 0.036676710178243359 0.029358108538915129 -0.039129027929799311 0.028412132326400642 0.045158215098083022 0.029927613317966464 -0.013603009035189947 0.020404015738103128 -0.022865715556674535 0.00092538695008851648 -0.0035379432741966515 -0.011657693718767001 0.014210759015437566 0.0097825022534497319 -0.017244847093454817 -0.021984829525039953 -0.023137305465061219 -0.019401917819465913 -0.012902169565762012 0.048556787778030741 -0.025069438706744801 0.017287143206957616 -0.013019056388965021 0.012514691416520713 0.051048455850564334 0.015284055564011079
leaf_weight=62 78 44 56 54 80 61 40 123 40 59 54 48 140 41 51 45 42 40 89 60 41 53 42 117 43 53 73 97 185 94 44 40 40 82 52 45 56 59 92 41 94 46 57 59 55 60 80 58 42 59 48 45 65 54 55 66 58 57 40 43 56 50 55 101 47 66 78 51 108 56 40 246 57 41 143 49 55 103 47 80 77 104 46 67 57 65 199 49 44 44 44 68 44 44 52 61 43 43 44 41 70 109 54 65 51 42 56 42
leaf_count=62 78 44 56 54 80 61 40 123 40 59 54 48 140 41 51 45 42 40 89 60 41 53 42 117 43 53 73 97 185 94 44 40 40 82 52 45 56 59 92 41 94 46 57 59 55 60 80 58 42 59 48 45 65 54 55 66 58 57 40 43 56 50 55 101 47 66 78 51 108 56 40 246 57 41 143 49 55 103 47 80 77 104 46 67 57 65 199 49 44 44 44 68 44 44 52 61 43 43 44 41 70 109 54 65 51 42 56 42
internal_value=-5.71637e-05 -0.00887603 -0.00209887 0.00910219 -0.0327621 0.0248364 0.00247575 -0.0058424 -0.0229592 -0.0259988 0.0326868 0.0360145 -0.0223294 -0.0324802 0.00580413 -0.00589482 -0.0881816 -0.0204647 -0.0155173 0.0299465 0.0372816 0.00592398 0.0121196 0.00343763 -0.0282041 -0.0332476 -0.0256679 -0.0343989 0.0508729 -0.0141668 -0.00840054 0.0308231 0.0323358 0.000505417 0.00929561 -0.0488755 0.0353142 -0.0257877 -0.028618 -0.0699257 -0.0479204 -0.0626625 0.000272429 0.0288729 0.021128 0.0123951 -0.0292239 -0.0149736 -0.014203 -0.0239429 -0.037869 -0.0777516 0.0172549 0.0118833 -0.019565 0.00242848 -0.0245596 -0.0286555 -0.00582446 -0.00322554 -0.0215817 -0.013921 -0.0392313 0.0467089 0.0185376 -0.00108953 -0.00490191 0.0120384 0.0169682 0.0176381 0.0294632 0.01641 0.0111814 0.0176354 0.0190329 -0.0242747 0.0046319 0.0116242 0.030017 0.0339028 -0.0419453 -0.0260563 0.0273117 0.0293566 -0.0338662 0.024094 0.0434866 0.0360437 -0.0190905 0.0260226 -0.0172236 0.00457803 -0.0085027 -0.00734677 0.0102262 0.00691251 -0.0134711 -0.0278245 -0.0283523 -0.0236652 -0.0159386 0.0459192 -0.0293623 0.0149763 -0.0158462 0.0109373 0.0580363 0.0138603
internal_weight=7051 5207 4057 2640 1150 1844 2055 1306 1417 1304 1305 1142 1219 542 539 306 86 582 497 813 514 724 474 313 1064 670 460 260 329 677 427 88 585 224 163 85 503 446 273 82 224 105 111 161 233 115 366 155 200 250 137 85 299 169 394 255 252 172 250 210 339 90 114 341 173 189 123 113 749 693 118 585 113 472 389 253 109 220 338 134 171 204 204 157 115 130 240 108 136 111 254 173 167 117 134 105 86 191 148 83 210 165 148 126 93 83 241 82
internal_count=7051 5207 4057 2640 1150 1844 2055 1306 1417 1304 1305 1142 1219 542 539 306 86 582 497 813 514 724 474 313 1064 670 460 260 329 677 427 88 585 224 163 85 503 446 273 82 224 105 111 161 233 115 366 155 200 250 137 85 299 169 394 255 252 172 250 210 339 90 114 341 173 189 123 113 749 693 118 585 113 472 389 253 109 220 338 134 171 204 204 157 115 130 240 108 136 111 254 173 167 117 134 105 86 191 148 83 210 165 148 126 93 83 241 82
is_linear=0
shrinkage=0.05


end of trees

feature_importances:
Column_9=465
Column_2=92
Column_6=88
Column_3=70
Column_0=50
Column_1=46
Column_5=45
Column_4=42
Column_8=25
Column_7=21

parameters:
[boosting: gbdt]
[objective: regression]
[metric: l2]
[tree_learner: serial]
[device_type: cpu]
[data_sample_strategy: bagging]
[data: ]
[valid: ]
[num_iterations: 600]
[learning_rate: 0.05]
[num_leaves: 256]
[num_threads: 16]
[seed: 2023]
[deterministic: 0]
[force_col_wise: 0]
[force_row_wise: 0]
[histogram_pool_size: -1]
[max_depth: 10]
[min_data_in_leaf: 40]
[min_sum_hessian_in_leaf: 0.001]
[bagging_fraction: 0.9]
[pos_bagging_fraction: 1]
[neg_bagging_fraction: 1]
[bagging_freq: 1]
[bagging_seed: 26561]
[bagging_by_query: 0]
[feature_fraction: 0.8]
[feature_fraction_bynode: 1]
[feature_fraction_seed: 22040]
[extra_trees: 0]
[extra_seed: 25715]
[early_stopping_round: 0]
[early_stopping_min_delta: 0]
[first_metric_only: 0]
[max_delta_step: 0]
[lambda_l1: 0]
[lambda_l2: 1]
[linear_lambda: 0]
[min_gain_to_split: 0]
[drop_rate: 0.1]
[max_drop: 50]
[skip_drop: 0.5]
[xgboost_dart_mode: 0]
[uniform_drop: 0]
[drop_seed: 17353]
[top_rate: 0.2]
[other_rate: 0.1]
[min_data_per_group: 100]
[max_cat_threshold: 32]
[cat_l2: 10]
[cat_smooth: 10]
[max_cat_to_onehot: 4]
[top_k: 20]
[monotone_constraints: ]
[monotone_constraints_method: basic]
[monotone_penalty: 0]
[feature_contri: ]
[forcedsplits_filename: ]
[refit_decay_rate: 0.9]
[cegb_tradeoff: 1]
[cegb_penalty_split: 0]
[cegb_penalty_feature_lazy: ]
[cegb_penalty_feature_coupled: ]
[path_smooth: 0]
[interaction_constraints: ]
[verbosity: 1]
[saved_feature_importance_type: 0]
[use_quantized_grad: 0]
[num_grad_quant_bins: 4]
[quant_train_renew_leaf: 0]
[stochastic_rounding: 1]
[linear_tree: 0]
[max_bin: 255]
[max_bin_by_feature: ]
[min_data_in_bin: 3]
[bin_construct_sample_cnt: 200000]
[data_random_seed: 6644]
[is_enable_sparse: 1]
[enable_bundle: 1]
[use_missing: 1]
[zero_as_missing: 0]
[feature_pre_filter: 1]
[pre_partition: 0]
[two_round: 0]
[header: 0]
[label_column: ]
[weight_column: ]
[group_column: ]
[ignore_column: ]
[categorical_feature: ]
[forcedbins_filename: ]
[precise_float_parser: 0]
[parser_config_file: ]
[objective_seed: 2023]
[num_class: 1]
[is_unbalance: 0]
[scale_pos_weight: 1]
[sigmoid: 1]
[boost_from_average: 1]
[reg_sqrt: 0]
[alpha: 0.9]
[fair_c: 1]
[poisson_max_delta_step: 0.7]
[tweedie_variance_power: 1.5]
[lambdarank_truncation_level: 30]
[lambdarank_norm: 1]
[label_gain: ]
[lambdarank_position_bias_regularization: 0]
[eval_at: ]
[multi_error_top_k: 1]
[auc_mu_weights: ]
[num_machines: 1]
[local_listen_port: 12400]
[time_out: 120]
[machine_list_filename: ]
[machines: ]
[gpu_platform_id: -1]
[gpu_device_id: -1]
[gpu_use_dp: 0]
[num_gpu: 1]

end of parameters

pandas_categorical:null
