tree
version=v4
num_class=1
num_tree_per_iteration=1
label_index=0
max_feature_idx=9
objective=regression
feature_names=Column_0 Column_1 Column_2 Column_3 Column_4 Column_5 Column_6 Column_7 Column_8 Column_9
feature_infos=[-4.9281487464904785:0.63685661554336548] [-2.6146364212036133:3.7100627422332764] [-5.1990861892700195:1.272971510887146] [-2.2269694805145264:2.5527749061584473] [-5.5711894035339355:1.3641557693481445] [-1.9902403354644775:2.1465384960174561] [-1.982926607131958:1.6860036849975586] [-2.3018357753753662:1.4582350254058838] [-2.4405524730682373:1.9915002584457397] [-1.7305047512054443:1.7332621812820435]
tree_sizes=5620 5636 5628 5649 5655 5639 5656 5642

Tree=0
num_leaves=64
num_cat=0
split_feature=9 9 9 9 8 9 9 1 9 9 9 9 3 9 9 9 4 0 9 9 9 9 9 9 9 1 9 9 9 6 6 6 9 9 9 6 5 5 9 9 4 9 3 9 9 9 9 3 9 9 0 8 9 9 9 3 6 4 9 9 0 9 9
split_gain=1413.2 714.006 883.194 357.232 257.426 223.802 219.49 193.266 125.334 202.302 91.3397 127.608 90.4032 95.3065 79.0113 88.209 65.4845 63.798 60.6524 82.4421 43.906 55.9772 43.2501 42.6043 67.9073 37.1657 33.1516 30.6905 41.3429 26.6332 20.8186 20.2765 18.0528 17.8633 15.8969 14.3434 13.7723 11.2556 10.2602 8.41903 7.94443 7.44296 7.41084 7.11639 6.66598 6.11576 5.19608 5.06652 4.78186 4.75207 4.46617 3.84678 3.54402 4.97824 4.89081 3.40975 2.65467 2.07723 1.70467 1.42114 1.40775 1.12837 1.30344
threshold=0.82694086432456981 0.26118339598178869 -1.0429430603981016 -0.01348631316795945 0.40732413530349737 0.3024504035711289 -0.67153990268707264 1.0000000180025095e-35 -1.6757040023803709 -1.6344369649887083 -1.373079180717468 -1.4143462181091306 2.0607353448867802 1.5338048934936526 1.2675660848617556 1.3075019121170046 -0.13390543684363362 0.30122427642345434 1.102054297924042 0.90947490930557262 -0.35959677398204798 -0.27972511947154993 -0.63027289509773243 0.63436147570610057 0.52254116535186779 1.2065384984016421 0.21991638094186786 -1.1667441129684446 -1.249278128147125 -0.39720386266708368 0.10028097406029703 0.038097223732620485 0.5500524938106538 1.6802362799644472 1.4539332389831545 1.2196152210235598 0.98885804414749157 0.24794243276119235 -1.0704543590545652 0.7994295358657838 1.1456176638603213 0.97825327515602123 0.79551240801811229 -0.50647184252738942 -1.7032153010368345 0.44000713527202612 0.027336971834301952 -0.75087112188339222 0.67562848329544078 1.3873735666275027 0.30122427642345434 -1.5155026316642759 -1.0154317021369932 -0.94665333628654469 -0.90538632869720448 0.79551240801811229 1.4683561325073244 0.87606266140937816 1.0745429992675783 1.6403004527091982 0.19295527786016467 0.7719181776046754 0.74440684914588939
decision_type=2 2 2 2 2 2 2 2 2 2 2 2 2 2 2 2 2 2 2 2 2 2 2 2 2 2 2 2 2 2 2 2 2 2 2 2 2 2 2 2 2 2 2 2 2 2 2 2 2 2 2 2 2 2 2 2 2 2 2 2 2 2 2
left_child=1 2 8 6 14 -3 52 17 44 50 11 16 13 18 40 42 -11 22 19 -6 43 -22 -8 24 30 -15 31 28 -12 -19 -7 46 -26 36 35 -20 -14 47 -29 48 -2 -21 -16 -9 -1 -39 -5 -32 -25 -17 -10 -13 -4 -54 -55 -28 -36 -37 -43 -27 -34 62 -50
right_child=4 5 3 26 12 23 7 20 9 10 27 51 33 25 15 49 -18 29 34 41 21 -23 -24 39 32 59 55 38 -30 -31 37 -33 60 -35 56 57 -38 45 -40 -41 -42 58 -44 -45 -46 -47 -48 -49 61 -51 -52 -53 53 54 -56 -57 -58 -59 -60 -61 -62 -63 -64
leaf_value=0.033645815350361263 0.046499576449073904 -0.15152479212339975 0.01508883406442404 0.068777121688981147 0.030377297618661165 -0.018617372616281904 -0.092935748339189592 -0.018468720191428683 -0.15517824116346099 -0.027994914837518852 -0.031424187649811433 -0.10684977798827645 0.023199427926888855 0.051427927452554853 -0.085113512728968096 0.002210293126160839 -0.074626253402047163 0.0093729215882932884 0.044443788854481914 0.069135673043179802 0.049962253496056735 0.0067157765069699492 -0.040279492928634975 -0.025237569169996039 -0.11778417964458252 0.1077300163728493 0.010267991195759343 -0.049192682579611312 0.0075785499984961108 -0.037589023185984061 -0.082139459826773828 0.081736558424250885 -0.088786843892731115 0.049101380264463167 0.043698992379586091 0.021180589214043956 -0.016056193750765203 -0.031805977187193003 -0.019228847374046971 -0.012776782084372463 0.016250712229015571 0.092417232464366464 -0.046199921173989092 0.0024155935131314078 0.0040220087836597643 -0.051838252400370578 0.05003463403194721 -0.053276857823263794 -0.04290223677223913 0.023258536741643979 -0.11603667868000907 -0.14386650942715518 0.041507131338817026 0.01550108521097863 0.031089427019434006 0.034582691883421002 0.063227763729778785 0.0053327441790067048 0.073509298240994614 0.088442260936825889 -0.070697976605890056 -0.051377440535615194 -0.0306181807900687
leaf_weight=54 121 84 55 83 158 84 68 152 40 269 252 42 73 65 40 151 183 123 74 129 157 340 328 86 54 188 40 200 159 66 55 165 44 47 122 47 56 92 54 57 44 196 40 95 55 167 234 53 144 51 48 43 143 89 481 45 41 81 48 54 123 52 57
leaf_count=54 121 84 55 83 158 84 68 152 40 269 252 42 73 65 40 151 183 123 74 129 157 340 328 86 54 188 40 200 159 66 55 165 44 47 122 47 56 92 54 57 44 196 40 95 55 167 234 53 144 51 48 43 143 89 481 45 41 81 48 54 123 52 57
internal_value=-9.90137e-05 -0.0160055 -0.00417879 0.0160928 0.0453133 -0.0576774 0.00465768 -0.0100981 -0.0427642 -0.0479827 -0.0414776 -0.0598783 0.0581316 0.0640059 0.00572725 -0.0135634 -0.0469975 -0.0358716 0.0540062 0.0669658 0.0101883 0.02045 -0.0495328 -0.0501613 -0.059385 0.0929206 0.0583019 -0.0265511 -0.0163538 -0.00713799 -0.045854 0.0643969 -0.086667 0.0178442 0.0350213 0.0235825 0.00616584 -0.0520205 -0.0429228 -0.034399 0.0385797 0.0823417 -0.0664672 -0.0104589 0.0188705 -0.0448722 0.0551428 -0.0685941 -0.0379863 0.00761287 -0.135372 -0.127031 0.0301719 0.0313127 0.0286869 0.023393 0.0489667 0.011271 0.0890129 0.103808 -0.075964 -0.0422034 -0.0395875
internal_weight=7041 5215 4063 2664 1826 1152 2097 1329 1399 1290 1202 537 1379 1203 447 282 452 585 896 531 744 497 396 1068 672 307 567 665 411 189 451 482 221 176 365 202 129 367 254 396 165 373 80 247 109 259 317 108 339 202 88 85 768 713 570 85 163 128 244 242 167 253 201
internal_count=7041 5215 4063 2664 1826 1152 2097 1329 1399 1290 1202 537 1379 1203 447 282 452 585 896 531 744 497 396 1068 672 307 567 665 411 189 451 482 221 176 365 202 129 367 254 396 165 373 80 247 109 259 317 108 339 202 88 85 768 713 570 85 163 128 244 242 167 253 201
is_linear=0
shrinkage=1


Tree=1
num_leaves=64
num_cat=0
split_feature=9 9 9 9 8 9 9 1 9 9 9 9 9 9 4 2 4 9 1 9 9 9 9 9 9 9 9 9 9 9 8 2 6 6 9 9 6 2 9 9 4 6 2 9 9 9 0 1 9 9 9 9 9 9 9 1 6 2 2 0 2 2 2
split_gain=1202.78 623.54 752.911 308.295 230.732 189.982 185.126 173.236 105.604 184.592 73.3907 112.163 66.5691 77.1789 52.3734 46.3636 46.1739 39.4798 42.2768 37.9208 107.462 91.2656 84.5109 70.9779 31.3578 59.8488 29.4093 29.2171 28.7627 35.3647 22.863 19.5495 18.246 17.2604 16.5267 12.1424 14.5596 9.9065 9.40431 7.87704 7.77707 6.55365 6.19583 6.07911 5.425 5.18357 4.48621 4.38198 5.85696 4.32413 3.78758 3.75515 3.33585 3.40323 2.83967 2.6857 2.00506 1.93688 1.83098 1.68656 1.63353 1.43652 1.3409
threshold=0.82694086432456981 0.26118339598178869 -1.0429430603981016 -0.01348631316795945 0.40732413530349737 0.3024504035711289 -0.67153990268707264 1.0000000180025095e-35 -1.6757040023803709 -1.6344369649887083 -1.373079180717468 -1.4143462181091306 1.2675660848617556 1.3075019121170046 -1.0432220101356504 0.56712579727172863 -0.16768633574247357 -0.50647184252738942 0.1524230241775513 1.5204929709434511 1.6403004527091982 1.6935482025146487 1.102054297924042 0.93698623776435863 0.63436147570610057 0.52254116535186779 0.21991638094186786 -0.63027289509773243 -1.1667441129684446 -1.249278128147125 0.86189281940460216 0.21963211894035342 0.038097223732620485 0.038097223732620485 0.5500524938106538 1.4539332389831545 1.2196152210235598 0.61056235432624828 -1.0704543590545652 0.89571923017501842 1.1456176638603213 0.34902189671993261 -0.01926855510100722 0.7994295358657838 1.5471168756484988 -1.7032153010368345 0.30122427642345434 0.94300961494445812 1.4139974117279055 1.3873735666275027 0.027336971834301952 0.68938416242599498 -0.71280694007873524 -1.0154317021369932 -0.96040901541709889 1.2065384984016421 1.2196152210235598 -0.12786052748560903 0.52368924021720897 0.19295527786016467 0.80602750182151806 0.78430870175361644 -0.21473368257284162
decision_type=2 2 2 2 2 2 2 2 2 2 2 2 2 2 2 2 2 2 2 2 2 2 2 2 2 2 2 2 2 2 2 2 2 2 2 2 2 2 2 2 2 2 2 2 2 2 2 2 2 2 2 2 2 2 2 2 2 2 2 2 2 2 2
left_child=1 2 8 6 12 15 52 14 45 42 11 16 40 37 30 -3 -11 -9 -19 22 44 46 23 39 25 32 33 -16 29 -12 -8 -13 -7 50 -27 36 -24 -14 -30 -6 -2 55 -10 51 -21 -1 -22 -38 -49 61 -5 -26 53 -4 -55 -34 -25 -52 -43 -36 62 -15 -53
right_child=4 5 3 26 19 24 7 17 9 10 28 31 13 49 27 -17 -18 18 -20 20 21 -23 35 56 43 34 -28 -29 38 -31 -32 -33 41 -35 59 -37 47 -39 -40 -41 -42 58 -44 -45 -46 -47 -48 48 -50 -51 57 60 -54 54 -56 -57 -58 -59 -60 -61 -62 -63 -64
leaf_value=0.03061162528064516 0.042588526541590684 -0.18771623066493442 0.015090191225584767 0.064498575246786774 0.025576303870905013 -0.0085280454513849691 0.0083914660006192826 -0.01719210031926632 -0.10256363085338047 -0.023906601664126559 -0.029002089710259922 -0.15029596994562847 -0.039330163954234706 -0.0020979712074916373 -0.079324070219146572 -0.092782257112061103 -0.062533727620446358 -0.00036426013730272484 0.031824367707280012 0.075307678809532749 -0.016823656638463337 0.082873596668243399 0.038544015760157015 0.075822268201880247 -0.026683355254044226 -0.11186091858607071 0.022471244314621233 -0.037570278880895681 -0.046574873516553546 0.006961555876811458 -0.035900938119739295 -0.086085994737904237 -0.055375138289321252 0.077252314083324461 -0.084108319759368902 0.041300994401628321 -0.0051465369678205912 -0.083205531661103421 -0.018245681322326786 0.050360230482541596 0.014203039749580272 -0.026399787075244461 -0.14321613101398242 -0.013073754061241538 0.10196147973122804 0.0043492299152005989 0.0082425638767890629 0.029736385341467598 0.0033874749468968193 0.02258176157669145 0.03474214959144592 -0.035481415187770669 0.016613862459306364 0.040316904609853571 0.029173193037584425 -0.040161787796188411 0.08942216529377868 0.05073476179462412 -0.043433381934960685 -0.065777982819464897 -0.028919428476067474 0.0096488538015854809 -0.048251705760305574
leaf_weight=53 124 41 54 78 125 51 121 149 41 232 244 40 40 102 75 40 217 268 324 51 44 79 93 218 108 51 86 322 196 164 63 40 213 160 44 142 53 40 56 77 50 64 50 48 183 55 59 55 67 48 44 65 80 109 499 70 111 183 44 123 42 58 109
leaf_count=53 124 41 54 78 125 51 121 149 41 232 244 40 40 102 75 40 217 268 324 51 44 79 93 218 108 51 86 322 196 164 63 40 213 160 44 142 53 40 56 77 50 64 50 48 183 55 59 55 67 48 44 65 80 109 499 70 111 183 44 123 42 58 109
internal_value=0.000111368 -0.0147886 -0.0037386 0.0152187 0.0420032 -0.054492 0.00456442 -0.00889767 -0.0394395 -0.0442452 -0.0378709 -0.0545175 0.00536427 -0.0123331 -0.0333982 -0.142538 -0.0426724 0.0103317 0.0172764 0.0544641 0.0696506 0.0347944 0.0476836 0.0634795 -0.0474501 -0.0553311 0.0550482 -0.0456378 -0.0244661 -0.0145644 -0.00688595 -0.11965 -0.0424734 0.061012 -0.0810873 0.0271213 0.0194826 -0.0620242 -0.0403765 0.0352252 0.0345595 -0.046868 -0.126214 -0.0333568 0.0964975 0.0173999 -0.00252414 0.00919132 0.0154113 0.0069842 0.0522679 -0.0363123 0.0285291 0.0299418 0.0312339 -0.0517668 0.0806678 0.0478008 -0.0336742 -0.0710794 -0.0409816 0.00219374 -0.0437112
internal_weight=6935 5116 4003 2615 1819 1113 2064 1322 1388 1280 1189 529 462 288 581 81 449 741 592 1357 416 182 941 531 1032 660 551 397 660 408 184 80 442 465 218 410 268 80 252 202 174 391 91 372 234 108 103 175 122 208 305 324 742 662 608 283 329 227 108 167 216 160 174
internal_count=6935 5116 4003 2615 1819 1113 2064 1322 1388 1280 1189 529 462 288 581 81 449 741 592 1357 416 182 941 531 1032 660 551 397 660 408 184 80 442 465 218 410 268 80 252 202 174 391 91 372 234 108 103 175 122 208 305 324 742 662 608 283 329 227 108 167 216 160 174
is_linear=0
shrinkage=0.06


Tree=2
num_leaves=64
num_cat=0
split_feature=9 9 9 9 7 9 9 1 9 9 1 9 9 9 9 0 9 9 6 2 9 9 9 9 9 3 9 9 9 9 6 9 9 2 9 6 9 6 6 2 9 8 9 9 2 9 1 9 9 9 9 9 9 9 9 9 9 2 9 2 2 0 2
split_gain=1099.89 572.157 668.693 285.407 234.996 186.655 170.844 153.333 94.6003 123.739 82.4397 67.374 74.1965 53.9184 69.5793 51.2602 44.2583 101.364 43.1718 42.3691 39.9949 38.6404 45.3982 32.0522 55.1911 29.7191 29.0797 24.9198 33.3193 24.2785 23.5801 23.0459 21.0917 17.8511 16.7246 16.4319 15.8989 15.0771 14.9962 9.7361 8.10053 7.63514 6.69361 6.20421 5.79987 5.75927 8.39185 6.74288 4.25474 4.20508 3.13712 4.78169 2.88973 3.86607 4.28089 2.65079 8.17659 2.1569 1.78788 1.73324 1.3972 1.36375 1.35602
threshold=0.82694086432456981 0.26118339598178869 -1.0429430603981016 -0.01348631316795945 0.6143074929714204 0.3024504035711289 -0.67153990268707264 1.0000000180025095e-35 -1.6894596219062803 -1.373079180717468 1.2065384984016421 -1.4143462181091306 -1.6206812858581541 1.102054297924042 0.90947490930557262 0.30122427642345434 1.2675660848617556 1.3075019121170046 -1.7652760744094846 0.58884355425834667 -0.63027289509773243 -0.35959677398204798 -0.27972511947154993 0.63436147570610057 0.52254116535186779 1.4984139800071719 -1.5656585693359373 -1.1667441129684446 -1.249278128147125 1.4539332389831545 -0.39720386266708368 0.21991638094186786 1.6802362799644472 0.17619657516479495 0.5500524938106538 0.038097223732620485 1.1708326339721682 0.038097223732620485 1.2196152210235598 0.58884355425834667 -1.0704543590545652 -0.18815998733043668 0.7994295358657838 0.97825327515602123 0.78430870175361644 0.39874011278152471 1.2065384984016421 0.44000713527202612 0.67562848329544078 0.027336971834301952 1.5604287981987002 1.6403004527091982 -1.0154317021369932 -0.94665333628654469 -0.90538632869720448 1.3873735666275027 1.4139974117279055 -1.365804076194763 1.0745429992675783 -0.12786052748560903 0.84946307539939891 0.19295527786016467 -1.1920572519302366
decision_type=2 2 2 2 2 2 2 2 2 2 2 2 2 2 2 2 2 2 2 2 2 2 2 2 2 2 2 2 2 2 2 2 2 2 2 2 2 2 2 2 2 2 2 2 2 2 2 2 2 2 2 2 2 2 2 2 2 2 2 2 2 2 2
left_child=1 2 8 6 16 19 52 15 -1 11 13 12 18 14 -6 20 36 39 -10 -3 -8 41 -23 24 35 -15 -14 28 -11 55 -17 37 38 -13 -26 -7 -2 49 -27 -18 -29 -9 48 57 -40 46 -37 -47 -25 -5 -12 -52 -4 -54 -55 -19 -57 -16 -45 -51 62 -36 -50
right_child=4 5 3 31 10 23 7 21 9 27 50 33 26 25 43 30 17 29 -20 -21 -22 22 -24 42 34 32 -28 40 -30 -31 -32 -33 -34 -35 61 45 -38 -39 44 -41 -42 -43 -44 58 -46 47 -48 -49 60 59 51 -53 53 54 -56 56 -58 -59 -60 -61 -62 -63 -64
leaf_value=0.025076723626579145 0.0086428582820464173 -0.17389263197779656 0.013361916594672946 0.061205183253230822 0.026413046568632127 -0.0074920173699036235 -0.083898680622447014 -0.0055433505629984342 -0.04271260165572166 -0.027836906767066787 0.06814346484418185 -0.13968248213209758 -0.01170668671118482 0.057426852599850725 0.0466754414250211 0.0096750928571820247 -0.035205961276910128 0.0017095855959425015 -0.11346271394415104 -0.087754939736967741 -0.034645388694452751 0.045364587548884408 0.0063803569960976594 -0.022005340015854347 -0.10724594788117843 0.031881391707435244 -0.048451872385183316 -0.043528598586436859 0.0066066290438175201 0.04279589422817888 -0.034664946984161026 0.022193694171562257 0.046229836930662897 -0.080729388074671976 -0.078859616915384928 -0.068662879180908201 0.042461677020755262 0.071829280343922691 -0.017591023170766797 -0.077432406598871406 -0.017660860603959379 -0.033961451380718044 -0.011196884277619813 0.081998700220980242 0.009952561424791135 -0.024454966249137088 -0.039140371246771374 -0.045590909782208894 -0.029112724567001515 0.032466001547873019 0.095466018968327029 0.072351039435380876 0.036783122720509542 0.012622631042112791 0.027449210137128827 0.030017034146806287 0.00010205787739583424 0.066548667669296263 0.06408513584915472 0.047083961167884748 -0.026609797448266383 -0.061856098843031913 -0.042780149308283152
leaf_weight=82 70 47 59 82 171 49 72 204 49 254 52 40 105 83 40 124 41 167 93 43 340 157 338 87 54 49 304 202 167 86 65 83 58 46 44 74 180 164 73 43 58 40 56 198 43 86 76 170 43 47 156 66 136 85 482 57 76 99 48 190 42 115 163
leaf_count=82 70 47 59 82 171 49 72 204 49 254 52 40 105 83 40 124 41 167 93 43 340 157 338 87 54 49 304 202 167 86 65 83 58 46 44 74 180 164 73 43 58 40 56 198 43 86 76 170 43 47 156 66 136 85 482 57 76 99 48 190 42 115 163
internal_value=-9.14314e-05 -0.0142043 -0.0036397 0.0139815 0.0395645 -0.0515723 0.00378938 -0.0091092 -0.0372067 -0.0410977 0.056551 -0.0600958 -0.0522099 0.0473362 0.0584731 -0.03159 0.0127224 0.00185483 -0.0895184 -0.134155 -0.0434351 0.00919154 0.0188116 -0.044434 -0.0524429 0.0269761 -0.0390701 -0.0232651 -0.0141908 0.0148819 -0.00567632 0.0517593 0.0154366 -0.10944 -0.0776753 -0.0404863 0.0330646 0.0567836 0.00439908 -0.0574785 -0.0378479 -0.0103217 -0.0306526 0.0726074 -0.0073831 -0.0444402 -0.0540631 -0.0386133 -0.0338619 0.0488482 0.0852629 0.0889493 0.0264542 0.0275324 0.0252527 0.00676431 0.0130511 0.061204 0.078777 0.0443336 -0.0379162 -0.0670249 -0.0400817
internal_weight=7073 5217 4068 2668 1856 1149 2102 1340 1400 1318 1136 637 551 862 556 601 720 470 142 90 412 739 495 1059 668 306 409 681 421 386 189 566 223 86 213 455 250 483 165 84 260 244 391 385 116 406 150 256 335 319 274 222 762 703 567 300 133 139 246 237 248 159 206
internal_count=7073 5217 4068 2668 1856 1149 2102 1340 1400 1318 1136 637 551 862 556 601 720 470 142 90 412 739 495 1059 668 306 409 681 421 386 189 566 223 86 213 455 250 483 165 84 260 244 391 385 116 406 150 256 335 319 274 222 762 703 567 300 133 139 246 237 248 159 206
is_linear=0
shrinkage=0.06


Tree=3
num_leaves=64
num_cat=0
split_feature=9 9 9 9 7 9 9 1 9 4 3 9 1 9 9 0 9 9 9 9 9 9 7 9 9 9 9 9 1 3 5 9 9 9 9 9 9 0 9 5 5 9 9 8 9 5 5 9 9 9 9 9 9 9 9 9 9 9 9 1 9 0 8
split_gain=923.6 534.654 564.434 247.37 209.648 161.574 147.271 138.531 89.7122 135.513 74.4559 65.159 59.8894 48.9902 86.4018 48.0526 35.083 44.8058 30.3981 47.5416 30.02 113.729 27.9423 24.5296 28.3084 23.56 30.9121 22.2086 20.6892 18.6084 15.5375 15.003 13.9316 22.6224 12.0946 11.6119 10.1789 7.56902 7.48727 7.29831 13.2904 8.40442 6.33321 5.93874 5.87639 5.68362 5.156 4.81379 4.77249 4.69213 4.52216 4.04898 3.16938 3.15113 3.05999 2.26593 2.16446 8.20027 1.2967 1.2116 1.03693 0.987842 0.841525
threshold=0.82694086432456981 0.26118339598178869 -1.0429430603981016 -0.01348631316795945 0.56417387723922741 0.3024504035711289 -0.67153990268707264 1.0000000180025095e-35 -1.6757040023803709 -0.13390543684363362 1.9201549887657168 0.90947490930557262 1.0000000180025095e-35 1.2675660848617556 1.3075019121170046 0.21460897475481036 -0.35959677398204798 -0.27972511947154993 0.63436147570610057 0.52254116535186779 -1.373079180717468 -1.4143462181091306 0.68115335702896129 -1.1667441129684446 -1.249278128147125 1.5338048934936526 1.102054297924042 0.21991638094186786 -0.37463472038507456 1.0000000180025095e-35 1.8532593846321108 0.5500524938106538 1.1295656561851504 1.6802362799644472 1.4539332389831545 1.1845883131027224 0.12362667545676233 0.27957032620906835 -1.0704543590545652 -0.3694873303174972 0.21707098931074145 0.3299617618322373 0.7994295358657838 -0.26998245716094965 0.97825327515602123 -0.67820259928703297 1.7297728657722475 0.19240503013134005 1.4539332389831545 0.44000713527202612 0.041092643514275558 -1.7032153010368345 -0.69905126094818104 0.67562848329544078 -1.0154317021369932 -0.96040901541709889 1.3873735666275027 1.4139974117279055 0.7719181776046754 -0.63816359639167775 0.85445222258567821 0.19295527786016467 0.12094683200120927
decision_type=2 2 2 2 2 2 2 2 2 2 2 2 2 2 2 2 2 2 2 2 2 2 2 2 2 2 2 2 2 2 2 2 2 2 2 2 2 2 2 2 2 2 2 2 2 2 2 2 2 2 2 2 2 2 2 2 2 2 2 2 2 2 2
left_child=1 2 8 6 13 -3 52 15 51 20 11 60 28 35 37 29 43 -18 19 39 21 45 -17 24 -22 26 44 36 -11 -8 -27 -21 -12 46 56 -2 50 -15 -25 41 -41 -7 53 -9 -13 -10 -34 -38 -28 -42 -5 -1 54 -20 -4 -56 -16 -58 59 -55 -6 -33 -29
right_child=4 5 3 27 10 18 7 16 9 12 32 25 -14 14 34 22 17 -19 42 31 23 -23 -24 38 -26 30 48 62 -30 -31 -32 61 33 -35 -36 -37 47 -39 -40 40 49 -43 -44 -45 -46 -47 -48 -49 -50 -51 -52 -53 -54 58 55 -57 57 -59 -60 -61 -62 -63 -64
leaf_value=0.027584948480129243 0.0060332243533974339 -0.12838802644809666 0.012455640546014082 0.056012981447306542 0.017760409316734262 -0.041656051005782749 -0.028256758561357856 -0.0054541129304069872 -0.012780316204477388 -0.068539724528429005 0.047357392187388436 0.057240091516421392 -0.034849220459108002 -0.07472461700439452 0.0012977936978118036 -0.0019187706381821954 0.043291034374809904 0.0053209049691640038 -0.021280980588857346 -0.10043150437505621 -0.025539129809106245 -0.10584844149649143 -0.035606798110529782 -0.041325405784696338 0.0062445510273533211 0.086852655672179216 0.018148465849459169 0.013651975591412999 -0.11475350634919272 -0.066155413814374939 0.04452049412923615 -0.07393551492691039 0.0076533693639451962 0.043006393250666165 0.037252303901708354 0.041582983211401671 0.071000669814170678 -0.03774557668596823 -0.016752400921627147 -0.067247178139893907 -0.026033047685563471 -0.0091525180567198008 -0.010097381554936108 -0.030443149601200186 0.074388951121178354 -0.031069617335385873 -0.017734315594495276 0.048410329729318621 0.04216993144967339 -0.043176861352400286 0.039375948767576892 0.0050422177463769905 0.011461010951487745 -0.022535757486309323 0.035479485190242806 0.025576247803701904 0.029025108641279596 -0.0015677085814818944 -0.044301795589512791 -0.03542576533191058 0.028452803150467249 -0.058885420222920697 0.026356143613414065
leaf_weight=59 43 85 57 109 56 57 74 212 103 61 52 142 80 41 158 199 166 340 79 56 238 79 159 199 174 231 44 43 107 137 40 44 67 56 52 148 140 46 60 68 96 58 56 40 225 158 49 59 109 172 167 56 60 41 108 541 55 72 57 146 114 126 40
leaf_count=59 43 85 57 109 56 57 74 212 103 61 52 142 80 41 158 199 166 340 79 56 238 79 159 199 174 231 44 43 107 137 40 44 67 56 52 148 140 46 60 68 96 58 56 40 225 158 49 59 109 172 167 56 60 41 108 541 55 72 57 146 114 126 40
internal_value=-4.9554e-05 -0.0129462 -0.00266491 0.0135103 0.0369504 -0.0491804 0.00403808 -0.00805377 -0.0338605 -0.0384927 0.0516924 0.0589524 -0.0781752 0.00850736 -0.00287245 -0.0304027 0.00874063 0.0178383 -0.0426894 -0.050326 -0.0286908 -0.0432173 -0.0169383 -0.0212768 -0.0121333 0.0661967 0.0584503 0.0489689 -0.0984784 -0.0530599 0.080791 -0.07282 0.0204223 0.0120525 0.0109221 0.0336527 0.0539754 -0.0558236 -0.0357191 -0.0389179 -0.0434269 -0.0254832 -0.0289516 -0.00952528 0.0679273 -0.0239283 -0.00313066 0.0645786 0.0354245 -0.0371554 0.0461249 0.0167457 0.0249689 -0.0321792 0.026099 0.0272763 0.00600459 0.0118044 -0.0356065 -0.0327345 0.0250551 -0.0631903 0.0200153
internal_weight=6966 5166 4025 2651 1800 1141 2093 1327 1374 1259 1185 961 248 615 424 569 758 506 1056 677 1011 340 358 671 412 791 520 558 168 211 271 226 224 172 337 191 475 87 259 451 336 115 379 252 367 261 116 199 153 268 276 115 766 323 706 649 285 127 244 187 170 170 83
internal_count=6966 5166 4025 2651 1800 1141 2093 1327 1374 1259 1185 961 248 615 424 569 758 506 1056 677 1011 340 358 671 412 791 520 558 168 211 271 226 224 172 337 191 475 87 259 451 336 115 379 252 367 261 116 199 153 268 276 115 766 323 706 649 285 127 244 187 170 170 83
is_linear=0
shrinkage=0.06


Tree=4
num_leaves=64
num_cat=0
split_feature=6 5 8 4 8 1 8 6 1 0 8 3 3 1 1 5 6 5 3 1 1 4 1 6 1 6 1 6 4 4 1 4 1 1 3 1 4 3 8 3 2 3 4 0 4 4 6 0 6 3 6 4 5 6 4 3 5 5 1 4 5 4 5
split_gain=785.091 326.653 333.15 304.888 148.218 124.516 84.6765 66.4924 56.3922 55.316 62.9862 44.7025 58.5682 41.0478 34.8514 34.1537 32.0211 25.9375 25.6384 23.3884 36.6654 20.5242 19.9105 26.4664 19.6432 18.6095 56.8205 18.3355 17.5172 15.4566 15.0268 34.2443 14.4163 14.1228 13.4286 13.0632 21.3708 12.2448 30.9063 12.1184 11.5096 11.1013 10.2627 9.87455 11.1184 9.50215 9.3789 9.26983 13.8514 8.91542 8.69748 7.83362 7.41187 6.64959 6.54627 6.47252 5.61338 5.21824 4.504 4.48138 4.06672 3.44987 3.42361
threshold=0.97087427973747265 -0.46210168302059168 0.15731298178434375 -0.16768633574247357 0.47096353769302374 0.1524230241775513 -1.3109450936317442 -0.95686948299407948 -1.4287564754486082 0.43114647269248968 -0.019971305504441258 2.0607353448867802 1.0766730904579165 0.41595189273357397 1.0000000180025095e-35 0.46404260396957403 1.2196152210235598 1.0814723968505862 -1.4537760615348814 1.2065384984016421 0.1524230241775513 -0.33589969575405115 -0.63816359639167775 -0.95686948299407948 -1.4287564754486082 0.10028097406029703 1.0000000180025095e-35 0.038097223732620485 0.2700809538364411 -0.57167378067970265 1.2065384984016421 1.0442760586738589 0.1524230241775513 -0.90169563889503468 1.6389943361282351 -1.4287564754486082 1.0780558586120608 -0.75087112188339222 -0.57908928394317616 -0.18854984268546102 -0.1712960675358772 0.3737714439630509 -0.032564855180680745 0.06303309835493566 -0.47033214569091791 0.80919095873832714 1.2818019390106203 0.25791636854410177 -0.1484599597752094 0.3737714439630509 1.4061723947525027 0.034307916648685939 0.24794243276119235 1.4683561325073244 1.1118367314338686 0.79551240801811229 0.58752840757370006 0.95798584818840038 -0.63816359639167775 0.33764275908470159 -1.0486600399017332 0.23630111664533618 1.1740867495536806
decision_type=2 2 2 2 2 2 2 2 2 2 2 2 2 2 2 2 2 2 2 2 2 2 2 2 2 2 2 2 2 2 2 2 2 2 2 2 2 2 2 2 2 2 2 2 2 2 2 2 2 2 2 2 2 2 2 2 2 2 2 2 2 2 2
left_child=1 2 3 6 16 47 21 43 -3 10 25 12 18 14 33 32 -2 51 24 20 -14 22 23 -1 -6 26 -5 42 -27 -24 -18 55 40 -10 53 62 45 -35 -39 -23 -16 -12 -7 -8 -45 -37 -36 48 -4 -44 -38 56 -53 -22 -13 -32 -15 -56 -9 -29 -60 -54 -20
right_child=4 8 5 9 11 27 7 58 13 -11 41 54 19 17 15 -17 30 -19 35 -21 34 39 29 -25 -26 28 -28 59 -30 -31 31 -33 -34 37 46 36 50 38 -40 -41 -42 -43 49 44 -46 -47 -48 -49 -50 -51 -52 52 61 -55 57 -57 -58 -59 60 -61 -62 -63 -64
leaf_value=-0.018653346503992758 0.0315841394262181 0.020740283251698338 -0.041657315729264642 -0.082176013439893725 0.032593210172653195 0.042604339644707764 -0.029554561672865281 0.024129427495690133 -0.021478073842079583 0.0030515473484992979 -0.034511233711931502 0.0331801498394746 0.072528437462720002 -0.0055488375846932574 -0.031835984613069079 -0.031169852950966439 0.02144028892474515 -0.065504860761357794 0.060089431279296175 0.076480081545666226 0.03153634114109951 -0.066059607770456386 -0.011992345001624041 0.013486708920510088 -0.021157748838886617 -0.057319848043162647 -0.027805046645494609 0.039183491420745849 -0.11025257311483372 -0.036608902133192942 0.009803616358746917 -0.045976041383468183 0.030590466482994644 -0.031791399627935465 0.033156279040766609 0.036566754808308372 0.036697637147091802 -0.09117953412099318 -0.040478429876366372 -0.022327593626841058 0.0051211290405492995 0.0052264463931930303 0.016603741338013768 0.012091663747675495 -0.011093983903087013 0.008152092159208325 -0.0047773210822445586 0.0013747265739248522 0.0017712338164795277 0.037529758285198896 0.076080971360206598 -0.059685258630074949 -0.023122983481819657 0.064546226543538698 0.023211145208257695 -0.0098822710233086586 -0.036767889342524791 -0.002697647583457486 0.0032617014794892002 0.06214984401019618 0.020036022654642101 -0.042334356924114018 0.042136130681852013
leaf_weight=185 145 66 70 176 49 282 69 467 163 59 52 51 164 40 43 216 83 213 108 241 45 42 221 182 47 40 116 49 66 158 166 64 51 242 55 70 46 54 226 52 97 48 160 100 283 107 40 78 42 139 41 75 54 50 45 93 43 71 85 135 135 114 81
leaf_count=185 145 66 70 176 49 282 69 467 163 59 52 51 164 40 43 216 83 213 108 241 45 42 221 182 47 40 116 49 66 158 166 64 51 242 55 70 46 54 226 52 97 48 160 100 283 107 40 78 42 139 41 75 54 50 45 93 43 71 85 135 135 114 81
internal_value=0.000204409 -0.0117912 -0.00129181 -0.0126662 0.0336155 0.0288944 -0.00162059 0.00903485 -0.0333765 -0.0518374 -0.0583334 0.0445835 0.0488163 -0.0355777 -0.028841 -0.0148825 0.00748568 -0.0491475 0.0345743 0.0618772 0.0517482 -0.0160624 -0.0126969 -0.00272134 0.00633081 -0.069011 -0.0607452 0.0396814 -0.0910003 -0.022324 -0.00117737 -0.00703757 0.00360308 -0.0371009 0.0335257 0.0405325 0.0316862 -0.0419288 -0.0505462 -0.0423571 -0.00637527 -0.0155743 0.0343375 -0.00882616 -0.00502457 0.0195318 0.0173008 -0.0145178 -0.0255001 0.0264246 0.0559112 -0.0382923 -0.0437553 0.0494013 0.0154693 0.00272412 -0.0219677 0.00746566 0.0207819 0.0562787 0.0135991 -0.0363326 0.0526574
internal_weight=7050 5188 3491 2536 1862 955 1979 1139 1697 557 498 1311 1144 1631 1092 407 551 539 549 595 354 840 746 367 96 398 292 765 106 379 406 323 191 685 190 453 264 522 280 94 140 100 581 452 383 177 95 190 112 299 87 326 243 95 167 259 83 116 687 184 220 168 189
internal_count=7050 5188 3491 2536 1862 955 1979 1139 1697 557 498 1311 1144 1631 1092 407 551 539 549 595 354 840 746 367 96 398 292 765 106 379 406 323 191 685 190 453 264 522 280 94 140 100 581 452 383 177 95 190 112 299 87 326 243 95 167 259 83 116 687 184 220 168 189
is_linear=0
shrinkage=0.06


Tree=5
num_leaves=64
num_cat=0
split_feature=9 9 9 9 7 9 9 1 9 9 3 9 9 9 9 9 9 9 4 5 1 9 9 9 9 9 9 9 9 1 9 9 6 6 9 7 1 9 9 9 9 1 9 9 9 9 9 9 9 9 3 9 9 3 9 6 9 9 1 6 3 9 6
split_gain=758.378 398.728 465.15 191.207 159.974 124.135 114.67 112.896 72.4563 112.335 64.3967 53.8778 73.1175 47.5218 46.1018 64.4516 40.508 63.7018 36.2321 27.8277 29.6954 21.2059 38.5284 21.0764 30.5861 20.1356 23.7207 17.9812 15.8012 13.059 21.9592 12.6462 12.2603 11.8634 8.51623 8.49865 7.69161 6.49716 6.20846 5.18067 5.09334 8.4537 4.864 4.57898 4.17772 3.6027 6.72814 3.26726 3.21337 3.20171 2.68758 2.25545 3.70355 2.24945 1.79422 1.50378 1.20839 1.10456 1.26264 1.0261 0.721489 0.651295 0.625679
threshold=0.82694086432456981 0.26118339598178869 -1.0429430603981016 -0.01348631316795945 0.54746168851852428 0.3024504035711289 -0.67153990268707264 1.0000000180025095e-35 -1.6757040023803709 -1.6344369649887083 1.9201549887657168 -1.373079180717468 -1.4143462181091306 0.90947490930557262 -0.63027289509773243 -0.41284452378749842 1.2675660848617556 1.3075019121170046 -0.13390543684363362 -1.2338887453079221 0.1524230241775513 0.63436147570610057 0.52254116535186779 1.5338048934936526 1.102054297924042 -1.1667441129684446 -1.249278128147125 0.21991638094186786 1.6403004527091982 0.41595189273357397 1.6802362799644472 0.5500524938106538 0.10028097406029703 0.038097223732620485 0.39874011278152471 -1.5916000008583067 0.94300961494445812 1.4406213760375979 -1.0704543590545652 0.93698623776435863 1.6536123752593996 0.67948076128959667 0.7994295358657838 0.44000713527202612 1.4406213760375979 1.4139974117279055 1.3873735666275027 0.68938416242599498 0.027336971834301952 -1.7032153010368345 -0.89145144820213307 -0.71280694007873524 -0.78158527612686146 0.79551240801811229 -0.94665333628654469 1.2196152210235598 0.10987100377678873 0.7719181776046754 -0.63816359639167775 1.4061723947525027 0.93609276413917553 0.85445222258567821 0.10028097406029703
decision_type=2 2 2 2 2 2 2 2 2 2 2 2 2 2 2 2 2 2 2 2 2 2 2 2 2 2 2 2 2 2 2 2 2 2 2 2 2 2 2 2 2 2 2 2 2 2 2 2 2 2 2 2 2 2 2 2 2 2 2 2 2 2 2
left_child=1 2 8 6 16 -3 51 14 49 -10 13 12 18 61 -8 -16 36 -18 -11 -9 -21 22 32 24 39 26 -13 33 -25 -12 40 -24 -7 48 50 -14 -2 45 -27 -15 41 -31 47 -36 -26 46 60 -23 -5 -1 -34 52 54 -29 -4 -41 -50 58 -49 -46 -19 -6 -35
right_child=4 5 3 27 10 21 7 19 9 11 29 25 35 23 15 -17 17 37 -20 20 -22 42 31 28 44 38 -28 53 -30 30 -32 -33 34 62 43 -37 -38 -39 -40 55 -42 -43 -44 -45 59 -47 -48 57 56 -51 -52 -53 -54 -55 -56 -57 -58 -59 -60 -61 -62 -63 -64
leaf_value=0.026296649670825813 0.0071113294948424617 -0.11457245049101333 0.025932445726452431 0.051462861696879067 0.016258764649844833 -0.012784558758472226 -0.067658616907096333 -0.014748010736133828 -0.10534283122459015 -0.020234677120293865 0.042510824021646527 -0.022768531403072723 -0.0742662199761005 0.042701226294040676 0.004567649165562346 -0.038478860640996378 -0.051312532049138097 0.0043684522352085853 -0.055105229094221782 -0.00045240785825349713 0.026115900140134089 -0.020158830548503568 -0.089223094188560864 0.079473016428392981 0.014627292344004523 -0.037322944769233313 0.0063969759863634866 0.0075733992257047177 0.045585739364226656 -0.015378710961965627 0.039512545215416577 -0.055269072163850068 -0.063198598353367927 0.051926725965279801 -0.020458981350150913 -0.11676212049112088 0.036679811536120502 0.027249377090822566 -0.014021465392275289 0.059860247879812166 -0.021393830550879966 0.02108443478331426 -0.0096373904986601124 -0.037874736295039339 0.03010550931488213 -0.0093047702457341886 0.025956056821825245 -0.020661031726909716 0.033314359703260223 0.0057663168873508669 -0.042284890452369314 0.012787163529407094 0.032378215927941101 0.027130726456642152 0.018418375776260747 0.071640860492532904 0.044487531994070323 -0.040766303060484711 -0.03339058098077774 0.042325303223678619 -0.0043728177435696123 0.025077490202621022 0.06487533761336739
leaf_weight=52 41 80 195 80 53 83 83 148 76 260 58 245 46 59 223 284 79 116 184 275 336 111 58 214 48 198 169 42 71 42 61 159 52 51 85 40 147 54 54 218 40 48 56 175 75 53 55 45 163 58 60 80 143 44 325 98 62 60 124 58 47 112 112
leaf_count=52 41 80 195 80 53 83 83 148 76 260 58 245 46 59 223 284 79 116 184 275 336 111 58 214 48 198 169 42 71 42 61 159 52 51 85 40 147 54 54 218 40 48 56 175 75 53 55 45 163 58 60 80 143 44 325 98 62 60 124 58 47 112 112
internal_value=0.000106119 -0.0116722 -0.00277813 0.0119569 0.0331019 -0.0428494 0.00364905 -0.00677623 -0.0309783 -0.0350172 0.0452222 -0.0304641 -0.0447335 0.0519826 -0.026441 -0.0195735 0.00737487 -0.00334319 -0.0347769 0.00852466 0.0141768 -0.0373747 -0.0438863 0.057761 0.0507466 -0.0190585 -0.0108761 0.0432656 0.0712198 0.0178105 0.0101275 -0.064712 -0.0338338 0.0479016 -0.0384835 -0.0951467 0.0303031 0.00843868 -0.0324049 0.0605423 -0.00385721 0.00408629 -0.0262421 -0.0322813 0.0302305 0.00460403 0.00801257 -0.0289407 0.0406365 0.015621 -0.0524682 0.022561 0.0237193 0.0177763 0.0212805 0.0637282 0.0365764 -0.0330912 -0.0301425 0.0357105 0.00183667 0.0223598 0.0611653
internal_weight=7023 5176 4028 2646 1847 1148 2092 1349 1382 1272 1255 1196 530 1006 590 507 592 404 444 759 611 1068 672 841 556 666 414 554 285 249 191 217 455 468 372 86 188 325 252 375 130 90 396 260 181 271 218 340 305 110 112 743 663 86 520 316 225 229 169 133 163 165 163
internal_count=7023 5176 4028 2646 1847 1148 2092 1349 1382 1272 1255 1196 530 1006 590 507 592 404 444 759 611 1068 672 841 556 666 414 554 285 249 191 217 455 468 372 86 188 325 252 375 130 90 396 260 181 271 218 340 305 110 112 743 663 86 520 316 225 229 169 133 163 165 163
is_linear=0
shrinkage=0.06


Tree=6
num_leaves=64
num_cat=0
split_feature=9 9 9 9 8 9 9 1 9 9 4 3 9 9 9 9 9 9 9 4 2 9 9 1 3 9 9 1 9 9 9 2 9 6 6 9 5 4 6 9 2 9 6 9 9 3 9 9 9 2 3 9 3 9 9 9 9 2 2 9 2 4 2
split_gain=662.857 363.541 411.392 179.136 122.933 122.272 103.474 89.6118 67.7001 108.954 42.7542 41.4943 53.4631 40.5478 64.4805 37.5383 40.6991 35.5522 42.8939 32.5425 27.4033 24.2325 23.5468 27.4606 22.7674 19.6931 34.845 16.9216 16.8116 20.5921 16.0086 14.6784 11.2968 10.2083 9.99224 9.32476 7.74534 6.05033 5.9797 5.30276 4.78648 4.45549 11.1928 4.02036 3.88616 3.74382 3.70469 3.00879 2.73284 2.70191 2.83942 2.34135 2.3364 2.26419 2.87214 2.41968 2.05832 1.73872 1.56669 1.43014 1.29292 1.14758 1.14398
threshold=0.82694086432456981 0.26118339598178869 -1.0429430603981016 -0.01348631316795945 0.40732413530349737 0.3024504035711289 -0.67153990268707264 1.0000000180025095e-35 -1.6757040023803709 -1.6344369649887083 -0.94188034534454335 2.0607353448867802 1.5204929709434511 -1.373079180717468 -1.4143462181091306 1.102054297924042 0.90947490930557262 1.2675660848617556 1.2941899895668032 -0.13390543684363362 0.54540804028511058 -0.41284452378749842 -0.50647184252738942 0.1524230241775513 1.0000000180025095e-35 0.63436147570610057 0.52254116535186779 1.2065384984016421 -1.1667441129684446 -1.249278128147125 0.21991638094186786 0.17619657516479495 0.5500524938106538 0.038097223732620485 0.038097223732620485 1.6802362799644472 0.98885804414749157 1.1456176638603213 0.34902189671993261 -1.0704543590545652 0.089323412626981749 1.4406213760375979 1.2196152210235598 0.7994295358657838 1.3873735666275027 -0.46971046924591059 0.97825327515602123 0.68938416242599498 0.027336971834301952 0.76258990168571483 0.79551240801811229 1.4139974117279055 0.79551240801811229 -1.0154317021369932 -0.96040901541709889 -0.89163067936897267 -1.7032153010368345 0.52368924021720897 -0.12786052748560903 1.0745429992675783 0.80602750182151806 0.70784932374954235 0.30650527775287634
decision_type=2 2 2 2 2 2 2 2 2 2 2 2 2 2 2 2 2 2 2 2 2 2 2 2 2 2 2 2 2 2 2 2 2 2 2 2 2 2 2 2 2 2 2 2 2 2 2 2 2 2 2 2 2 2 2 2 2 2 2 2 2 2 2
left_child=1 2 8 6 17 20 53 10 56 40 21 12 15 14 19 16 -6 37 -19 -11 -3 -8 -9 -24 -12 26 33 -14 29 -15 34 -16 -28 -7 48 36 -13 -2 45 -30 -10 42 -17 47 49 -35 62 -27 -5 50 -20 -44 -32 -4 -55 -56 -1 -40 -50 -48 -49 -43 -18
right_child=4 5 3 30 11 25 7 22 9 13 24 35 27 28 31 41 46 18 44 -21 -22 -23 23 -25 -26 43 32 -29 39 -31 52 -33 -34 38 -36 -37 -38 -39 57 -41 -42 61 51 -45 -46 -47 59 60 58 -51 -52 -53 -54 54 55 -57 -58 -59 -60 -61 -62 -63 -64
leaf_value=0.024573600191090787 0.032166381785064001 -0.14746532329698889 0.0089775090655570631 0.048677248827048714 0.021048793229785541 -0.0051010299898916851 0.014655337018795825 -0.01442829129217355 -0.079348387747276108 -0.018295490859438563 -0.019089223375428385 0.016905145098507875 0.040259298209736984 -0.021401512236884378 -0.11592065061737851 0.032439783377225286 0.040273006837214194 -0.059425323890894652 0.00081637782814062158 -0.05159472121433778 -0.073864637682350673 -0.023143479538604964 -0.001676528646873877 0.024134328280407819 -0.051024749386927172 -0.019078414774834154 -0.08409453325352427 0.072781304948650274 -0.034931788155148781 0.0060480420463226775 0.0063423656352928704 -0.061796907739979874 -0.052325808125179868 -0.047405074281795398 0.057375847622752191 0.034159432184302577 -0.012918798854627477 0.0070127218934156153 -0.01536528384933869 -0.013557160897180438 -0.11495375551960685 0.035896780121326445 0.0087978375506708797 -0.0098880091925167418 0.016649326103925704 -0.032785775875145536 0.064965097487918913 -0.033661641877206321 0.023727765875783832 0.0079131789381305367 -0.017507310825315391 -0.008918185306882315 0.02624286494501259 0.030858555197201924 0.013076516389025045 0.022456431963033503 0.0078590167318988175 -0.031612299474519351 0.037562639784354424 0.049890457248687743 -0.020928499528834986 0.023781472724853172 0.054279193100721941
leaf_weight=55 127 40 53 83 163 47 115 148 40 269 136 72 81 253 40 70 61 49 68 175 40 128 275 321 202 116 58 246 200 160 41 41 171 125 167 52 54 48 62 55 43 49 68 58 49 158 188 180 43 62 54 43 45 115 135 435 53 42 194 49 42 100 68
leaf_count=55 127 40 53 83 163 47 115 148 40 269 136 72 81 253 40 70 61 49 68 175 40 128 275 321 202 116 58 246 200 160 41 41 171 125 167 52 54 48 62 55 43 49 68 58 49 158 188 180 43 62 54 43 45 115 135 435 53 42 194 49 42 100 68
internal_value=1.25267e-05 -0.010973 -0.00249144 0.011416 0.0311241 -0.0408794 0.00316558 -0.00686276 -0.0289691 -0.032829 -0.0244995 0.0401421 0.0441955 -0.0281503 -0.0406248 0.0362579 0.0461644 0.00417921 -0.00899944 -0.0315066 -0.112031 -0.0052684 0.00692445 0.0122421 -0.0382692 -0.0354038 -0.0417467 0.0648727 -0.0183001 -0.0107784 0.0410633 -0.0896124 -0.0607027 -0.031628 0.0452803 0.0130391 0.00412238 0.0253461 -0.0348281 -0.0303925 -0.0989434 0.0202859 0.0138345 -0.0247059 0.00181378 -0.0393872 0.0572619 -0.027212 0.0388088 -0.00220563 -0.0073705 0.00191652 0.0169374 0.0211553 0.0220831 0.0202617 0.0165184 -0.0221652 0.0351628 0.0620711 -0.0313573 0.0279785 0.0480169
internal_weight=6980 5159 4020 2636 1821 1139 2063 1325 1384 1276 581 1364 1186 1193 525 859 529 457 282 444 80 243 744 596 338 1059 663 327 668 413 573 81 229 434 487 178 126 175 387 255 83 330 181 396 233 283 366 338 320 184 122 111 86 738 685 570 108 104 237 237 222 149 129
internal_count=6980 5159 4020 2636 1821 1139 2063 1325 1384 1276 581 1364 1186 1193 525 859 529 457 282 444 80 243 744 596 338 1059 663 327 668 413 573 81 229 434 487 178 126 175 387 255 83 330 181 396 233 283 366 338 320 184 122 111 86 738 685 570 108 104 237 237 222 149 129
is_linear=0
shrinkage=0.06


Tree=7
num_leaves=64
num_cat=0
split_feature=9 9 9 9 7 9 9 1 9 9 3 9 9 9 0 9 9 4 7 9 9 9 9 9 9 9 9 5 9 6 9 9 6 9 6 9 9 9 9 9 9 9 4 9 3 9 9 9 9 3 9 9 9 9 9 9 6 6 0 9 6 9 7
split_gain=592.295 325.048 353.982 156.845 125.676 105.041 94.0635 75.3114 57.9818 92.9893 47.1898 39.8159 38.0692 52.3714 37.7636 32.3758 53.2057 29.4213 24.3331 21.9188 19.3183 17.8477 30.2545 16.9612 23.6992 16.0317 17.9301 14.086 13.649 12.7963 11.3364 17.8862 10.3985 10.0229 8.1872 7.74909 6.50448 6.1498 4.25304 6.03818 3.95829 3.8569 3.73298 3.73193 3.47683 3.43453 3.17051 3.02982 5.34855 2.73215 2.59342 2.54578 2.06343 2.02331 2.70108 1.30495 1.21685 1.19781 1.1417 0.808407 0.761703 0.617306 0.311561
threshold=0.82694086432456981 0.26118339598178869 -1.0429430603981016 -0.01348631316795945 0.54746168851852428 0.3024504035711289 -0.68529558181762684 0.1524230241775513 -1.6757040023803709 -1.6344369649887083 1.9201549887657168 0.90947490930557262 -1.373079180717468 -1.4143462181091306 0.25791636854410177 1.2675660848617556 1.2941899895668032 -0.13390543684363362 -0.90643143653869618 -0.13329377770423886 -0.27972511947154993 0.63436147570610057 0.52254116535186779 1.5338048934936526 1.102054297924042 -1.1667441129684446 -1.249278128147125 1.8532593846321108 0.21991638094186786 -0.27283042669296259 1.1295656561851504 1.6802362799644472 0.10028097406029703 0.5500524938106538 0.10028097406029703 0.39874011278152471 1.4406213760375979 1.1979002952575686 1.6536123752593996 1.1708326339721682 -1.0704543590545652 0.93698623776435863 -0.13390543684363362 0.44000713527202612 1.0766730904579165 0.7994295358657838 1.4406213760375979 1.4139974117279055 1.3873735666275027 -0.75087112188339222 -1.7032153010368345 0.67562848329544078 -1.0154317021369932 -0.96040901541709889 -0.89163067936897267 0.7719181776046754 1.0000000180025095e-35 1.2196152210235598 0.19295527786016467 0.74440684914588939 1.4061723947525027 0.85445222258567821 0.046119431033730514
decision_type=2 2 2 2 2 2 2 2 2 2 2 2 2 2 2 2 2 2 2 2 2 2 2 2 2 2 2 2 2 2 2 2 2 2 2 2 2 2 2 2 2 2 2 2 2 2 2 2 2 2 2 2 2 2 2 2 2 2 2 2 2 2 2
left_child=1 2 8 6 15 -3 52 14 50 -10 11 61 13 17 19 37 -17 -11 -9 -8 -16 22 32 24 41 26 -14 -25 34 -20 -12 38 62 -24 42 49 44 -2 39 -32 -27 -13 -5 -37 47 51 -26 48 -18 -34 -1 -23 -4 -54 -55 59 -44 -43 -35 -53 -48 -6 -7
right_child=4 5 3 28 10 21 7 18 9 12 30 23 25 -15 20 16 36 -19 29 -21 -22 45 33 27 46 40 -28 -29 -30 -31 31 -33 35 58 -36 43 -38 -39 -40 -41 -42 57 56 -45 -46 -47 60 -49 -50 -51 -52 55 53 54 -56 -57 -58 -59 -60 -61 -62 -63 -64
leaf_value=0.023285600841045379 0.010277859466640572 -0.10198182725379694 0.0092187316979489928 0.030031340837478635 0.013885750509798525 -0.0066017962428854731 -0.027996677700134292 -0.012718260729642107 -0.090549217434816573 -0.017005279693411968 0.038565356156655725 0.038240164254532485 -0.019491509725581856 -0.082394225310396252 0.0093668558420763621 -0.056710406377127293 0.0021146933632818134 -0.048344275960049851 0.039328759253025057 0.017167609208928687 -0.019716471171960598 -0.015850007163032014 -0.079453832671560087 0.068786743230096273 0.012285647258162497 -0.032552389721386132 0.0055656073866744661 0.031917474085930736 0.015569444957834022 0.014131682726744966 -0.010400762214724506 0.036373307681484619 -0.056620571124749101 -0.059509579081868019 0.057604873276182585 -0.016699864747813091 0.024348589381889291 0.03424795669965202 -0.019501807562461712 0.020815634603225965 -0.013649390902784135 0.052946450395716556 0.036826836449351717 -0.033171888558455265 -0.010581123511322208 -0.0088835415795543472 0.026664356854226853 -0.0083465727548236446 0.024018593361151627 -0.036398488479225256 0.0052249841634184118 -0.02822512971951549 0.02896387286418307 0.012653039741297735 0.022327654595659389 -0.036705241182754783 0.047427407928249413 0.063632560410398109 -0.045223874310331959 -0.018659550819884647 0.037249325405407166 0.02210319063994063 -0.01422766517879526
leaf_weight=56 56 86 56 134 56 40 542 85 85 267 62 60 249 80 247 56 131 182 114 41 122 84 57 247 44 191 174 47 77 202 48 58 60 42 111 76 56 131 40 40 53 215 93 163 60 56 80 45 57 56 59 132 112 144 424 57 135 93 123 54 55 118 43
leaf_count=56 56 86 56 134 56 40 542 85 85 267 62 60 249 80 247 56 131 182 114 41 122 84 57 247 44 191 174 47 77 202 48 58 60 42 111 76 56 131 40 40 53 215 93 163 60 56 80 45 57 56 59 132 112 144 424 57 135 93 123 54 55 118 43
internal_value=0.000339525 -0.0101071 -0.00214118 0.0107837 0.029411 -0.03855 0.00327119 -0.0061193 -0.0265647 -0.0302275 0.0400965 0.0458288 -0.0258683 -0.0378837 -0.0153025 0.00658478 -0.00296009 -0.0297876 0.0156661 -0.0247965 -0.000276069 -0.0332271 -0.0392229 0.0512355 0.0447978 -0.0162964 -0.00919551 0.0630209 0.03926 0.0233172 0.0165457 0.0090388 -0.0299575 -0.057287 0.0430756 -0.0344232 0.00580199 0.0271626 -0.0035331 0.00386296 -0.0285189 0.0535245 0.0384741 -0.0280253 0.00218649 -0.0228196 0.0266591 0.00550545 0.00884771 -0.0472527 0.0141446 -0.0251719 0.0205188 0.0214345 0.0199015 -0.0283161 0.0432832 0.0563686 -0.0491968 -0.0255627 0.0312189 0.019553 -0.0106749
internal_weight=7019 5164 4035 2639 1855 1129 2089 1353 1396 1281 1263 1015 1196 529 952 592 405 449 401 583 369 1043 660 841 547 667 423 294 550 316 248 186 438 222 473 355 349 187 128 88 244 368 362 239 293 383 179 233 188 116 115 327 736 680 568 243 228 308 165 186 135 174 83
internal_count=7019 5164 4035 2639 1855 1129 2089 1353 1396 1281 1263 1015 1196 529 952 592 405 449 401 583 369 1043 660 841 547 667 423 294 550 316 248 186 438 222 473 355 349 187 128 88 244 368 362 239 293 383 179 233 188 116 115 327 736 680 568 243 228 308 165 186 135 174 83
is_linear=0
shrinkage=0.06


end of trees

feature_importances:
Column_9=292
Column_6=40
Column_1=37
Column_3=28
Column_4=27
Column_2=26
Column_5=18
Column_0=15
Column_8=13
Column_7=8

parameters:
[boosting: gbdt]
[objective: regression]
[metric: l2]
[tree_learner: serial]
[device_type: cpu]
[data_sample_strategy: bagging]
[data: ]
[valid: ]
[num_iterations: 600]
[learning_rate: 0.06]
[num_leaves: 64]
[num_threads: 16]
[seed: 2023]
[deterministic: 0]
[force_col_wise: 0]
[force_row_wise: 0]
[histogram_pool_size: -1]
[max_depth: 8]
[min_data_in_leaf: 40]
[min_sum_hessian_in_leaf: 0.001]
[bagging_fraction: 0.9]
[pos_bagging_fraction: 1]
[neg_bagging_fraction: 1]
[bagging_freq: 1]
[bagging_seed: 26561]
[bagging_by_query: 0]
[feature_fraction: 0.8]
[feature_fraction_bynode: 1]
[feature_fraction_seed: 22040]
[extra_trees: 0]
[extra_seed: 25715]
[early_stopping_round: 0]
[early_stopping_min_delta: 0]
[first_metric_only: 0]
[max_delta_step: 0]
[lambda_l1: 0]
[lambda_l2: 1]
[linear_lambda: 0]
[min_gain_to_split: 0]
[drop_rate: 0.1]
[max_drop: 50]
[skip_drop: 0.5]
[xgboost_dart_mode: 0]
[uniform_drop: 0]
[drop_seed: 17353]
[top_rate: 0.2]
[other_rate: 0.1]
[min_data_per_group: 100]
[max_cat_threshold: 32]
[cat_l2: 10]
[cat_smooth: 10]
[max_cat_to_onehot: 4]
[top_k: 20]
[monotone_constraints: ]
[monotone_constraints_method: basic]
[monotone_penalty: 0]
[feature_contri: ]
[forcedsplits_filename: ]
[refit_decay_rate: 0.9]
[cegb_tradeoff: 1]
[cegb_penalty_split: 0]
[cegb_penalty_feature_lazy: ]
[cegb_penalty_feature_coupled: ]
[path_smooth: 0]
[interaction_constraints: ]
[verbosity: 1]
[saved_feature_importance_type: 0]
[use_quantized_grad: 0]
[num_grad_quant_bins: 4]
[quant_train_renew_leaf: 0]
[stochastic_rounding: 1]
[linear_tree: 0]
[max_bin: 255]
[max_bin_by_feature: ]
[min_data_in_bin: 3]
[bin_construct_sample_cnt: 200000]
[data_random_seed: 6644]
[is_enable_sparse: 1]
[enable_bundle: 1]
[use_missing: 1]
[zero_as_missing: 0]
[feature_pre_filter: 1]
[pre_partition: 0]
[two_round: 0]
[header: 0]
[label_column: ]
[weight_column: ]
[group_column: ]
[ignore_column: ]
[categorical_feature: ]
[forcedbins_filename: ]
[precise_float_parser: 0]
[parser_config_file: ]
[objective_seed: 2023]
[num_class: 1]
[is_unbalance: 0]
[scale_pos_weight: 1]
[sigmoid: 1]
[boost_from_average: 1]
[reg_sqrt: 0]
[alpha: 0.9]
[fair_c: 1]
[poisson_max_delta_step: 0.7]
[tweedie_variance_power: 1.5]
[lambdarank_truncation_level: 30]
[lambdarank_norm: 1]
[label_gain: ]
[lambdarank_position_bias_regularization: 0]
[eval_at: ]
[multi_error_top_k: 1]
[auc_mu_weights: ]
[num_machines: 1]
[local_listen_port: 12400]
[time_out: 120]
[machine_list_filename: ]
[machines: ]
[gpu_platform_id: -1]
[gpu_device_id: -1]
[gpu_use_dp: 0]
[num_gpu: 1]

end of parameters

pandas_categorical:null
