tree
version=v4
num_class=1
num_tree_per_iteration=1
label_index=0
max_feature_idx=9
objective=regression
feature_names=Column_0 Column_1 Column_2 Column_3 Column_4 Column_5 Column_6 Column_7 Column_8 Column_9
feature_infos=[-4.9281487464904785:0.63685661554336548] [-2.6146364212036133:3.7100627422332764] [-5.1990861892700195:1.272971510887146] [-2.2269694805145264:2.5527749061584473] [-5.5711894035339355:1.3641557693481445] [-1.9902403354644775:2.1465384960174561] [-1.982926607131958:1.6860036849975586] [-2.3018357753753662:1.4582350254058838] [-2.4405524730682373:1.9915002584457397] [-1.7305047512054443:1.7332621812820435]
tree_sizes=6394 6659 6831 6330 7675 5988 6576 5916 6671 7037

Tree=0
num_leaves=73
num_cat=0
split_feature=9 9 9 9 8 9 9 1 9 9 9 9 3 9 9 9 4 0 9 9 9 9 9 9 9 1 9 9 9 6 6 6 9 9 9 6 5 5 9 9 4 9 3 9 9 9 9 3 9 9 0 8 9 9 9 3 6 4 9 9 0 9 9 9 0 9 3 5 9 3 9 9
split_gain=1413.2 714.006 883.194 357.232 257.426 223.802 219.49 193.266 125.334 202.302 91.3397 127.608 90.4032 95.3065 79.0113 88.209 65.4845 63.798 60.6524 82.4421 43.906 55.9772 43.2501 42.6043 67.9073 37.1657 33.1516 30.6905 41.3429 26.6332 20.8186 20.2765 18.0528 17.8633 15.8969 14.3434 13.7723 11.2556 10.2602 8.41903 7.94443 7.44296 7.41084 7.11639 6.66598 6.11576 5.19608 5.06652 4.78186 4.75207 4.46617 3.84678 3.54402 4.97824 4.89081 3.40975 2.65467 2.07723 1.70467 1.42114 1.40775 1.12837 1.30344 1.05865 0.892464 0.783403 0.749606 0.390207 0.267722 0.261239 0.155849 0.109765
threshold=0.82694086432456981 0.26118339598178869 -1.0429430603981016 -0.01348631316795945 0.40732413530349737 0.3024504035711289 -0.67153990268707264 1.0000000180025095e-35 -1.6757040023803709 -1.6344369649887083 -1.373079180717468 -1.4143462181091306 2.0607353448867802 1.5338048934936526 1.2675660848617556 1.3075019121170046 -0.13390543684363362 0.30122427642345434 1.102054297924042 0.90947490930557262 -0.35959677398204798 -0.27972511947154993 -0.63027289509773243 0.63436147570610057 0.52254116535186779 1.2065384984016421 0.21991638094186786 -1.1667441129684446 -1.249278128147125 -0.39720386266708368 0.10028097406029703 0.038097223732620485 0.5500524938106538 1.6802362799644472 1.4539332389831545 1.2196152210235598 0.98885804414749157 0.24794243276119235 -1.0704543590545652 0.7994295358657838 1.1456176638603213 0.97825327515602123 0.79551240801811229 -0.50647184252738942 -1.7032153010368345 0.44000713527202612 0.027336971834301952 -0.75087112188339222 0.67562848329544078 1.3873735666275027 0.30122427642345434 -1.5155026316642759 -1.0154317021369932 -0.94665333628654469 -0.90538632869720448 0.79551240801811229 1.4683561325073244 0.87606266140937816 1.0745429992675783 1.6403004527091982 0.19295527786016467 0.7719181776046754 0.74440684914588939 0.85445222258567821 0.34453167021274572 0.93698623776435863 0.93609276413917553 -0.67820259928703297 1.3607497215270998 -0.89145144820213307 1.4938690662384035 0.13738234341144565
decision_type=2 2 2 2 2 2 2 2 2 2 2 2 2 2 2 2 2 2 2 2 2 2 2 2 2 2 2 2 2 2 2 2 2 2 2 2 2 2 2 2 2 2 2 2 2 2 2 2 2 2 2 2 2 2 2 2 2 2 2 2 2 2 2 2 2 2 2 2 2 2 2 2
left_child=1 2 8 6 14 -3 52 17 44 50 11 16 13 18 40 42 -11 22 19 63 43 -22 -8 24 30 -15 31 28 -12 -19 67 46 -26 36 35 -20 -14 47 -29 48 -2 65 -16 -9 -1 -39 -5 -32 69 66 -10 -13 -4 -54 -55 -28 70 -37 -43 -27 -34 62 -50 -6 -48 -21 68 -7 -17 -25 -36 -33
right_child=4 5 3 26 12 23 7 20 9 10 27 51 33 25 15 49 -18 29 34 41 21 -23 -24 39 32 59 55 38 -30 -31 37 71 60 -35 56 57 -38 45 -40 -41 -42 58 -44 -45 -46 -47 64 -49 61 -51 -52 -53 53 54 -56 -57 -58 -59 -60 -61 -62 -63 -64 -65 -66 -67 -68 -69 -70 -71 -72 -73
leaf_value=0.028037481296714833 0.038748948878975363 -0.12627135826475269 0.012573330225100477 0.057313569912231396 0.019147864152914567 -0.011749540408582677 -0.077447155111244226 -0.01539129832144346 -0.1293158991314704 -0.023329793859851938 -0.026187521203429084 -0.089042179818816611 0.019332158443821159 0.042855908048542821 -0.070928625436059642 0.0065631910376200142 -0.062189242663625528 0.0078100698283248508 0.037035792550148709 0.049241667993772061 0.041634513084794392 0.0055957822605554016 -0.033566942269115371 -0.017505572706027643 -0.098154181199071669 0.089774315482121544 0.0085559611678798966 -0.040994600311595651 0.0063147601701605358 -0.03132488415023961 -0.068450248017564413 0.059430501265527944 -0.073989734739195498 0.040917118725133088 0.039325461271046365 0.017649792849783741 -0.01338085962089056 -0.026505679151247061 -0.016024737640292035 -0.010648016565563276 0.013541562028926755 0.077013662225052501 -0.038500632473577143 0.0020122964323566164 0.0033509758244635803 -0.043199241828895042 0.043615684805594246 -0.04439807968130606 -0.035752562138785506 0.019381415789450428 -0.096697930395260451 -0.11988945601788221 0.034588577953761301 0.012916872847229303 0.025907157687608783 0.028818211740931281 0.052689104946229436 0.0044432553205860309 0.061257050372242626 0.073701185952102025 -0.058915678666827939 -0.042815231941598891 -0.025515848820310143 0.02857157467536111 0.033513221406549519 0.062228473691346396 -0.0031985123580486646 -0.019269872552888475 0.0013974402734111646 -0.024561628699998356 0.031829224637276603 0.071241413973459927
leaf_weight=54 121 84 55 83 57 44 68 152 40 269 252 42 73 65 40 56 183 123 74 50 157 340 328 46 54 188 40 200 159 66 55 49 44 47 70 47 56 92 54 57 44 196 40 95 55 167 186 53 144 51 48 43 143 89 481 45 41 81 48 54 123 52 57 101 48 79 49 40 46 40 52 116
leaf_count=54 121 84 55 83 57 44 68 152 40 269 252 42 73 65 40 56 183 123 74 50 157 340 328 46 54 188 40 200 159 66 55 49 44 47 70 47 56 92 54 57 44 196 40 95 55 167 186 53 144 51 48 43 143 89 481 45 41 81 48 54 123 52 57 101 48 79 49 40 46 40 52 116
internal_value=-8.32096e-05 -0.0133386 -0.00348302 0.01341 0.0377604 -0.0480652 0.0038807 -0.00841574 -0.0356375 -0.0399863 -0.0345654 -0.0498993 0.0484423 0.0533376 0.00477201 -0.0113035 -0.0391653 -0.0298937 0.0450045 0.0558041 0.00848958 0.017041 -0.041278 -0.0418018 -0.0494882 0.0774331 0.0485842 -0.0221266 -0.0136288 -0.00594902 -0.0382124 0.0536634 -0.0722232 0.0148695 0.0291837 0.0196514 0.0051375 -0.0433511 -0.0357697 -0.0286665 0.0321491 0.0686174 -0.0553901 -0.00871647 0.0157247 -0.0373942 0.0459517 -0.0571624 -0.0316559 0.00634336 -0.112811 -0.10586 0.0251426 0.0260932 0.023905 0.0194934 0.0408049 0.00939179 0.0741767 0.0865058 -0.063304 -0.0351702 -0.0329903 0.0253137 0.0416948 0.0576124 0.00184121 -0.0155152 0.00426976 -0.021032 0.0364151 0.0681131
internal_weight=7041 5215 4063 2664 1826 1152 2097 1329 1399 1290 1202 537 1379 1203 447 282 452 585 896 531 744 497 396 1068 672 307 567 665 411 189 451 482 221 176 365 202 129 367 254 396 165 373 80 247 109 259 317 108 339 202 88 85 768 713 570 85 163 128 244 242 167 253 201 158 234 129 151 84 102 86 122 165
internal_count=7041 5215 4063 2664 1826 1152 2097 1329 1399 1290 1202 537 1379 1203 447 282 452 585 896 531 744 497 396 1068 672 307 567 665 411 189 451 482 221 176 365 202 129 367 254 396 165 373 80 247 109 259 317 108 339 202 88 85 768 713 570 85 163 128 244 242 167 253 201 158 234 129 151 84 102 86 122 165
is_linear=0
shrinkage=1


Tree=1
num_leaves=76
num_cat=0
split_feature=9 9 9 9 8 9 9 1 9 9 9 9 9 9 4 4 2 9 1 9 9 9 9 9 9 9 9 9 9 9 8 2 6 6 9 9 6 2 9 4 6 9 2 9 9 9 0 9 9 9 9 9 9 9 9 1 2 2 0 2 2 9 2 2 9 2 8 9 2 1 2 9 0 2 2
split_gain=1228.48 636.676 768.95 314.969 235.685 193.993 189.09 176.939 107.855 188.413 76.2243 79.9385 74.9828 114.38 52.9985 47.1031 46.2469 40.3171 42.5073 34.9644 109.291 92.3578 79.6217 70.9407 32.0521 61.0852 30.0568 29.7831 29.3597 36.1325 23.1609 19.5811 18.4616 17.6613 16.8546 12.1794 12.7905 10.0224 9.60499 8.74703 6.56609 6.43083 6.21858 6.21087 5.61753 5.29905 4.5907 4.13847 3.9358 4.60456 3.86484 3.82211 3.32718 3.47319 2.90187 2.74971 1.81799 1.78851 1.71332 1.63983 1.44147 1.42848 1.34261 1.24564 1.17947 1.11822 0.564293 0.547472 0.501645 0.493927 0.482987 0.461751 0.350028 0.0654075 0.0517164
threshold=0.82694086432456981 0.26118339598178869 -1.0429430603981016 -0.01348631316795945 0.45278316736221319 0.3024504035711289 -0.67153990268707264 1.0000000180025095e-35 -1.6757040023803709 -1.6344369649887083 1.2675660848617556 1.3075019121170046 -1.373079180717468 -1.4143462181091306 -1.0432220101356504 -0.16768633574247357 0.56712579727172863 -0.50647184252738942 0.1524230241775513 1.5204929709434511 1.6403004527091982 1.6935482025146487 1.102054297924042 0.90947490930557262 0.63436147570610057 0.52254116535186779 0.21991638094186786 -0.63027289509773243 -1.1667441129684446 -1.249278128147125 0.86189281940460216 0.21963211894035342 0.038097223732620485 0.038097223732620485 0.5500524938106538 1.4539332389831545 1.2196152210235598 0.61056235432624828 -1.0704543590545652 1.1456176638603213 0.34902189671993261 0.97825327515602123 -0.01926855510100722 0.7994295358657838 1.5471168756484988 -1.7032153010368345 0.30122427642345434 1.3873735666275027 1.1845883131027224 1.4139974117279055 0.027336971834301952 0.68938416242599498 -0.71280694007873524 -1.0154317021369932 -0.96040901541709889 1.2065384984016421 0.52368924021720897 -0.12786052748560903 0.19295527786016467 0.80602750182151806 0.78430870175361644 1.0745429992675783 -0.21473368257284162 -0.32332566380500788 0.85445222258567821 -0.040987364016473286 0.12094683200120927 0.13738234341144565 -0.23645249009132382 -1.1652276515960691 0.7408721148967744 0.66187280416488659 0.36618536710739141 0.52368924021720897 0.45853486657142645
decision_type=2 2 2 2 2 2 2 2 2 2 2 2 2 2 2 2 2 2 2 2 2 2 2 2 2 2 2 2 2 2 2 2 2 2 2 2 2 2 2 2 2 2 2 2 2 2 2 2 2 2 2 2 2 2 2 2 2 2 2 2 2 2 2 2 2 2 2 2 2 2 2 2 2 2 2
left_child=1 2 8 6 10 16 52 14 45 42 39 37 13 15 30 -11 -3 68 -19 22 44 46 23 64 25 32 33 -16 29 -14 -8 -15 -7 50 -27 36 73 -12 -30 70 55 63 -10 51 -21 -1 -22 60 -38 -50 -5 71 53 -4 -55 -34 -42 -52 -36 62 72 69 -53 -25 -6 -37 -28 -35 -9 -43 -2 -26 -13 -24 -66
right_child=4 5 3 26 19 24 7 17 9 12 11 47 28 31 27 -17 -18 18 -20 20 21 -23 35 41 43 34 66 -29 38 -31 -32 -33 40 67 58 65 48 -39 -40 -41 56 61 -44 -45 -46 -47 -48 -49 49 -51 57 59 -54 54 -56 -57 -58 -59 -60 -61 -62 -63 -64 -65 74 -67 -68 -69 -70 -71 -72 -73 -74 -75 -76
leaf_value=0.025784910856573667 0.032914863839745526 -0.15766280520529974 0.012698647931472146 0.054314734437797642 0.01767387636528726 -0.0073133327656950521 0.0069103503357390034 -0.019397084273043135 -0.086452436872891017 -0.020154423083382552 -0.033190258238010292 -0.0052204361954314073 -0.024429172049371565 -0.12631844362107719 -0.06673301604184273 -0.052666265048661245 -0.078550422573234982 -0.00019384247171225157 0.026703441502383126 0.063283233344554907 -0.013991492262317074 0.069655147567391398 0.027960546896225069 0.044779106432741342 -0.026080880739859175 -0.094180061381596791 0.014227096065455538 -0.03160295056920908 -0.039220217549180619 0.0058641033396424702 -0.030240124813281002 -0.072682229047868308 -0.046585472180534188 0.055894426524639135 -0.070813679827584172 0.042895070663312586 -0.0048366773630613875 -0.069982435427060938 -0.015362129442949304 0.013383193015460933 -0.022381467532653077 0.067192846394720535 -0.12051220781662886 -0.01099906146374284 0.085830204998669418 0.0036573106323235802 0.0071381758130155508 0.017379960157619469 0.024463528378846799 0.003641963472205495 0.029658479657438064 -0.029899438188383077 0.014100799764747974 0.033940203189849853 0.024553320465143771 -0.033764213061248757 -0.036561191313796572 0.042631113828848238 -0.055399349115548592 -0.024408223687909372 0.0080238180292249352 0.058490806584264726 -0.040575582689859654 0.059270847965689266 0.030635446648706089 0.03120281731381136 0.023183136467229238 0.068596985004842279 -0.012451943075241641 0.078701455939200624 0.041571186155080798 -0.018321977245310941 0.0006605466418418914 0.035562781437595441 0.024482507377862932
leaf_weight=53 99 41 54 78 56 51 121 41 41 232 40 42 244 40 75 217 40 268 324 51 44 79 40 43 55 51 43 322 196 164 63 40 213 49 44 40 45 40 56 62 64 104 50 48 183 55 59 57 46 62 44 65 80 109 499 70 44 183 123 42 58 50 109 84 43 101 43 111 108 92 49 53 61 40 49
leaf_count=53 99 41 54 78 56 51 121 41 41 232 40 42 244 40 75 217 40 268 324 51 44 79 40 43 55 51 43 322 196 164 63 40 213 49 44 40 45 40 56 62 64 104 50 48 183 55 59 57 46 62 44 65 80 109 499 70 44 183 123 42 58 50 109 84 43 101 43 111 108 92 49 53 61 40 49
internal_value=9.46531e-05 -0.012454 -0.00314912 0.012816 0.0353755 -0.0458868 0.00384186 -0.00749602 -0.0332151 -0.0372623 0.00644602 -0.00980656 -0.0318957 -0.0459175 -0.0281302 -0.0359494 -0.120029 0.00869883 0.0145472 0.046572 0.0586441 0.0293502 0.0409017 0.0535351 -0.0399569 -0.0465967 0.0463646 -0.0383906 -0.0206045 -0.0122679 -0.00590435 -0.100729 -0.0357718 0.0513889 -0.0682808 0.0232069 0.0160735 -0.0522232 -0.0340001 0.0294464 -0.0394556 0.0651492 -0.106273 -0.0280834 0.0812063 0.0146532 -0.00193583 0.00592657 0.00751131 0.0126535 0.0440184 -0.0305728 0.0240251 0.0252014 0.0262891 -0.0435442 -0.0284408 0.0402577 -0.0598579 -0.0344988 0.00178939 0.0702733 -0.036781 0.0547524 0.0240235 0.0347985 0.0189201 0.0650782 -0.0144796 0.0729669 0.0360406 -0.0224763 -0.00176466 0.0321538 0.0276568
internal_weight=6935 5116 4003 2615 1819 1113 2064 1322 1388 1280 508 298 1189 529 581 449 81 741 592 1311 416 182 895 521 1032 660 551 397 660 408 184 80 442 465 218 374 233 80 252 210 391 373 91 372 234 108 103 218 153 108 305 324 742 662 608 283 108 227 167 216 161 246 174 127 148 141 86 160 149 196 148 108 103 80 92
internal_count=6935 5116 4003 2615 1819 1113 2064 1322 1388 1280 508 298 1189 529 581 449 81 741 592 1311 416 182 895 521 1032 660 551 397 660 408 184 80 442 465 218 374 233 80 252 210 391 373 91 372 234 108 103 218 153 108 305 324 742 662 608 283 108 227 167 216 161 246 174 127 148 141 86 160 149 196 148 108 103 80 92
is_linear=0
shrinkage=0.05


Tree=2
num_leaves=78
num_cat=0
split_feature=9 9 9 9 7 9 9 1 9 9 1 9 9 9 9 0 9 9 6 2 9 9 9 9 9 3 9 9 9 9 6 9 9 2 9 6 9 6 6 2 9 8 9 9 9 1 9 2 9 9 9 9 9 9 9 9 9 2 2 9 2 0 2 3 2 3 7 2 9 6 2 8 0 9 9 9 2
split_gain=1147.19 596.767 697.351 297.964 245.693 194.476 178.221 159.977 98.3499 128.864 85.5481 70.3746 76.8801 55.9711 72.1808 52.9294 45.828 105.496 44.7493 43.1376 41.5116 40.2175 46.4843 33.3676 57.4969 30.6808 28.8313 25.9956 34.7408 25.2334 24.3264 24.1169 21.6717 18.2515 17.3732 16.9641 16.0866 15.819 15.3599 9.99831 8.46177 7.49996 6.98094 6.33864 5.81104 8.6346 6.8447 5.77224 4.44261 4.36202 3.2924 5.06922 3.01319 4.01885 4.3559 2.77458 8.4028 2.06811 1.62899 1.54386 1.41335 1.41268 1.35516 1.11581 1.01336 0.916403 0.870875 0.84068 0.7844 0.781867 0.694203 0.678177 0.669037 0.254781 0.189288 0.136452 0.0950258
threshold=0.82694086432456981 0.26118339598178869 -1.0429430603981016 -0.01348631316795945 0.6143074929714204 0.3024504035711289 -0.67153990268707264 1.0000000180025095e-35 -1.6894596219062803 -1.373079180717468 1.2065384984016421 -1.4143462181091306 -1.6206812858581541 1.102054297924042 0.90947490930557262 0.30122427642345434 1.2675660848617556 1.3075019121170046 -1.7652760744094846 0.56712579727172863 -0.63027289509773243 -0.35959677398204798 -0.27972511947154993 0.63436147570610057 0.52254116535186779 1.4984139800071719 -1.5656585693359373 -1.1667441129684446 -1.249278128147125 1.4539332389831545 -0.39720386266708368 0.21991638094186786 1.6802362799644472 0.17619657516479495 0.5500524938106538 0.038097223732620485 1.1708326339721682 0.038097223732620485 1.2196152210235598 0.58884355425834667 -1.0704543590545652 -0.18815998733043668 0.7994295358657838 0.97825327515602123 0.39874011278152471 1.2065384984016421 0.44000713527202612 0.78430870175361644 0.67562848329544078 0.027336971834301952 1.5604287981987002 1.6403004527091982 -1.0154317021369932 -0.94665333628654469 -0.90538632869720448 1.3873735666275027 1.4139974117279055 -1.365804076194763 -0.12786052748560903 1.0745429992675783 0.84946307539939891 0.19295527786016467 -1.1920572519302366 -0.61029079556465138 0.78430870175361644 0.23319111764431003 0.71457675099372875 0.84946307539939891 0.85445222258567821 -1.0190532207489011 0.56712579727172863 0.12094683200120927 0.49610756337642675 0.13738234341144565 1.0332759618759157 1.2276302576065066 0.43681606650352484
decision_type=2 2 2 2 2 2 2 2 2 2 2 2 2 2 2 2 2 2 2 2 2 2 2 2 2 2 2 2 2 2 2 2 2 2 2 2 2 2 2 2 2 2 2 2 2 2 2 2 2 2 2 2 2 2 2 2 2 2 2 2 2 2 2 2 2 2 2 2 2 2 2 2 2 2 2 2 2
left_child=1 2 8 6 16 19 52 15 72 11 13 12 18 14 68 20 36 39 -10 -3 -8 41 -23 24 35 66 -14 28 63 55 -17 37 38 -13 -26 -7 -2 49 -27 -18 69 -9 48 57 45 -37 -46 -40 76 -5 -12 -52 -4 -54 -55 64 -57 -16 -51 74 62 -36 -50 -11 65 -19 -15 75 -6 -29 -30 -33 -1 -39 -45 -38 -25
right_child=4 5 3 31 10 23 7 21 9 27 50 33 26 25 43 30 17 29 -20 -21 -22 22 -24 42 34 32 -28 40 70 -31 -32 71 -34 -35 61 44 67 73 47 -41 -42 -43 -44 59 46 -47 -48 -49 60 58 51 -53 53 54 -56 56 -58 -59 -60 -61 -62 -63 -64 -65 -66 -67 -68 -69 -70 -71 -72 -73 -74 -75 -76 -77 -78
leaf_value=0.015867904410129641 0.0075792471438803737 -0.14991139147016738 0.011376193633865722 0.052073650367288705 0.017192457692097811 -0.0065115466853603726 -0.071271401347771088 -0.0048161147071457498 -0.036336932983249429 -0.021745520672334241 0.057932866069505796 -0.11865855331827956 -0.010540619770554774 0.041034191517635835 0.040118737700508861 0.0080513314388692379 -0.030028578386242899 0.0032987601674484232 -0.096366750813545066 -0.077443936435466126 -0.029455398597284785 0.038394974430292092 0.0055211702853463218 -0.016097204145440396 -0.091203246333382351 0.027122407204238697 -0.04104193695282686 -0.030141946186173569 0.0074490860154060286 0.036380841899877309 -0.029479244125611856 0.013562293498345266 0.039282217773340518 -0.068904989196899094 -0.067089723745981864 -0.058209819515546171 0.030017851547975288 0.053344413244499359 -0.014480215889980663 -0.065707532113248659 -0.015016608903089824 -0.028289848616028707 -0.0095372225239611502 0.064823363138281784 -0.021015134299623556 -0.033246468336551226 -0.038776643988158971 0.0084166672070172029 -0.024909584833817049 0.028028562633941573 0.081248513148848428 0.061468262294196156 0.031295202444069574 0.010874874905011683 0.023344460239645488 0.025462028538358623 0.00018903300795075184 0.056571654707193379 0.039993342671406834 0.055039326633725849 -0.022767376843406711 -0.052645242933569286 -0.036355497124718458 -0.030671394170033485 0.0065398821952722735 -0.0059235492217080072 0.055640790496198904 0.042842617205211098 0.025159192091801709 -0.039286703596512484 -3.3083409514455564e-05 0.023383813893253155 0.025916875794876455 0.064336640908654805 0.075229249631657336 0.036610608162551093 -0.021230436116456988
leaf_weight=40 70 44 59 82 58 49 72 204 49 202 52 40 105 42 40 124 41 51 93 46 340 157 338 46 54 49 304 53 126 86 65 40 58 46 44 74 75 52 73 43 58 40 56 114 86 76 170 43 43 47 156 66 136 85 482 57 76 99 190 48 42 115 163 52 61 55 41 48 113 149 41 43 42 112 84 57 41
leaf_count=40 70 44 59 82 58 49 72 204 49 202 52 40 105 42 40 124 41 51 93 46 340 157 338 46 54 49 304 53 126 86 65 40 58 46 44 74 75 52 73 43 58 40 56 114 86 76 170 43 43 47 156 66 136 85 482 57 76 99 190 48 42 115 163 52 61 55 41 48 113 149 41 43 42 112 84 57 41
internal_value=-7.12062e-05 -0.0120822 -0.00309099 0.0119047 0.0336785 -0.0438848 0.00322644 -0.00775199 -0.0316566 -0.0349628 0.0481525 -0.051119 -0.0444029 0.0403298 0.0497857 -0.0268876 0.0108067 0.00159118 -0.0760512 -0.114131 -0.0369179 0.00782553 0.0160042 -0.0378129 -0.0446225 0.0230422 -0.0332563 -0.0197976 -0.0120741 0.0126661 -0.00494323 0.0440713 0.0132704 -0.0931441 -0.0660844 -0.0344527 0.0280565 0.0483544 0.00394529 -0.048851 -0.0322094 -0.00876403 -0.0260949 0.0617827 -0.0378006 -0.0458657 -0.0329149 -0.00599318 -0.0288261 0.0415819 0.0725267 0.0756699 0.0225172 0.0234347 0.0214976 0.00576958 0.0111295 0.0521574 0.0377483 0.0669883 -0.0322784 -0.0570368 -0.0340982 -0.023686 0.00146006 -0.00149704 0.048826 0.035934 0.0225727 -0.0370476 0.00562288 0.0188684 0.0212652 0.0611957 0.0695938 0.0331186 -0.0187301
internal_weight=7073 5217 4068 2668 1856 1149 2102 1340 1400 1318 1136 637 551 862 556 601 720 470 142 90 412 739 495 1059 668 306 409 681 421 386 189 566 223 86 213 455 250 483 165 84 260 244 391 385 406 150 256 116 335 319 274 222 762 703 567 300 133 139 237 246 248 159 206 254 167 106 83 180 171 202 167 83 82 164 198 132 87
internal_count=7073 5217 4068 2668 1856 1149 2102 1340 1400 1318 1136 637 551 862 556 601 720 470 142 90 412 739 495 1059 668 306 409 681 421 386 189 566 223 86 213 455 250 483 165 84 260 244 391 385 406 150 256 116 335 319 274 222 762 703 567 300 133 139 237 246 248 159 206 254 167 106 83 180 171 202 167 83 82 164 198 132 87
is_linear=0
shrinkage=0.05


Tree=3
num_leaves=72
num_cat=0
split_feature=9 9 9 9 7 9 9 1 9 4 3 9 1 9 9 0 9 9 9 9 9 9 7 9 9 9 9 9 1 9 5 9 9 9 9 9 9 9 0 5 5 9 9 9 9 8 5 5 9 9 9 9 9 9 9 9 9 9 9 1 0 9 9 7 3 0 0 0 9 9 0
split_gain=983.97 569.233 601.321 263.731 223.649 171.776 156.79 147.476 95.2266 142.428 78.5931 69.0196 61.1922 51.5645 91.8848 49.522 37.276 46.7801 32.3171 120.456 32.3062 50.582 28.83 26.0773 30.2182 24.6506 32.518 23.6184 20.8817 19.7337 16.3044 15.9351 14.6761 23.694 12.8753 11.9868 10.4965 7.99093 7.83282 7.71853 13.7826 8.77744 6.73064 6.13516 6.0587 5.95355 5.82591 5.45929 5.04692 4.84768 4.23973 4.15493 3.37856 3.21052 3.24346 2.41896 2.30571 8.55476 1.32148 1.2534 1.04977 0.797075 0.785995 0.767786 0.648981 0.364269 0.353923 0.335587 0.128342 0.114524 0.0251502
threshold=0.82694086432456981 0.26118339598178869 -1.0429430603981016 -0.01348631316795945 0.56417387723922741 0.3024504035711289 -0.67153990268707264 1.0000000180025095e-35 -1.6757040023803709 -0.13390543684363362 1.9201549887657168 0.90947490930557262 1.0000000180025095e-35 1.2675660848617556 1.3075019121170046 0.21460897475481036 -0.35959677398204798 -0.27972511947154993 -1.373079180717468 -1.4143462181091306 0.63436147570610057 0.52254116535186779 0.68115335702896129 -1.1667441129684446 -1.249278128147125 1.5338048934936526 1.102054297924042 0.21991638094186786 -0.37463472038507456 -0.63027289509773243 1.8532593846321108 0.5500524938106538 1.1295656561851504 1.6802362799644472 1.4539332389831545 1.1845883131027224 0.10987100377678873 -1.0704543590545652 0.27957032620906835 -0.3694873303174972 0.21707098931074145 0.3299617618322373 0.7994295358657838 0.97825327515602123 0.041092643514275558 -0.26998245716094965 -0.67820259928703297 1.7297728657722475 1.4539332389831545 0.44000713527202612 -1.7032153010368345 0.19240503013134005 0.67562848329544078 -0.69905126094818104 -1.0154317021369932 -0.96040901541709889 1.3873735666275027 1.4139974117279055 0.7719181776046754 -0.63816359639167775 0.19295527786016467 0.93698623776435863 0.88196355104446422 0.19652230292558673 0.93609276413917553 0.27957032620906835 0.40949277579784399 0.30122427642345434 0.85445222258567821 1.5071810483932497 0.25791636854410177
decision_type=2 2 2 2 2 2 2 2 2 2 2 2 2 2 2 2 2 2 2 2 2 2 2 2 2 2 2 2 2 2 2 2 2 2 2 2 2 2 2 2 2 2 2 2 2 2 2 2 2 2 2 2 2 2 2 2 2 2 2 2 2 2 2 2 2 2 2 2 2 2 2
left_child=1 2 8 6 13 -3 53 15 50 18 11 62 28 35 38 29 45 -18 19 46 21 39 -17 24 -20 26 43 36 -11 -8 -27 -23 -12 47 56 -2 44 -25 -15 41 -41 -7 52 61 -5 -9 -10 -34 -28 -42 -1 -38 -22 54 -4 -56 64 -58 59 -54 -33 -13 68 -29 66 -37 -16 -30 -6 -50 -46
right_child=4 5 3 27 10 20 7 16 9 12 32 25 -14 14 34 22 17 -19 23 -21 42 31 -24 37 -26 30 48 63 67 -31 -32 60 33 -35 -36 65 51 -39 -40 40 49 -43 -44 -45 70 -47 -48 -49 69 -51 -52 -53 58 -55 55 -57 57 -59 -60 -61 -62 -63 -64 -65 -66 -67 -68 -69 -70 -71 -72
leaf_value=0.023576444511612258 0.0054174940440465114 -0.11033842522910862 0.01071839706815683 0.048108377402479002 0.016193092620947907 -0.035716072418566412 -0.074277317523956304 -0.0047699133974845424 -0.011319758279177432 -0.058969719198367167 0.040748036217014748 0.04230828570612407 -0.030477487944486195 -0.063958525657653809 0.0053900635174908484 -0.002025873736711219 0.037009867000976346 0.0046778800520401375 -0.02199403561542598 -0.090992852784693254 -0.018272398526314647 -0.086313796461674211 -0.030543983168900016 -0.035543789779301734 0.0053712216016137976 0.074533240273916002 0.015805379479295677 0.012127492111176252 -0.10614054720652731 -0.036825651531276031 0.038374963223298149 -0.06356172230508593 0.006841331035556163 0.036946422528279455 0.032077297990052205 0.041380040205660322 0.058831206356693894 -0.014389773058231737 -0.032569799683195476 -0.057544815561909601 -0.02256109610478365 -0.0080288358637471136 -0.0087024977332667303 0.063917026055597626 0.028285912523667019 -0.02562253517950544 -0.026761903952947766 -0.014927270488813519 0.03251115182193659 -0.037100823626805078 0.0043520567938685421 0.041445694640278821 -0.019525953772522156 0.010131174313728928 0.03049677931660906 0.021971481483183952 0.024855660753590719 -0.0011854043051804583 -0.037978433946083336 -0.03048674295954153 -0.050627422297564076 0.053555148068596341 0.026700772345066071 0.022340563749156259 -0.0036407721095851491 0.032920025500330935 -0.00047940111991654085 -0.086672340620022562 0.021043732161061809 0.040118472220805973 0.033806864217103244
leaf_weight=59 43 85 57 109 56 57 46 212 103 61 52 58 80 41 70 199 166 340 238 79 79 56 159 199 174 231 44 43 56 165 40 44 67 56 52 41 166 60 46 68 96 58 56 225 59 40 158 49 58 172 56 59 41 60 108 541 55 72 57 146 126 84 58 40 48 107 40 51 56 51 82
leaf_count=59 43 85 57 109 56 57 46 212 103 61 52 58 80 41 70 199 166 340 238 79 79 56 159 199 174 231 44 43 56 165 40 44 67 56 52 41 166 60 46 68 96 58 56 225 59 40 158 49 58 172 56 59 41 60 108 541 55 72 57 146 126 84 58 40 48 107 40 51 56 51 82
internal_value=-3.08758e-05 -0.0111238 -0.0022833 0.0116295 0.0317942 -0.0422801 0.00347915 -0.00691793 -0.0291157 -0.0330927 0.0444828 0.0506987 -0.0669951 0.00731295 -0.00241628 -0.0261339 0.00752212 0.0153369 -0.0247184 -0.0372781 -0.0367027 -0.0432633 -0.0147415 -0.0183083 -0.0104518 0.056912 0.0503055 0.0421398 -0.0841012 -0.0453023 0.0693569 -0.0625984 0.0177086 0.0105479 0.00943823 0.0288109 0.0464424 -0.0307174 -0.0479209 -0.0334573 -0.0373218 -0.0219417 -0.0249006 0.0584066 0.0390241 -0.00816805 -0.0207343 -0.00240302 0.0306205 -0.0319958 0.0143332 0.0544759 -0.0276734 0.0214764 0.0224248 0.0234349 0.00520987 0.0101983 -0.0306302 -0.0282002 -0.0543273 0.0492893 0.0216248 0.0172568 0.00116127 0.0355257 0.00327062 -0.0977497 0.0187832 0.0364029 0.0317121
internal_weight=6966 5166 4025 2651 1800 1141 2093 1327 1374 1259 1185 961 248 615 424 569 758 506 1011 340 1056 677 358 671 412 791 520 558 168 211 271 226 224 172 337 191 475 259 87 451 336 115 379 367 250 252 261 116 153 268 115 225 323 766 706 649 285 127 244 187 170 142 170 83 158 148 110 107 112 109 141
internal_count=6966 5166 4025 2651 1800 1141 2093 1327 1374 1259 1185 961 248 615 424 569 758 506 1011 340 1056 677 358 671 412 791 520 558 168 211 271 226 224 172 337 191 475 259 87 451 336 115 379 367 250 252 261 116 153 268 115 225 323 766 706 649 285 127 244 187 170 142 170 83 158 148 110 107 112 109 141
is_linear=0
shrinkage=0.05


Tree=4
num_leaves=88
num_cat=0
split_feature=6 5 8 4 8 1 8 6 1 0 8 3 3 1 1 5 6 5 3 1 1 4 1 6 1 6 6 1 4 4 1 4 1 1 1 4 3 3 8 3 3 2 4 4 0 4 6 0 6 3 6 4 5 4 6 3 5 5 1 4 5 4 5 5 0 2 6 2 2 2 6 0 5 1 3 4 6 3 2 4 4 4 3 3 6 3 0
split_gain=853.488 352.969 361.12 329.251 160.783 133.97 89.8754 72.1471 61.8787 59.3372 67.2506 48.2118 63.3984 44.9758 38.3057 37.9512 34.6867 28.2732 28.2348 25.3443 39.1171 22.2126 21.3248 28.8148 20.9678 20.032 20.0257 59.825 19 16.3758 16.3477 37.305 15.6064 15.5647 14.4018 23.4552 14.1252 12.9743 33.2266 12.8114 11.9632 11.7935 11.3867 10.0918 10.0852 12.2906 9.82802 9.6741 14.6647 9.50649 9.04228 8.33674 7.80925 6.88972 6.63622 6.53372 6.03055 5.5987 5.51125 4.80328 3.99378 3.64643 3.56167 3.39098 3.29261 3.2085 3.19042 2.84505 2.72664 2.4217 2.39035 2.27232 2.08089 1.87774 1.66821 1.47382 1.31059 1.14534 1.10296 1.01792 1.00461 0.997509 0.652626 0.615169 0.400208 0.207562 0.14947
threshold=0.97087427973747265 -0.46210168302059168 0.15731298178434375 -0.16768633574247357 0.47096353769302374 0.1524230241775513 -1.3109450936317442 -0.95686948299407948 -1.4287564754486082 0.43114647269248968 -0.019971305504441258 2.0607353448867802 1.0766730904579165 0.41595189273357397 1.0000000180025095e-35 0.37142825126647955 1.2196152210235598 1.0814723968505862 -1.4537760615348814 1.2065384984016421 0.1524230241775513 -0.33589969575405115 -0.63816359639167775 -0.95686948299407948 -1.4287564754486082 0.038097223732620485 0.10028097406029703 1.0000000180025095e-35 0.2700809538364411 -0.57167378067970265 1.2065384984016421 1.0442760586738589 -0.90169563889503468 0.1524230241775513 -1.4287564754486082 1.0780558586120608 1.6389943361282351 -0.75087112188339222 -0.79728344082832325 -0.18854984268546102 0.3737714439630509 -0.1712960675358772 -0.032564855180680745 0.80919095873832714 0.06303309835493566 -0.47033214569091791 1.2818019390106203 0.25791636854410177 -0.1484599597752094 0.3737714439630509 1.4061723947525027 0.034307916648685939 0.24794243276119235 1.1118367314338686 1.4683561325073244 0.79551240801811229 0.58752840757370006 0.95798584818840038 -0.63816359639167775 0.33764275908470159 -1.0486600399017332 0.23630111664533618 1.1740867495536806 1.4519298076629641 0.30122427642345434 -0.23645249009132382 1.3439886569976809 -0.25817026197910303 0.56712579727172863 0.61056235432624828 0.78432005643844616 0.10634049400687219 -0.80168840289115895 1.7335962653160097 1.3578336834907534 -0.13390543684363362 1.0000000180025095e-35 0.23319111764431003 0.84946307539939891 -0.47033214569091791 0.068087762221694006 0.80919095873832714 -0.32913015782833094 -0.89145144820213307 0.5977628529071809 -0.89145144820213307 0.43114647269248968
decision_type=2 2 2 2 2 2 2 2 2 2 2 2 2 2 2 2 2 2 2 2 2 2 2 2 2 2 2 2 2 2 2 2 2 2 2 2 2 2 2 2 2 2 2 2 2 2 2 2 2 2 2 2 2 2 2 2 2 2 2 2 2 2 2 2 2 2 2 2 2 2 2 2 2 2 2 2 2 2 2 2 2 2 2 2 2 2 2
left_child=1 2 3 6 16 47 21 44 -3 10 26 12 18 14 32 33 74 51 24 20 78 22 23 -1 -6 42 27 -5 -28 -24 69 55 64 41 62 43 54 67 -39 -23 -12 -16 71 -36 -8 -46 -38 48 -4 80 -37 56 -53 -13 -22 65 -15 -55 77 -27 -60 -54 86 -21 79 -32 -57 -34 84 -18 83 -7 -61 -67 82 -73 -51 -9 -14 -10 -44 -70 -2 -17 -19 -72 -20
right_child=4 8 5 9 11 25 7 58 13 -11 40 53 19 17 15 70 30 68 34 63 36 39 29 -25 -26 59 28 -29 -30 -31 31 -33 37 -35 35 50 46 38 -40 -41 -42 -43 49 -45 45 -47 -48 -49 -50 76 -52 52 61 57 -56 66 -58 -59 60 72 -62 -63 -64 -65 -66 73 -68 -69 81 -71 85 75 -74 -75 -76 -77 -78 -79 -80 -81 -82 -83 -84 -85 -86 -87 -88
leaf_value=-0.016180066629068839 0.025437912328735643 0.018299484236249285 -0.035684200641240033 -0.070917664709274728 0.027961625128984452 0.02488513764526163 -0.025262548398688002 0.023182730546940526 -0.018986607747894988 0.002441477744529645 -0.030100773046460916 0.028677300965556731 0.066251738980168215 -0.0050223870793493783 -0.026533337369222532 -0.036563505083322526 0.0094701361001991655 -0.043379315226636038 0.047249131137505174 0.051817691452801233 0.027869859078656075 -0.056955920947109197 -0.010369904508377922 0.01176631509026136 -0.018315973594629519 0.034060285091400147 -0.049528243265500885 -0.024415730328386665 -0.095452460404763476 -0.031485678867653667 -0.0035385603626626873 -0.039942254534421059 -0.018744736600299957 0.027182824215760421 0.031538930566797796 0.032293195261600176 0.028891091850320145 -0.079752579978052185 -0.035317301371248694 -0.01947091504369142 0.0042793341969348947 0.0046399568773007821 0.017127763969754732 0.0071341950929275271 0.010395860133201604 -0.0099191030014916456 -0.0034800949688183098 0.0010501086328744511 0.0015529405065747195 0.026118375521439776 0.065831056840363 -0.051587588849820593 -0.020257395113056357 0.0202790389586564 0.055455770058666955 -0.017752118433515231 -0.031995453685522084 -0.0020873842977582372 0.0027503125347890134 0.041945123920838046 0.016603859137360226 -0.036740323097809502 0.036876177115411295 0.06981762275485795 -0.0073160568822403351 0.019088590419606158 0.00067434297688305381 -0.031254804773374618 -0.056366780841792079 0.026834066745571119 -0.018288447846364426 0.036106094978546187 0.058607032487266945 0.0066286818792476599 0.018940862615515169 0.046826041315992675 0.03721517357779177 0.017802510723205552 0.051879073476249531 -0.029617138541585139 0.0084429025565946683 -0.073069411941937043 0.035668591837640165 -0.026891342170682609 -0.05447371017590568 -0.024232812113357042 0.057966861647108327
leaf_weight=185 45 66 70 176 49 41 69 272 73 59 52 51 121 40 43 59 40 46 63 49 45 42 221 182 47 49 40 116 66 158 42 64 70 50 70 46 55 52 228 52 48 97 107 107 100 283 40 78 42 64 41 75 54 45 50 44 43 71 85 41 135 114 81 192 48 56 49 172 53 43 56 182 94 68 47 59 75 195 43 42 53 41 53 50 73 52 45
leaf_count=185 45 66 70 176 49 41 69 272 73 59 52 51 121 40 43 59 40 46 63 49 45 42 221 182 47 49 40 116 66 158 42 64 70 50 70 46 55 52 228 52 48 97 107 107 100 283 40 78 42 64 41 75 54 45 50 44 43 71 85 41 135 114 81 192 48 56 49 172 53 43 56 182 94 68 47 59 75 195 43 42 53 41 53 50 73 52 45
internal_value=0.0001821 -0.0102406 -0.00114548 -0.011014 0.0292121 0.0250444 -0.00144861 0.00769948 -0.0289389 -0.0449359 -0.0505425 0.0387317 0.0423949 -0.0308605 -0.0249845 -0.0127904 0.00653312 -0.0426968 0.0300466 0.053719 0.044932 -0.0138474 -0.0109299 -0.00232678 0.00534963 0.0343685 -0.0597369 -0.0525907 -0.0787474 -0.0192325 -0.000980662 -0.0060744 -0.0322005 0.00352656 0.0352571 0.0275186 0.0292433 -0.0364293 -0.043824 -0.0366428 -0.0137193 -0.00505497 0.0297146 0.0169087 -0.00780446 -0.00460168 0.0153668 -0.0124809 -0.0218301 0.0227725 0.0486669 -0.0332528 -0.0379506 0.0135343 0.0428152 0.00241593 -0.0192109 0.00668841 0.0178966 0.0488237 0.011288 -0.0315935 0.0458646 0.0663871 -0.0185185 0.00834294 -0.00813966 -0.0277282 -0.0569281 0.0186783 -0.0270277 0.0369687 0.0538924 0.0123634 0.0274343 0.0389131 0.0323289 0.020979 0.0628206 -0.0230909 0.0143212 -0.0643444 0.0312752 -0.0324115 -0.0505824 -0.0213466 0.0522057
internal_weight=7050 5188 3491 2536 1862 955 1979 1139 1697 557 498 1311 1144 1631 1092 407 551 539 549 595 354 840 746 367 96 765 398 292 106 379 406 323 685 190 453 264 190 522 280 94 100 140 581 177 452 383 95 190 112 299 87 326 243 167 95 259 83 116 687 184 220 168 189 241 163 166 93 242 213 83 217 282 135 124 145 241 139 467 164 115 160 94 98 109 119 108 108
internal_count=7050 5188 3491 2536 1862 955 1979 1139 1697 557 498 1311 1144 1631 1092 407 551 539 549 595 354 840 746 367 96 765 398 292 106 379 406 323 685 190 453 264 190 522 280 94 100 140 581 177 452 383 95 190 112 299 87 326 243 167 95 259 83 116 687 184 220 168 189 241 163 166 93 242 213 83 217 282 135 124 145 241 139 467 164 115 160 94 98 109 119 108 108
is_linear=0
shrinkage=0.05


Tree=5
num_leaves=68
num_cat=0
split_feature=9 9 9 9 7 9 9 1 9 9 3 9 9 9 9 9 9 9 4 5 1 9 9 9 9 9 9 9 9 1 9 9 6 6 9 7 1 9 9 9 1 9 9 9 9 9 9 9 9 9 3 9 9 3 7 6 9 1 9 6 3 9 9 6 5 7 9
split_gain=843.184 440.953 515.743 211.901 178.031 136.409 126.729 125.245 78.7885 121.31 70.4521 59.5777 79.7329 52.4262 46.6681 68.7524 44.0049 69.7427 39.5185 30.2646 31.9633 23.6382 42.5837 22.765 33.0263 21.7037 26.3064 19.8968 17.1194 14.2194 23.4118 13.3856 13.3474 13.0206 9.04073 8.65203 8.29079 7.16987 6.75861 5.54043 8.56715 5.38932 5.17219 5.00919 4.59539 3.73632 7.04532 3.49497 3.30674 3.2865 2.90621 2.40142 3.65578 2.2824 1.88379 1.52863 1.30399 1.05901 0.968 0.912464 0.606645 0.564017 0.412173 0.404401 0.287187 0.175208 0.0617173
threshold=0.82694086432456981 0.26118339598178869 -1.0429430603981016 -0.01348631316795945 0.54746168851852428 0.3024504035711289 -0.67153990268707264 1.0000000180025095e-35 -1.6757040023803709 -1.6344369649887083 1.9201549887657168 -1.373079180717468 -1.4143462181091306 0.90947490930557262 -0.63027289509773243 -0.41284452378749842 1.2675660848617556 1.3075019121170046 -0.13390543684363362 -1.2338887453079221 0.1524230241775513 0.63436147570610057 0.52254116535186779 1.5338048934936526 1.102054297924042 -1.1667441129684446 -1.249278128147125 0.21991638094186786 1.6403004527091982 0.41595189273357397 1.6802362799644472 0.5500524938106538 0.10028097406029703 0.038097223732620485 0.39874011278152471 -1.5916000008583067 0.94300961494445812 1.4406213760375979 -1.0704543590545652 1.6536123752593996 0.67948076128959667 0.7994295358657838 0.93698623776435863 0.44000713527202612 1.4406213760375979 1.4139974117279055 1.3873735666275027 -1.7032153010368345 0.67562848329544078 0.027336971834301952 -0.89145144820213307 -0.71280694007873524 -0.78158527612686146 0.79551240801811229 -1.2239483594894407 1.2196152210235598 0.7719181776046754 -0.63816359639167775 0.10987100377678873 1.4061723947525027 0.93609276413917553 0.88196355104446422 -0.54773887991905201 0.10028097406029703 -0.70907405018806446 -1.6083111763000486 0.85445222258567821
decision_type=2 2 2 2 2 2 2 2 2 2 2 2 2 2 2 2 2 2 2 2 2 2 2 2 2 2 2 2 2 2 2 2 2 2 2 2 2 2 2 2 2 2 2 2 2 2 2 2 2 2 2 2 2 2 2 2 2 2 2 2 2 2 2 2 2 2 2
left_child=1 2 8 6 16 -3 51 14 47 -10 13 12 18 61 65 -16 36 -18 -11 62 -21 22 32 24 42 26 -13 33 -25 -12 39 -24 64 49 50 -14 -2 45 -27 40 -31 48 -15 -36 -26 46 60 -1 -23 -5 -34 52 54 -29 -4 -44 57 -50 -51 -46 -19 66 -9 -35 -7 -8 -6
right_child=4 5 3 27 10 21 7 19 9 11 29 25 35 23 15 -17 17 37 -20 20 -22 41 31 28 44 38 -28 53 -30 30 -32 -33 34 63 43 -37 -38 -39 -40 -41 -42 -43 55 -45 59 -47 -48 -49 56 58 -52 -53 -54 -55 -56 -57 -58 -59 -60 -61 -62 -63 -64 -65 -66 -67 -68
leaf_value=0.022589692923257937 0.0063214883873505259 -0.1002259328984368 0.008907117960431303 0.044828866734916789 0.015012690386976358 -0.0081493765678863194 -0.063958093492177931 -0.010480855108100049 -0.091611792243920367 -0.017946379438824989 0.037334762223191181 -0.020126968660823457 -0.065400274193033264 0.038110456417004272 0.0033350747076578307 -0.033716762058534903 -0.044659210639074444 0.0036418943775371991 -0.04829757458253487 -0.00025234502298163549 0.022718308561755132 -0.016412354083183932 -0.077812773999521301 0.069524449692216037 0.013195380199063876 -0.032594886369741144 0.0054685840300268927 0.0070108819622979601 0.040107797616575326 -0.012303652239524825 0.034454609138230168 -0.048645335026085382 -0.055080708580197028 0.046127800414195431 -0.018108909767456785 -0.10145401867424571 0.031909071754135591 0.0239081938022917 -0.012330295474014499 -0.018109424357734074 0.018288709627635472 -0.0084291507555335245 0.052462911714701889 -0.033297639571273151 0.027065249375606837 -0.0077214359926680732 0.022277460875920953 0.0047228299144466048 -0.018337719061452411 0.029658065259274915 -0.036930916617151165 0.011341305916416057 0.027936176158901718 0.023455807748768067 0.019681139356448839 0.062539438316316323 -0.035235492005699968 -0.028027047246302429 0.038368577143502614 0.036994699426626754 -0.0030397097308499117 0.024150301960476659 -0.016308184846171313 0.056545873737968183 -0.014461150401759715 -0.050690257477320061 0.019034859041372934
leaf_weight=52 41 80 47 80 53 42 40 93 76 260 58 245 46 59 223 284 79 116 184 275 336 84 58 214 48 198 169 42 71 42 61 159 52 51 85 40 147 54 54 40 48 56 218 175 75 53 55 58 45 163 60 80 143 44 473 98 60 151 62 58 47 56 55 112 41 43 56
leaf_count=52 41 80 47 80 53 42 40 93 76 260 58 245 46 59 223 284 79 116 184 275 336 84 58 214 48 198 169 42 71 42 61 159 52 51 85 40 147 54 54 40 48 56 218 175 75 53 55 58 45 163 60 80 143 44 473 98 60 151 62 58 47 56 55 112 41 43 56
internal_value=0.000100946 -0.0102486 -0.00245428 0.0104755 0.0290941 -0.0375706 0.00318727 -0.00594586 -0.0271994 -0.0307091 0.0397491 -0.0267658 -0.0392702 0.0456419 -0.0232062 -0.0174453 0.00647729 -0.00283212 -0.0306046 0.00748416 0.0123961 -0.032788 -0.0385168 0.0506997 0.0446205 -0.0167708 -0.00969054 0.0379416 0.062362 0.0158542 0.00917078 -0.0567624 -0.0297097 0.0420056 -0.0337529 -0.0831428 0.0263918 0.00744088 -0.0283184 -0.00286562 0.00403395 -0.0229938 0.0531048 -0.0284205 0.0268474 0.00408373 0.00697595 0.0132964 -0.0253609 0.035661 -0.0457705 0.0197552 0.0207518 0.0155975 0.0187263 0.0557753 -0.0282218 -0.0259068 0.0322174 0.0316392 0.00170851 0.0197123 -0.0127413 0.0535874 -0.0114023 -0.0577697 0.0172334
internal_weight=7023 5176 4028 2646 1847 1148 2092 1349 1382 1272 1255 1196 530 1006 590 507 592 404 444 759 611 1068 672 841 556 666 414 554 285 249 191 217 455 468 372 86 188 325 252 130 90 396 375 260 181 271 218 110 340 305 112 743 663 86 520 316 256 196 225 133 163 165 148 163 83 83 109
internal_count=7023 5176 4028 2646 1847 1148 2092 1349 1382 1272 1255 1196 530 1006 590 507 592 404 444 759 611 1068 672 841 556 666 414 554 285 249 191 217 455 468 372 86 188 325 252 130 90 396 375 260 181 271 218 110 340 305 112 743 663 86 520 316 256 196 225 133 163 165 148 163 83 83 109
is_linear=0
shrinkage=0.05


Tree=6
num_leaves=75
num_cat=0
split_feature=9 9 9 9 8 9 9 1 9 9 3 9 9 9 4 9 9 9 9 4 2 9 1 9 9 9 1 9 9 9 9 2 9 6 6 9 5 9 4 9 9 6 2 9 9 9 9 3 9 9 2 9 9 3 9 9 9 9 2 2 9 4 2 2 2 2 9 2 9 6 9 3 9 2
split_gain=752.185 410.098 466.274 202.286 139.057 136.358 116.664 101.922 75.056 120.35 46.7249 59.1956 45.8473 71.6873 45.4896 41.8748 45.9352 40.4091 47.3414 36.1612 28.1824 26.1618 30.1065 22.3932 39.189 20.892 18.9901 18.494 23.2861 18.1044 17.8324 15.4844 12.2495 11.3175 11.2549 10.3226 8.57462 8.03054 6.5195 5.91428 5.2302 12.2047 4.9531 4.57783 4.19979 4.02424 4.01497 3.49486 3.13597 2.87328 2.60576 3.20219 2.53744 2.40698 2.34044 2.61444 2.52292 2.33308 1.45729 1.3752 1.18212 1.00996 0.999397 0.950342 0.896542 0.59349 0.572436 0.517136 0.445959 0.441663 0.333724 0.146863 0.0111987 0.0076117
threshold=0.82694086432456981 0.26118339598178869 -1.0429430603981016 -0.01348631316795945 0.40732413530349737 0.3024504035711289 -0.67153990268707264 1.0000000180025095e-35 -1.6757040023803709 -1.6344369649887083 2.0607353448867802 1.5204929709434511 -1.373079180717468 -1.4143462181091306 -1.0432220101356504 1.102054297924042 0.90947490930557262 1.2675660848617556 1.2941899895668032 -0.13390543684363362 0.54540804028511058 -0.50647184252738942 0.1524230241775513 0.63436147570610057 0.52254116535186779 -0.63027289509773243 1.2065384984016421 -1.1667441129684446 -1.249278128147125 0.21991638094186786 -0.41284452378749842 0.17619657516479495 0.5500524938106538 0.038097223732620485 0.10028097406029703 1.6802362799644472 0.98885804414749157 0.39874011278152471 1.1456176638603213 -1.0704543590545652 1.4406213760375979 1.2196152210235598 0.089323412626981749 0.7994295358657838 1.3873735666275027 0.44000713527202612 0.97825327515602123 -0.75087112188339222 0.68938416242599498 0.027336971834301952 0.76258990168571483 1.3341258168220522 1.4139974117279055 0.79551240801811229 -0.69905126094818104 -1.0154317021369932 -0.96040901541709889 -1.7032153010368345 -0.12786052748560903 0.80602750182151806 1.0745429992675783 0.70784932374954235 0.30650527775287634 -0.10614171624183653 0.76258990168571483 -0.27988803386688227 0.85445222258567821 0.71915432810783397 0.66187280416488659 0.10028097406029703 0.5775638520717622 -1.7349367737770078 1.6403004527091982 0.30650527775287634
decision_type=2 2 2 2 2 2 2 2 2 2 2 2 2 2 2 2 2 2 2 2 2 2 2 2 2 2 2 2 2 2 2 2 2 2 2 2 2 2 2 2 2 2 2 2 2 2 2 2 2 2 2 2 2 2 2 2 2 2 2 2 2 2 2 2 2 2 2 2 2 2 2 2 2 2
left_child=1 2 8 6 17 20 54 14 57 42 11 15 13 19 30 16 66 38 -19 -11 -3 65 -23 24 34 -16 -13 28 -14 33 -8 -15 -26 49 -7 36 -12 47 67 -29 41 -17 -10 48 50 -39 62 -36 68 -5 51 -20 -43 -31 55 -4 -57 -1 -51 63 -48 -42 -18 -50 70 -9 -6 73 -25 -35 -34 -68 -28 -2
right_child=4 5 3 29 10 23 7 21 9 12 35 26 27 31 25 40 46 18 44 -21 -22 22 -24 43 32 -27 72 39 -30 53 -32 -33 64 69 37 -37 -38 45 -40 -41 61 52 -44 -45 -46 -47 60 -49 59 58 -52 -53 -54 -55 -56 56 -58 -59 -60 -61 -62 -63 -64 -65 -66 -67 71 -69 -70 -71 -72 -73 -74 -75
leaf_value=0.021343473903834821 0.027694898112879503 -0.12886618143174708 0.0086138053745445278 0.042837633050623394 0.014222672531160259 -0.010560650028921186 0.011621994052697487 -0.017787505730631807 -0.070147162312414593 -0.016435865228952566 0.015050765662773014 0.035619025396342145 -0.019112225938368383 -0.10168835040999623 -0.05443937140778872 0.028562615291071194 0.036362971749997912 -0.052096425373107193 -0.015939258719794454 -0.045690679480057124 -0.066356987415290461 -0.0012862130395555195 0.021235830048735471 -0.02041207239031792 -0.074099821256378956 -0.025528604301358334 0.066281859374915569 -0.030838784829375167 0.0052133205761989839 0.0060063047223680079 -0.019033948095360152 -0.055171375544298268 -0.049541941562364272 0.043997241112223848 -0.052342380504859121 0.030182870328074918 -0.01110023010014133 -0.017436881215030023 0.0066877186654743792 -0.012024444172025792 0.0314682232439518 0.0079654783752841369 -0.10074030377648094 -0.0087010145992419477 0.014369106128811837 -0.031265074314629555 0.057328335491437767 -0.032896244227886201 -0.023990656128701042 0.021852202832021498 0.0063172504926721261 0.00047919585167373709 -0.0074051564051346346 0.022864654733111028 0.008279518296344662 0.027253294620534468 0.018832496682961199 0.0065300816739047021 0.033189902894007854 -0.018631322833514492 0.045044368147850039 0.021758918408857714 0.047853039010711342 -0.032723923380437656 -0.05511166233391989 -0.010421807706976932 0.017890561858610234 0.033945936765954941 -0.013505042442231005 0.053857717476785187 -0.039890879727481454 0.023403315284642682 0.056498203872303879 0.022192040122136839
leaf_weight=55 45 40 53 83 58 77 108 41 40 269 72 81 253 40 79 70 61 49 49 175 40 275 321 59 58 311 191 200 160 41 83 41 42 56 56 52 54 85 48 55 49 68 43 58 49 162 188 54 67 43 62 73 43 45 52 115 518 53 194 42 49 100 68 113 41 107 48 42 57 111 88 57 55 40
leaf_count=55 45 40 53 83 58 77 108 41 40 269 72 81 253 40 79 70 61 49 49 175 40 275 321 59 58 311 191 200 160 41 83 41 42 56 56 52 54 85 48 55 49 68 43 58 49 162 188 54 67 43 62 73 43 45 52 115 518 53 194 42 49 100 68 113 41 107 48 42 57 111 88 57 55 40
internal_value=2.16919e-05 -0.00973026 -0.00222335 0.0101151 0.0276397 -0.0362 0.00280891 -0.00606472 -0.0257137 -0.0291005 0.0356324 0.0392168 -0.0250023 -0.0360564 -0.0217391 0.0322554 0.0409751 0.00375836 -0.00795011 -0.0280432 -0.0988167 0.00618834 0.0108592 -0.031381 -0.0370173 -0.0315091 0.0573499 -0.0162737 -0.00969846 0.0363691 -0.00172945 -0.0791027 -0.0537703 0.0401061 -0.0280743 0.0116642 0.00384404 -0.0318117 0.0225637 -0.0268436 0.0181958 0.0123722 -0.0870072 -0.0218751 0.00151684 -0.0265959 0.0508001 -0.0431785 -0.0241034 0.0343673 -0.00196495 -0.00619108 0.00199814 0.014989 0.0187272 0.019506 0.0204029 0.0142005 0.0312333 -0.0276369 0.0549885 0.0251404 0.0427413 -0.0296237 -0.0464842 -0.012568 0.0187388 0.028465 -0.0171625 0.0508328 -0.0433633 0.0210758 0.0643321 0.0253935
internal_weight=6980 5159 4020 2636 1821 1139 2063 1325 1384 1276 1364 1186 1193 525 581 859 529 457 282 444 80 744 596 1059 663 390 327 668 413 573 191 81 229 487 434 178 126 357 175 255 330 181 83 396 233 247 366 110 338 320 184 122 111 86 738 686 633 108 237 222 237 149 129 180 171 148 163 127 116 167 130 105 246 85
internal_count=6980 5159 4020 2636 1821 1139 2063 1325 1384 1276 1364 1186 1193 525 581 859 529 457 282 444 80 744 596 1059 663 390 327 668 413 573 191 81 229 487 434 178 126 357 175 255 330 181 83 396 233 247 366 110 338 320 184 122 111 86 738 686 633 108 237 222 237 149 129 180 171 148 163 127 116 167 130 105 246 85
is_linear=0
shrinkage=0.05


Tree=7
num_leaves=67
num_cat=0
split_feature=9 9 9 9 7 9 9 1 9 9 3 9 9 9 0 9 9 4 9 9 9 9 7 9 9 9 9 9 9 5 9 9 6 9 6 9 9 0 6 9 9 9 7 9 9 9 3 9 9 9 9 9 3 9 9 9 9 6 0 9 1 6 9 9 3 3
split_gain=686.881 374.737 410.104 180.727 145.981 120.3 107.817 91.1239 65.8636 105.176 53.9235 45.5974 43.9288 59.6132 40.7722 36.6514 60.1701 33.3794 25.599 47.0115 20.653 34.8877 20.3886 19.1055 26.6589 18.0022 20.8158 16.3823 15.7632 15.3794 12.7273 19.8101 11.584 11.0013 9.40715 6.32942 5.98098 5.90138 5.2642 4.79213 6.15811 4.54534 4.5084 4.00929 3.98704 3.58929 3.37222 3.33542 6.51684 2.94105 2.79269 2.69587 2.33114 1.89746 2.69488 2.61309 1.31156 1.24921 1.03152 1.02142 0.813663 0.700867 0.44678 0.411433 0.279942 0.180396
threshold=0.82694086432456981 0.26118339598178869 -1.0429430603981016 -0.01348631316795945 0.54746168851852428 0.3024504035711289 -0.67153990268707264 1.0000000180025095e-35 -1.6757040023803709 -1.6344369649887083 1.9201549887657168 0.90947490930557262 -1.373079180717468 -1.4143462181091306 0.21460897475481036 1.2675660848617556 1.3075019121170046 -0.13390543684363362 -0.34628482162952418 -0.27972511947154993 0.63436147570610057 0.52254116535186779 0.68115335702896129 1.5338048934936526 1.102054297924042 -1.1667441129684446 -1.249278128147125 -0.63027289509773243 0.21991638094186786 1.8532593846321108 1.1295656561851504 1.6802362799644472 0.038097223732620485 0.5500524938106538 0.038097223732620485 1.1979002952575686 1.4406213760375979 0.27957032620906835 0.34902189671993261 1.6536123752593996 1.1708326339721682 -1.0704543590545652 -1.5080429315567014 0.93698623776435863 0.7994295358657838 1.4406213760375979 -0.46971046924591059 1.4139974117279055 1.3873735666275027 -1.7032153010368345 0.027336971834301952 0.67562848329544078 -0.46971046924591059 -1.0154317021369932 -0.96040901541709889 -0.89163067936897267 0.7719181776046754 1.2196152210235598 0.19295527786016467 0.10987100377678873 -0.63816359639167775 1.4061723947525027 0.85445222258567821 0.13738234341144565 0.93609276413917553 -1.5943564176559446
decision_type=2 2 2 2 2 2 2 2 2 2 2 2 2 2 2 2 2 2 2 2 2 2 2 2 2 2 2 2 2 2 2 2 2 2 2 2 2 2 2 2 2 2 2 2 2 2 2 2 2 2 2 2 2 2 2 2 2 2 2 2 2 2 2 2 2 2
left_child=1 2 8 6 15 -3 53 14 49 -10 11 62 13 17 27 35 37 -11 42 -20 21 32 -16 24 43 26 -14 -8 34 -25 -12 39 -7 -23 50 -2 47 -17 46 40 -32 -27 -9 -13 51 -26 -34 48 64 -1 -5 -22 -40 -4 -55 -56 60 -45 -35 -52 -53 -47 -6 -36 -18 -64
right_child=4 5 3 28 10 20 7 18 9 12 30 23 25 -15 22 16 36 -19 19 -21 44 33 -24 29 45 41 -28 -29 -30 -31 31 -33 38 58 63 -37 -38 -39 52 -41 -42 -43 -44 57 -46 61 -48 -49 -50 -51 59 56 -54 54 55 -57 -58 -59 -60 -61 -62 -63 65 -65 -66 -67
leaf_value=0.020422440362081195 0.0098363631217037902 -0.091086777117660001 0.0088202911486293667 0.041487766620589471 0.013450648526154591 -0.0043574245824577074 -0.065033182908188214 -0.011739880670943569 -0.080561875742535261 -0.01544488342252991 0.034457658787095356 0.034824772142484542 -0.01764035481289029 -0.073567721440836231 0.00023182527132748257 -0.054781243641202043 0.0027507746709536725 -0.043265078784745253 0.038310775668783624 0.0030546417051175636 -0.014531821227248979 -0.070699477658189583 -0.023887376445862984 0.061376500364971324 0.011421002116468218 -0.029062934093720589 0.0048587732939049605 -0.030405845970706238 0.013910958028804416 0.029209174953090652 -0.0081222338800328048 0.032353355565061005 -0.039458209094136283 -0.052798569271730822 0.041402237370329081 0.03013522247924949 0.021741980608356627 -0.026475841852001532 -0.012441236265502606 -0.0167749376558676 0.018152358026311891 -0.012182901435773131 0.00087980299811269954 0.047393491015666062 -0.0079287607378015924 0.024442729675843392 -0.027841898310460796 -0.0076571960020445145 0.020930203562602404 0.0044012596473718682 0.027251899871043862 -0.016030372419871045 -0.027707006026278527 0.025850321833802536 0.011215323033935295 0.019104199925801015 -0.032327357242847313 0.05668318940603987 -0.040896380404310845 0.035791532239362371 -0.024810829445205889 0.033207242989114358 0.017226671618926857 0.050990878610775392 -0.0017427064375951887 0.022593336226418615
leaf_weight=56 56 86 56 81 56 51 43 154 85 267 62 60 249 80 205 40 113 182 131 334 84 57 152 247 44 191 174 178 77 47 48 58 132 42 52 131 56 40 55 40 40 53 130 215 56 80 150 50 57 59 159 42 50 112 144 450 57 93 123 66 144 55 71 115 49 47
leaf_count=56 56 86 56 81 56 51 43 154 85 267 62 60 249 80 205 40 113 182 131 334 84 57 152 247 44 191 174 178 77 47 48 58 132 42 52 131 56 40 55 40 40 53 130 215 56 80 150 50 57 59 159 42 50 112 144 450 57 93 123 66 144 55 71 115 49 47
internal_value=0.000307687 -0.00906722 -0.00193958 0.00965359 0.0263966 -0.0345168 0.00293342 -0.00567411 -0.0238466 -0.0270997 0.0359937 0.0411002 -0.023236 -0.0339919 -0.0205719 0.00589572 -0.00256739 -0.0267928 0.00583453 0.0130479 -0.0297696 -0.0351444 -0.0100755 0.045922 0.0402243 -0.0146673 -0.00839576 -0.0374059 0.0351264 0.0563506 0.0150127 0.00838146 -0.0268529 -0.0513097 0.0385434 0.0241411 0.00702203 -0.0411301 -0.0297985 -0.0026474 0.00389053 -0.0254611 -0.00598045 0.0479391 -0.0204401 0.0241856 -0.0333995 0.00388847 0.00654729 0.0123117 0.0330955 -0.022552 -0.0199035 0.017911 0.0186185 0.0172138 -0.0252535 0.0503729 -0.0442258 0.0299041 -0.0229245 0.0282314 0.0176656 0.0482694 0.00138928 0.0195361
internal_weight=7019 5164 4035 2639 1855 1129 2089 1327 1396 1281 1263 1015 1196 529 578 592 405 449 749 465 1043 660 357 841 547 667 423 221 550 294 248 186 438 222 473 187 325 80 387 128 88 244 284 368 383 179 282 269 219 115 306 327 105 762 706 594 243 308 165 225 186 135 174 167 162 118
internal_count=7019 5164 4035 2639 1855 1129 2089 1327 1396 1281 1263 1015 1196 529 578 592 405 449 749 465 1043 660 357 841 547 667 423 221 550 294 248 186 438 222 473 187 325 80 387 128 88 244 284 368 383 179 282 269 219 115 306 327 105 762 706 594 243 308 165 225 186 135 174 167 162 118
is_linear=0
shrinkage=0.05


Tree=8
num_leaves=76
num_cat=0
split_feature=9 9 9 9 9 8 9 1 9 9 3 9 9 9 9 9 0 2 9 9 6 9 9 9 9 1 9 3 9 9 5 9 9 6 6 2 9 9 5 3 9 2 9 9 6 9 5 9 9 9 3 6 9 2 9 9 9 0 2 9 2 2 9 9 9 0 2 2 0 6 2 2 2 9 8
split_gain=618.612 336.509 377.59 162.241 115.542 110.309 99.4789 90.9369 62.4187 101.953 40.5897 40.5975 40.3128 55.0495 38.7323 41.7882 36.9833 33.6303 30.0871 35.9798 24.953 21.3453 44.7363 18.2671 29.0797 18.2491 18.2363 16.6942 15.7708 19.3613 12.9377 12.4033 11.2003 10.8439 9.71335 8.9042 8.62729 7.328 7.1284 6.58612 9.10622 5.24968 4.9116 4.28958 6.31522 4.25039 4.21365 3.9238 3.59066 2.8015 2.46271 2.34767 2.07445 2.03474 1.98679 1.84099 3.56823 1.7809 1.5924 1.51715 1.34431 1.29354 1.14784 2.67422 1.26669 1.00373 0.992478 0.865734 0.86172 0.362052 0.228225 0.156348 0.0759054 0.0135204 0.00426492
threshold=0.82694086432456981 0.26118339598178869 -1.0429430603981016 -0.026798253878951069 0.3024504035711289 0.47096353769302374 -0.67153990268707264 1.0000000180025095e-35 -1.6757040023803709 -1.6344369649887083 2.0607353448867802 1.5204929709434511 -1.373079180717468 -1.4143462181091306 1.2675660848617556 1.2941899895668032 0.21460897475481036 0.56712579727172863 1.102054297924042 0.92323055863380443 -1.6409085988998411 -0.34628482162952418 -0.27972511947154993 0.63436147570610057 0.52254116535186779 1.2065384984016421 -0.3862206488847732 0.092610801570117487 -1.1667441129684446 -1.249278128147125 1.5754156112670901 0.21991638094186786 1.6802362799644472 0.038097223732620485 0.10028097406029703 0.2847875058650971 0.5500524938106538 0.39874011278152471 0.98885804414749157 1.4984139800071719 1.1708326339721682 0.089323412626981749 -1.0704543590545652 1.4539332389831545 1.2196152210235598 0.44000713527202612 -1.1721458435058592 0.7994295358657838 1.3873735666275027 0.67562848329544078 -0.75087112188339222 1.2196152210235598 0.89571923017501842 0.76258990168571483 1.3341258168220522 -0.71280694007873524 -0.78158527612686146 0.45280016958713537 0.71915432810783397 -0.83660796284675587 0.84946307539939891 0.58884355425834667 0.041092643514275558 1.0000000180025095e-35 0.10987100377678873 0.27957032620906835 -0.60566291213035572 -1.6481418609619138 0.36618536710739141 0.10028097406029703 0.21963211894035342 0.48025263845920568 0.19791434705257419 1.6403004527091982 0.12094683200120927
decision_type=2 2 2 2 2 2 2 2 2 2 2 2 2 2 2 2 2 2 2 2 2 2 2 2 2 2 2 2 2 2 2 2 2 2 2 2 2 2 2 2 2 2 2 2 2 2 2 2 2 2 2 2 2 2 2 2 2 2 2 2 2 2 2 2 2 2 2 2 2 2 2 2 2 2 2
left_child=1 2 8 6 17 14 55 16 57 41 11 18 13 20 39 -16 27 -3 19 52 -11 46 -23 24 34 30 -18 -8 29 -14 -13 33 38 62 -6 -15 -26 50 -12 58 -41 -10 -30 44 -20 -39 -9 49 53 71 -36 67 70 54 -17 56 59 -1 -2 -4 66 -46 63 -5 -64 -38 -51 -21 -45 -35 -7 -25 -57 -27 -33
right_child=5 4 3 31 23 10 7 21 9 12 32 25 28 35 15 48 26 -19 43 51 -22 22 -24 47 36 73 -28 -29 42 -31 -32 74 -34 69 37 -37 65 45 -40 40 -42 -43 -44 68 61 -47 -48 -49 -50 60 -52 -53 -54 -55 -56 72 -58 -59 -60 -61 -62 -63 64 -65 -66 -67 -68 -69 -70 -71 -72 -73 -74 -75 -76
leaf_value=0.0067930957583326197 0.02457306784565879 -0.11876105864842733 0.017311812136650031 0.024479057572104716 -0.0097718591807571097 0.012317522977208419 -0.021295251960875197 -0.010598263426218182 -0.061999870655013292 -0.0031567829430592487 0.013142405284399337 0.048069946315823772 -0.016976417131247184 -0.087109718578202391 -0.046753191851222745 -0.013130323066497626 -0.00073398972770608061 -0.054159679145790465 0.024775097659621083 0.034323919812838243 -0.031623844038175558 0.036907470732260104 0.0023743657938020816 -0.010946585483690527 -0.066041423656322346 0.059867427890659665 -0.02344745287958246 -0.049063218543764026 -0.027937998888955918 0.0046718718119744401 0.0094557719168866568 0.012263119052641276 0.028189494792275345 0.039715039429434558 -0.047326963146527609 -0.051186795035998024 -0.046202639090387444 -0.014410870234815427 -0.011982852710282495 -0.0022878512611246801 0.025729586843584409 -0.091791137405063797 -0.011169101391375686 0.019358454531792441 0.010050046139777724 -0.028665469001029481 0.0017144391091110614 -0.0069782497698075282 0.01236563636235017 -0.019603126206059467 -0.03099503624252975 0.054016272986636443 0.02760267605384191 0.0059265878273924788 -2.8155305307900791e-05 0.007803700819966339 0.024932398902213514 0.019515703604198423 0.03796072485970288 0.010558111338455857 -0.016152596337720752 -0.00078088554021503247 0.024051404041601412 0.039938413618523405 0.033413570236701239 -0.036231091045416323 -0.028353730859484949 0.045115004859864714 0.028454201465303249 0.048649517649954017 0.017300964406493938 -0.016050595172294759 0.011460126242275503 0.051054680742029304 0.015389776420183913
leaf_weight=62 78 44 411 54 80 61 102 149 40 98 54 48 254 41 51 45 204 42 60 41 362 133 313 46 53 185 155 121 191 173 40 40 52 56 59 41 94 80 57 55 60 45 59 65 54 172 129 55 66 56 55 101 47 66 78 41 143 51 40 112 49 55 140 80 64 77 148 199 65 109 65 40 42 56 42
leaf_count=62 78 44 411 54 80 61 102 149 40 98 54 48 254 41 51 45 204 42 60 41 362 133 313 46 53 185 155 121 191 173 40 40 52 56 59 41 94 80 57 55 60 45 59 65 54 172 129 55 66 56 55 101 47 66 78 41 143 51 40 112 49 55 140 80 64 77 148 199 65 109 65 40 42 56 42
internal_value=-4.50182e-05 -0.00885865 -0.00208844 0.00908651 -0.0327202 0.0248338 0.00246753 -0.00586313 -0.0229001 -0.0259886 0.0326885 0.0360186 -0.0222547 -0.0324133 0.00579119 -0.00590165 -0.0205616 -0.0881967 0.0299517 0.0372908 -0.0255791 0.00596454 0.0127319 -0.0281576 -0.0331964 0.0508745 -0.0105785 -0.0365139 -0.014086 -0.00821514 0.0308215 0.0322939 0.0092797 0.0352375 -0.025712 -0.0699814 -0.0479178 -0.0291601 0.000248454 0.021107 0.0124257 -0.0786557 -0.0240408 0.0172531 0.0118841 -0.024215 -0.00489915 -0.0195267 0.00241937 -0.0215361 -0.0397856 0.0467084 0.018566 -0.00110072 -0.00488886 0.0169818 0.0178648 0.012656 0.0293921 0.0158884 -0.0242115 0.00462748 0.0299247 0.033936 0.0271372 -0.0419493 -0.0260589 0.0434216 0.0240888 0.0458747 0.0150043 -0.0134777 0.00976834 0.0580391 0.0140307
internal_weight=7051 5207 4057 2640 1150 1844 2055 1306 1417 1304 1305 1142 1219 542 539 306 582 86 813 514 460 724 446 1064 670 329 359 223 677 427 88 585 163 503 446 82 224 366 111 233 115 85 250 299 169 252 278 394 255 339 114 341 173 189 123 749 666 113 118 523 253 109 338 134 204 171 204 240 130 165 126 86 83 241 82
internal_count=7051 5207 4057 2640 1150 1844 2055 1306 1417 1304 1305 1142 1219 542 539 306 582 86 813 514 460 724 446 1064 670 329 359 223 677 427 88 585 163 503 446 82 224 366 111 233 115 85 250 299 169 252 278 394 255 339 114 341 173 189 123 749 666 113 118 523 253 109 338 134 204 171 204 240 130 165 126 86 83 241 82
is_linear=0
shrinkage=0.05


Tree=9
num_leaves=80
num_cat=0
split_feature=6 5 7 4 7 7 1 1 0 6 5 1 8 1 1 1 5 4 4 1 1 0 6 7 5 3 5 5 6 5 1 4 1 1 6 7 0 0 6 3 1 7 3 3 4 4 1 3 6 6 5 7 0 0 3 0 6 4 4 3 7 8 5 6 5 0 0 6 0 3 0 3 5 4 6 4 3 6 3
split_gain=507.806 214.273 234.23 220.446 108.879 102.073 99.0496 48.0427 46.0603 43.0721 36.7674 36.3829 34.9519 31.3757 25.5988 24.4263 27.5408 22.7473 20.9899 32.5001 20.3809 20.1528 20.0451 18.3821 23.5977 19.5968 16.8304 16.1153 14.6451 11.8389 10.9783 24.8277 10.0203 8.88514 8.882 13.5821 8.80209 8.51251 7.98283 7.45717 7.09505 7.07442 7.02371 6.52789 6.31635 5.94529 5.55459 4.37435 8.03815 4.21967 2.73371 2.69171 2.64273 2.59191 2.47975 2.11639 2.09399 1.95531 1.76156 1.68298 1.62359 1.54686 1.42579 1.39212 1.36326 1.17589 1.10388 0.959003 0.943243 0.799936 0.57875 0.504504 0.495891 0.473937 0.4537 0.295395 0.267961 0.201904 0.0632961
threshold=0.97087427973747265 -0.46210168302059168 0.21323350816965106 -0.16768633574247357 -1.3242176771163938 0.54746168851852428 0.1524230241775513 1.2065384984016421 0.43114647269248968 -0.95686948299407948 1.4519298076629641 0.41595189273357397 0.039124358445405967 0.41595189273357397 -1.4287564754486082 1.0000000180025095e-35 0.46404260396957403 -0.57167378067970265 0.2700809538364411 1.0000000180025095e-35 0.67948076128959667 0.27957032620906835 1.2196152210235598 -1.4913316965103147 -0.92517420649528492 1.0000000180025095e-35 1.1123438477516177 1.1740867495536806 0.10028097406029703 1.3901869058609011 1.2065384984016421 1.0442760586738589 0.1524230241775513 -0.90169563889503468 -0.27283042669296259 -1.7587140202522276 0.06303309835493566 0.25791636854410177 -0.21064370870590207 0.3737714439630509 0.1524230241775513 -1.1571035385131834 -0.46971046924591059 1.6389943361282351 1.1118367314338686 0.034307916648685939 -2.2193431854248042 0.3737714439630509 -0.27283042669296259 0.34902189671993261 1.5445441603660586 0.012697012396529319 0.27957032620906835 0.23626267164945605 1.0766730904579165 0.30122427642345434 -0.70812854170799244 1.1118367314338686 1.0000000180025095e-35 1.7795746922492983 0.16309889405965808 0.59824231266975414 0.15532734990119937 0.78432005643844616 0.86537146568298351 0.34453167021274572 -1.1928823590278623 1.0000000180025095e-35 0.1279941909015179 1.2172533869743349 0.25791636854410177 -0.89145144820213307 0.80362856388092052 -0.47033214569091791 1.3439886569976809 0.842971831560135 -0.46971046924591059 1.0952447652816775 -0.89145144820213307
decision_type=2 2 2 2 2 2 2 2 2 2 2 2 2 2 2 2 2 2 2 2 2 2 2 2 2 2 2 2 2 2 2 2 2 2 2 2 2 2 2 2 2 2 2 2 2 2 2 2 2 2 2 2 2 2 2 2 2 2 2 2 2 2 2 2 2 2 2 2 2 2 2 2 2 2 2 2 2 2 2
left_child=1 2 3 4 17 22 37 10 12 36 13 14 18 27 -3 33 32 42 19 -5 -15 50 69 25 -25 -19 45 40 47 -9 64 53 39 55 35 -35 -6 38 -4 -17 57 -38 66 -23 -45 61 77 48 -8 62 -12 68 75 -32 60 73 -44 -7 -50 -31 -55 -13 -47 71 -24 67 -1 -49 -11 -2 -36 -18 -64 -16 -22 -28 -51 -29 -65
right_child=5 11 6 8 9 7 28 29 -10 51 21 26 -14 20 15 16 63 23 -20 -21 74 43 30 24 -26 -27 52 46 -30 59 31 -33 -34 34 70 -37 41 -39 -40 -41 -42 -43 56 44 -46 49 -48 65 58 76 -52 -53 -54 54 -56 -57 -58 -59 -60 -61 -62 -63 72 78 -66 -67 -68 -69 -70 -71 -72 -73 -74 -75 -76 -77 -78 -79 -80
leaf_value=-0.018481231654106183 0.028721103884957057 0.014209140441768492 -0.038932702294009372 -0.056200340574745225 -0.022122228926136384 0.040201626527816697 0.033782601767572862 0.027265617033833119 0.0022038269705851291 0.013570261985928781 0.001724096372267826 -0.021293299563410806 -0.0099164447165094316 -0.014209981966349814 -0.015501484455465266 -0.01248552677078316 -0.029097552939516599 -0.023375261663536484 -0.072548819383761537 -0.025030881041143756 0.019884241082602078 0.036640609412089638 0.023322194138931676 0.015042525006720098 -0.019899320267445068 -0.058232817492064305 -0.045387334190309048 0.026861109551456243 0.044850130441288161 0.05519464947748929 -0.0079139356141571301 -0.029529764837976813 0.023135984158319123 -0.016629944330909186 -0.022138992563510936 -0.039846002522142647 -0.010416105172714204 3.1344975306563183e-06 -0.010735909029608593 0.011824747630974877 0.027733609733449949 0.005222498618656703 0.0072378005531788308 0.026349719410592859 -0.00058349265124310156 -0.042138410144943302 0.012881416775972435 0.026660499472531868 0.021040202231403998 -0.016760745260682774 -0.014170369932857843 0.0031375527381896974 -0.036119007319211964 0.0013751546886530432 -0.0058613544025733558 -0.0055738122697840354 -0.0037522835483153661 0.049726127229985741 0.011865947335791677 0.041874963349388908 0.009941693971809511 -0.0071985022687330487 -0.026902457685537229 -0.014995986294397563 0.010922504737283345 0.020563874890406928 -0.0091109199202453178 0.033351436527045961 0.017735286650020853 0.018899625985194807 -0.015881318954581565 -0.020854638488246844 -0.036120256504347158 -0.022979286703995842 0.028114724694255817 -0.055531868099604011 -0.023978422304918603 0.034724786234836956 -0.019016411914317698
leaf_weight=42 65 59 42 188 62 140 86 60 67 213 46 40 73 53 73 77 60 210 71 155 53 45 42 63 198 50 75 44 113 199 43 68 52 89 119 234 126 72 63 52 76 167 102 43 43 58 75 135 93 40 64 40 69 84 43 46 74 167 133 48 163 40 63 56 53 44 139 162 520 45 76 51 42 42 46 52 42 50 53
leaf_count=42 65 59 42 188 62 140 86 60 67 213 46 40 73 53 73 77 60 210 71 155 53 45 42 63 198 50 75 44 113 199 43 68 52 89 119 234 126 72 63 52 76 167 102 43 43 58 75 135 93 40 64 40 69 84 43 46 74 167 133 48 163 40 63 56 53 44 139 162 520 45 76 51 42 42 46 52 42 50 53
internal_value=0.000151526 -0.00791535 -0.000901735 -0.00874893 -0.00103231 0.0225599 0.0203881 0.0307083 -0.0366381 0.00924145 0.0250777 -0.0227063 -0.0419754 0.0308431 -0.0176725 -0.0194258 -0.00960697 -0.0142269 -0.0475908 -0.0422287 0.0106392 0.00817827 0.00570231 -0.0208799 -0.0114399 -0.0302761 -0.0336561 0.0363772 0.0281712 0.0479026 0.00140106 -0.0022297 0.00482993 -0.0252018 -0.0284009 -0.0335201 -0.0051662 -0.0132639 -0.0222755 -0.00267046 0.0420779 -0.00151519 -0.00448645 0.0213574 0.0130312 -0.0265261 0.0232865 0.0252208 0.0207888 -0.0304039 -0.00756794 0.0158563 -0.045284 0.00341681 0.0051183 -0.0147975 0.00262188 0.0455273 0.0157173 0.0527855 0.00704567 -0.0144218 -0.0351286 -0.0214527 0.0165903 0.0292032 -0.0113748 0.0304098 0.0165451 0.0249097 -0.0197936 -0.0255303 -0.0308956 -0.0184071 0.0239514 -0.0499424 -0.020702 0.0313654 -0.017106
internal_weight=7021 5163 3503 2560 2006 1858 943 1252 554 1128 945 1660 487 704 1139 1080 401 878 414 343 152 241 606 521 261 260 521 552 766 307 496 401 181 679 518 323 355 177 105 129 383 293 357 131 86 325 169 653 312 245 110 773 196 333 290 161 176 307 226 247 247 80 163 220 95 341 181 297 733 110 195 111 105 115 99 127 82 94 109
internal_count=7021 5163 3503 2560 2006 1858 943 1252 554 1128 945 1660 487 704 1139 1080 401 878 414 343 152 241 606 521 261 260 521 552 766 307 496 401 181 679 518 323 355 177 105 129 383 293 357 131 86 325 169 653 312 245 110 773 196 333 290 161 176 307 226 247 247 80 163 220 95 341 181 297 733 110 195 111 105 115 99 127 82 94 109
is_linear=0
shrinkage=0.05


end of trees

feature_importances:
Column_9=362
Column_6=62
Column_2=57
Column_1=54
Column_3=53
Column_0=41
Column_4=40
Column_5=36
Column_7=20
Column_8=18

parameters:
[boosting: gbdt]
[objective: regression]
[metric: l2]
[tree_learner: serial]
[device_type: cpu]
[data_sample_strategy: bagging]
[data: ]
[valid: ]
[num_iterations: 600]
[learning_rate: 0.05]
[num_leaves: 256]
[num_threads: 16]
[seed: 2023]
[deterministic: 0]
[force_col_wise: 0]
[force_row_wise: 0]
[histogram_pool_size: -1]
[max_depth: 8]
[min_data_in_leaf: 40]
[min_sum_hessian_in_leaf: 0.001]
[bagging_fraction: 0.9]
[pos_bagging_fraction: 1]
[neg_bagging_fraction: 1]
[bagging_freq: 1]
[bagging_seed: 26561]
[bagging_by_query: 0]
[feature_fraction: 0.8]
[feature_fraction_bynode: 1]
[feature_fraction_seed: 22040]
[extra_trees: 0]
[extra_seed: 25715]
[early_stopping_round: 0]
[early_stopping_min_delta: 0]
[first_metric_only: 0]
[max_delta_step: 0]
[lambda_l1: 0]
[lambda_l2: 1]
[linear_lambda: 0]
[min_gain_to_split: 0]
[drop_rate: 0.1]
[max_drop: 50]
[skip_drop: 0.5]
[xgboost_dart_mode: 0]
[uniform_drop: 0]
[drop_seed: 17353]
[top_rate: 0.2]
[other_rate: 0.1]
[min_data_per_group: 100]
[max_cat_threshold: 32]
[cat_l2: 10]
[cat_smooth: 10]
[max_cat_to_onehot: 4]
[top_k: 20]
[monotone_constraints: ]
[monotone_constraints_method: basic]
[monotone_penalty: 0]
[feature_contri: ]
[forcedsplits_filename: ]
[refit_decay_rate: 0.9]
[cegb_tradeoff: 1]
[cegb_penalty_split: 0]
[cegb_penalty_feature_lazy: ]
[cegb_penalty_feature_coupled: ]
[path_smooth: 0]
[interaction_constraints: ]
[verbosity: 1]
[saved_feature_importance_type: 0]
[use_quantized_grad: 0]
[num_grad_quant_bins: 4]
[quant_train_renew_leaf: 0]
[stochastic_rounding: 1]
[linear_tree: 0]
[max_bin: 255]
[max_bin_by_feature: ]
[min_data_in_bin: 3]
[bin_construct_sample_cnt: 200000]
[data_random_seed: 6644]
[is_enable_sparse: 1]
[enable_bundle: 1]
[use_missing: 1]
[zero_as_missing: 0]
[feature_pre_filter: 1]
[pre_partition: 0]
[two_round: 0]
[header: 0]
[label_column: ]
[weight_column: ]
[group_column: ]
[ignore_column: ]
[categorical_feature: ]
[forcedbins_filename: ]
[precise_float_parser: 0]
[parser_config_file: ]
[objective_seed: 2023]
[num_class: 1]
[is_unbalance: 0]
[scale_pos_weight: 1]
[sigmoid: 1]
[boost_from_average: 1]
[reg_sqrt: 0]
[alpha: 0.9]
[fair_c: 1]
[poisson_max_delta_step: 0.7]
[tweedie_variance_power: 1.5]
[lambdarank_truncation_level: 30]
[lambdarank_norm: 1]
[label_gain: ]
[lambdarank_position_bias_regularization: 0]
[eval_at: ]
[multi_error_top_k: 1]
[auc_mu_weights: ]
[num_machines: 1]
[local_listen_port: 12400]
[time_out: 120]
[machine_list_filename: ]
[machines: ]
[gpu_platform_id: -1]
[gpu_device_id: -1]
[gpu_use_dp: 0]
[num_gpu: 1]

end of parameters

pandas_categorical:null
