tree
version=v4
num_class=1
num_tree_per_iteration=1
label_index=0
max_feature_idx=9
objective=regression
feature_names=Column_0 Column_1 Column_2 Column_3 Column_4 Column_5 Column_6 Column_7 Column_8 Column_9
feature_infos=[-4.9281487464904785:0.63685661554336548] [-2.6146364212036133:3.7100627422332764] [-5.1990861892700195:1.272971510887146] [-2.2269694805145264:2.5527749061584473] [-5.5711894035339355:1.3641557693481445] [-1.9902403354644775:2.1465384960174561] [-1.982926607131958:1.6860036849975586] [-2.3018357753753662:1.4582350254058838] [-2.4405524730682373:1.9915002584457397] [-1.7305047512054443:1.7332621812820435]
tree_sizes=10168 9821 10353 9409 10276 9591 10386 9866 10390

Tree=0
num_leaves=117
num_cat=0
split_feature=9 9 9 9 8 9 9 1 9 9 9 9 3 9 9 9 4 0 9 9 2 3 9 9 9 9 9 9 9 1 9 9 9 6 2 6 6 9 9 9 9 6 5 9 9 2 5 9 9 6 4 9 9 8 9 2 9 6 9 6 9 9 3 9 9 5 9 9 9 9 3 6 9 4 9 2 2 9 2 2 9 9 0 0 2 2 3 9 9 2 6 2 3 9 6 2 9 2 2 9 2 2 2 5 8 6 3 2 9 9 2 9 4 9 9 9
split_gain=1413.2 714.006 883.194 357.232 257.426 223.802 219.49 193.266 125.334 202.302 91.3397 127.608 90.4032 95.3065 79.0113 88.209 65.4845 63.798 60.6524 82.4421 47.7837 46.9068 43.906 55.9772 50.3201 43.2501 44.2232 42.6043 67.9073 37.1657 33.1516 30.6905 41.3429 26.6332 24.2399 20.8186 20.2765 18.6406 18.0528 17.8633 15.8969 14.3434 13.7723 13.4757 13.3448 11.5944 11.2556 10.2602 8.41903 8.15779 7.94443 7.44296 7.11639 10.5786 6.66598 6.58749 6.11576 6.32284 5.19608 5.16023 5.14912 7.27016 5.06652 4.78186 4.75207 3.58135 3.54402 4.97824 4.89081 4.23065 3.40975 2.65467 2.61948 2.07723 2.02496 1.96007 1.77427 1.70467 1.6542 1.81168 1.42114 1.4161 1.40775 1.36934 1.33459 1.19595 1.1087 1.05865 0.940949 0.90523 0.896596 1.23943 0.838457 0.811389 0.646925 0.616081 0.615337 0.556359 0.521039 0.502132 0.50177 0.452169 0.373627 0.339781 0.270677 0.261893 0.261239 0.257775 0.235857 0.224478 0.160064 0.109765 0.0752901 0.0278006 0.00929814 0.0647416
threshold=0.82694086432456981 0.26118339598178869 -1.0429430603981016 -0.01348631316795945 0.40732413530349737 0.3024504035711289 -0.67153990268707264 1.0000000180025095e-35 -1.6757040023803709 -1.6344369649887083 -1.373079180717468 -1.4143462181091306 2.0607353448867802 1.5338048934936526 1.2675660848617556 1.3075019121170046 -0.13390543684363362 0.30122427642345434 1.102054297924042 0.90947490930557262 0.56712579727172863 -1.0320318043231962 -0.35959677398204798 -0.27972511947154993 -0.13329377770423886 -0.63027289509773243 -0.41284452378749842 0.63436147570610057 0.52254116535186779 1.2065384984016421 0.21991638094186786 -1.1667441129684446 -1.249278128147125 -0.39720386266708368 0.15447776764631274 0.10028097406029703 0.038097223732620485 -0.23978930711746213 0.5500524938106538 1.6802362799644472 1.4539332389831545 1.2196152210235598 0.98885804414749157 -0.33297289907932276 -0.58900588750839222 0.63228118419647228 0.24794243276119235 -1.0704543590545652 0.7994295358657838 -1.6409085988998411 1.1456176638603213 0.97825327515602123 -0.50647184252738942 -0.54726958274841297 -1.7032153010368345 0.089323412626981749 0.44000713527202612 0.53557908535003673 0.027336971834301952 -1.6409085988998411 -1.4968802332878111 -1.4556132555007932 -0.75087112188339222 0.67562848329544078 1.3873735666275027 -0.86343130469322193 -1.0154317021369932 -0.94665333628654469 -0.90538632869720448 -0.71280694007873524 0.79551240801811229 1.4683561325073244 -0.78158527612686146 0.87606266140937816 -0.83660796284675587 0.52368924021720897 -0.12786052748560903 1.0745429992675783 0.84946307539939891 -1.1920572519302366 1.6403004527091982 0.10987100377678873 0.19295527786016467 0.14964788407087329 0.78430870175361644 -1.2137755155563352 0.3737714439630509 0.85445222258567821 -0.42615647614002222 0.71915432810783397 1.0000000180025095e-35 0.19791434705257419 -0.61029079556465138 0.46751846373081213 -1.0190532207489011 0.56712579727172863 1.2808780670166018 -0.23645249009132382 0.69743552803993236 -0.87787500023841847 -0.51878973841667164 0.13275895640254023 0.56712579727172863 0.46404260396957403 -1.1427537202835081 -0.21064370870590207 -0.89145144820213307 0.50197042524814617 0.7719181776046754 -1.125477075576782 0.089323412626981749 0.13738234341144565 -0.57167378067970265 1.0332759618759157 -1.304300785064697 -1.3318121433258054
decision_type=2 2 2 2 2 2 2 2 2 2 2 2 2 2 2 2 2 2 2 2 2 2 2 2 2 2 2 2 2 2 2 2 2 2 2 2 2 2 2 2 2 2 2 2 2 2 2 2 2 2 2 2 2 2 2 2 2 2 2 2 2 2 2 2 2 2 2 2 2 2 2 2 2 2 2 2 2 2 2 2 2 2 2 2 2 2 2 2 2 2 2 2 2 2 2 2 2 2 2 2 2 2 2 2 2 2 2 2 2 2 2 2 2 2 2 2
left_child=1 2 8 6 14 20 66 17 54 55 11 16 13 18 50 45 59 25 19 87 -3 -18 52 43 110 -8 44 28 35 -15 36 32 92 65 -13 75 58 -28 -30 42 41 -20 -14 -24 -27 -16 62 94 63 -23 98 85 97 -54 -1 -10 103 93 -5 -11 -61 -62 -37 106 84 -19 -4 -68 83 72 -32 101 74 -43 99 -7 -60 113 79 -65 -31 89 -40 -69 86 -21 -17 -6 -67 -78 91 -26 114 -58 -33 100 -75 -9 -2 -70 -34 -42 -99 -48 -63 -39 -29 -45 -81 -96 -25 -38 -71 -53 115 -12
right_child=4 5 3 30 12 27 7 22 9 10 31 34 39 29 15 64 21 33 40 51 -22 49 23 24 90 26 37 48 38 80 70 47 95 -35 -36 46 111 105 82 -41 71 73 -44 107 -46 -47 56 -49 -50 -51 -52 77 53 -55 -56 -57 57 -59 76 60 61 104 -64 78 -66 88 67 68 69 112 -72 -73 -74 96 -76 -77 81 -79 -80 108 -82 -83 -84 -85 -86 -87 -88 -89 -90 -91 -92 -93 -94 -95 109 -97 -98 102 -100 -101 -102 -103 -104 -105 -106 -107 -108 -109 -110 -111 -112 -113 -114 -115 -116 -117
leaf_value=0.028037481296714833 0.035003027842054314 -0.16538840323652329 0.012573330225100477 0.057313569912231396 0.019147864152914567 -0.0077831220443186815 -0.077447155111244226 -0.020597791678505995 -0.091915594877961984 -0.0082525256958841057 -0.023304339117362058 -0.13367801067307727 0.019332158443821159 0.042855908048542821 -0.034955009546190553 0.0030622430639391418 -0.091491127822754453 -0.0041900379972298228 0.037035792550148709 0.046910852265825309 -0.08606265239867085 -0.021216317244206313 0.020267284466170921 -0.02020851692752133 0.02128159872738011 -0.023939716748866968 -0.061130795316184601 -0.017505572706027643 -0.098154181199071669 0.089774315482121544 0.0085559611678798966 -0.034111253765300546 0.0034264380173479121 -0.03132488415023961 -0.076268075864854762 -0.068450248017564413 0.059430501265527944 -0.025312998434790738 -0.073989734739195498 0.040917118725133088 0.042440777980004091 0.017649792849783741 -0.01338085962089056 0.05695504895943395 0.0088011382830371233 -0.074474248363446224 -0.030364172998820126 -0.016024737640292035 -0.010648016565563276 -0.050684256409698043 0.013541562028926755 0.071762853753418523 0.016121079730478782 -0.01730741942370961 0.0033509758244635803 -0.1279920625257471 -0.041869489530597909 -0.026473173991997598 0.031128917444169062 -0.040406714016354435 -0.011440721444380259 -0.036446201571251717 -0.04439807968130606 -0.02646608913903932 0.019381415789450428 0.019123354565162745 0.034588577953761301 0.0064258680730375746 0.024087491301896316 0.01343020400321443 0.028818211740931281 0.052689104946229436 0.033735602037415498 0.0087745885380469662 0.019178049693622225 -0.023246112454872046 0.043651022490397574 0.061257050372242626 -0.025504975260469173 -0.037354900779489393 0.073701185952102025 0.0518069923656291 -0.058915678666827939 0.018985876173748459 0.007726481843216549 0.061847311334347212 -0.0077963512554041717 0.02857157467536111 0.0081247853551443799 0.032119482639170714 0.02191806761342982 0.011361599321405586 -0.032850049843250795 -0.054028568619470758 -0.037822136668738529 0.00091633353150935169 0.00010915755372884735 -0.010681780217138784 0.045050531406120885 0.031775498994100121 0.01040374519724379 0.032999816371563663 -0.017107430355546731 -0.022255841501911837 -0.027579170585110013 -0.033663368344738306 -0.024561628699998356 0.04582086733845258 -0.045517837985426766 -0.046109277686189512 -0.026358957726137642 0.071241413973459927 0.017816952724736147 0.082827706927981262 -0.021795903103349466 -0.028135224662023645
leaf_weight=54 80 41 55 83 57 43 68 41 40 48 81 42 73 65 40 51 78 41 74 40 43 40 52 45 54 73 116 46 54 188 40 53 40 66 43 55 49 43 44 47 40 47 56 53 53 40 45 54 57 65 44 110 55 40 55 48 51 46 45 52 84 42 53 41 51 41 143 44 59 46 45 41 144 40 106 41 89 48 47 122 54 58 123 45 58 89 42 101 41 42 98 87 48 70 56 40 41 68 41 84 79 82 43 47 43 43 40 52 43 91 56 116 42 86 64 59
leaf_count=54 80 41 55 83 57 43 68 41 40 48 81 42 73 65 40 51 78 41 74 40 43 40 52 45 54 73 116 46 54 188 40 53 40 66 43 55 49 43 44 47 40 47 56 53 53 40 45 54 57 65 44 110 55 40 55 48 51 46 45 52 84 42 53 41 51 41 143 44 59 46 45 41 144 40 106 41 89 48 47 122 54 58 123 45 58 89 42 101 41 42 98 87 48 70 56 40 41 68 41 84 79 82 43 47 43 43 40 52 43 91 56 116 42 86 64 59
internal_value=-8.32096e-05 -0.0133386 -0.00348302 0.01341 0.0377604 -0.0480652 0.0038807 -0.00841574 -0.0356375 -0.0399863 -0.0345654 -0.0498993 0.0484423 0.0533376 0.00477201 -0.0113035 -0.0391653 -0.0298937 0.0450045 0.0558041 -0.126271 -0.0621892 0.00848958 0.017041 0.00559578 -0.041278 -0.0335669 -0.0418018 -0.0494882 0.0774331 0.0485842 -0.0221266 -0.0136288 -0.00594902 -0.10586 -0.0382124 0.0536634 -0.048016 -0.0722232 0.0148695 0.0291837 0.0196514 0.0051375 0.0416345 -0.0102069 -0.0553901 -0.0433511 -0.0357697 -0.0286665 -0.0397644 0.0321491 0.0686174 -0.00871647 0.0020123 0.0157247 -0.112811 -0.0373942 -0.0431992 0.0459517 -0.0233298 -0.0265526 -0.0220772 -0.0571624 -0.0316559 0.00634336 0.00781007 0.0251426 0.0260932 0.023905 0.0259072 0.0194934 0.0408049 0.0281469 0.00939179 0.0247929 -0.0155152 0.0416948 0.0741767 -0.0351702 -0.0372416 0.0865058 0.0440334 -0.063304 0.0129169 0.00184121 0.0576124 -0.00187236 0.0253137 0.0137883 0.0402253 0.0180842 0.0152839 -0.0261875 -0.0492888 -0.0409946 0.00631476 0.00444326 -0.0153913 0.0387489 0.0287929 0.00810656 0.0364151 -0.0133015 -0.0265057 -0.0323333 -0.0298271 -0.021032 0.0519253 -0.0397436 -0.0432291 -0.0238436 0.0681131 0.0157006 0.0770137 -0.0244673 -0.0255253
internal_weight=7041 5215 4063 2664 1826 1152 2097 1329 1399 1290 1202 537 1379 1203 447 282 452 585 896 531 84 183 744 497 340 396 328 1068 672 307 567 665 411 189 85 451 482 202 221 176 365 202 129 157 126 80 367 254 396 105 165 373 247 95 109 88 259 167 317 269 221 169 108 339 202 123 768 713 570 481 85 163 393 128 249 84 234 244 253 206 242 189 167 89 151 129 93 158 82 131 239 141 252 121 200 159 81 152 121 143 119 122 111 92 85 86 86 105 165 147 101 165 88 196 204 140
internal_count=7041 5215 4063 2664 1826 1152 2097 1329 1399 1290 1202 537 1379 1203 447 282 452 585 896 531 84 183 744 497 340 396 328 1068 672 307 567 665 411 189 85 451 482 202 221 176 365 202 129 157 126 80 367 254 396 105 165 373 247 95 109 88 259 167 317 269 221 169 108 339 202 123 768 713 570 481 85 163 393 128 249 84 234 244 253 206 242 189 167 89 151 129 93 158 82 131 239 141 252 121 200 159 81 152 121 143 119 122 111 92 85 86 86 105 165 147 101 165 88 196 204 140
is_linear=0
shrinkage=1


Tree=1
num_leaves=113
num_cat=0
split_feature=9 9 9 9 7 9 9 1 9 9 1 9 9 9 9 9 9 9 9 4 2 1 7 1 9 9 9 9 9 9 9 7 6 2 6 4 9 0 9 0 9 6 9 9 2 9 2 4 9 9 0 2 9 9 1 9 9 9 6 2 6 9 9 9 9 1 9 9 9 9 9 9 9 9 7 0 6 0 2 9 9 9 2 2 2 9 9 7 6 7 9 9 6 2 2 6 9 0 0 0 7 9 9 2 2 2 6 0 2 2 7 8
split_gain=1229.16 636.667 769.502 315.001 274.015 193.956 189.254 177.341 107.949 188.324 76.8484 75.1208 114.03 72.7023 75.1277 63.2203 101.484 52.6449 77.9168 47.2375 41.2884 40.7387 40.3769 39.6203 37.5863 32.0878 61.0059 30.0512 29.3367 36.1838 25.9458 22.9349 18.3528 17.7814 17.6695 17.5724 16.8546 16.5079 15.4244 13.9879 13.3577 14.4808 11.5238 10.0933 9.64774 9.6136 9.57471 8.65139 11.3305 18.6089 8.63761 7.65981 7.39769 6.3679 9.82817 6.77194 6.25391 6.2136 5.79183 5.74136 5.52908 6.94697 5.56524 5.29905 4.43947 4.36899 3.86901 3.81341 3.3932 9.24286 2.96841 3.43952 2.95594 4.14004 2.93647 2.23371 1.75601 1.71332 1.68537 1.38692 2.63666 2.16383 1.34771 1.57611 1.33119 1.15052 0.99643 0.898579 0.810636 0.753662 0.695087 0.547472 0.544942 0.50147 0.500473 0.487791 0.465877 0.362203 0.603428 0.34997 0.255216 0.254731 0.242042 0.239245 0.206031 0.170458 0.160388 0.112464 0.037438 0.0347889 0.0207052 0.00779294
threshold=0.82694086432456981 0.26118339598178869 -1.0429430603981016 -0.01348631316795945 0.54746168851852428 0.3024504035711289 -0.67153990268707264 1.0000000180025095e-35 -1.6757040023803709 -1.6344369649887083 1.2065384984016421 -1.373079180717468 -1.4143462181091306 1.102054297924042 0.90947490930557262 1.2675660848617556 1.3075019121170046 -0.63027289509773243 -0.41284452378749842 -0.13390543684363362 0.56712579727172863 1.0000000180025095e-35 -1.2740830183029173 0.1524230241775513 1.5204929709434511 0.63436147570610057 0.52254116535186779 0.21991638094186786 -1.1667441129684446 -1.249278128147125 -1.5243915915489195 -1.3576400279998777 0.038097223732620485 0.21963211894035342 0.038097223732620485 -0.73988714814186085 0.5500524938106538 0.27957032620906835 -0.23978930711746213 0.25791636854410177 -0.13329377770423886 -0.45938761532306666 1.1845883131027224 1.4406213760375979 -0.1712960675358772 -1.0704543590545652 0.61056235432624828 1.2131794691085818 1.6802362799644472 1.6403004527091982 0.23626267164945605 0.87118187546730053 0.93698623776435863 0.39874011278152471 1.2065384984016421 0.44000713527202612 1.6403004527091982 0.7994295358657838 0.53557908535003673 -0.01926855510100722 -1.6409085988998411 -1.5106359124183653 -1.4556132555007932 -1.7032153010368345 1.4672452211380007 0.67948076128959667 0.027336971834301952 0.67562848329544078 1.4139974117279055 1.3873735666275027 -0.71280694007873524 -1.0154317021369932 -0.96040901541709889 -0.78158527612686146 0.98195910453796398 0.21460897475481036 1.2196152210235598 0.19295527786016467 -0.12786052748560903 -0.89163067936897267 -0.83660796284675587 -0.93289768695831288 0.84946307539939891 -0.21473368257284162 0.78430870175361644 0.85445222258567821 0.10987100377678873 0.19652230292558673 -0.1484599597752094 0.76471036672592174 0.46751846373081213 0.13738234341144565 -0.52157138288021077 0.45853486657142645 -0.51878973841667164 -1.0190532207489011 -0.54773887991905201 0.10634049400687219 0.21460897475481036 0.36618536710739141 -1.0234118700027464 -0.093357957899570451 -1.125477075576782 0.76258990168571483 0.67571672797203075 0.48025263845920568 0.84650379419326793 0.30122427642345434 0.43681606650352484 0.45853486657142645 -1.0568343400955198 -0.20179661363363263
decision_type=2 2 2 2 2 2 2 2 2 2 2 2 2 2 2 2 2 2 2 2 2 2 2 2 2 2 2 2 2 2 2 2 2 2 2 2 2 2 2 2 2 2 2 2 2 2 2 2 2 2 2 2 2 2 2 2 2 2 2 2 2 2 2 2 2 2 2 2 2 2 2 2 2 2 2 2 2 2 2 2 2 2 2 2 2 2 2 2 2 2 2 2 2 2 2 2 2 2 2 2 2 2 2 2 2 2 2 2 2 2 2 2
left_child=1 2 8 6 15 20 70 17 63 59 13 12 19 14 85 42 46 -8 31 60 -3 30 96 39 -12 26 32 34 29 97 -21 75 -7 -14 66 74 -28 51 50 40 41 -24 -2 68 -41 95 -17 48 49 64 -20 65 -16 54 -34 -55 -26 67 90 -10 -11 -62 100 -1 -39 -15 -5 108 69 84 71 -4 -73 79 -25 -19 -54 -38 -68 81 -81 -74 83 -69 99 -6 104 -29 -43 105 -57 -36 111 94 -31 -30 -9 -13 -99 -18 -63 -91 -97 -44 -80 -37 -85 -64 -27 -87 -82 -33
right_child=4 5 3 27 10 25 7 22 9 11 24 28 33 37 52 16 43 18 38 21 -22 -23 23 35 56 57 36 87 45 93 -32 92 53 -35 91 89 77 47 -40 44 -42 88 103 -45 -46 -47 -48 -49 -50 -51 -52 -53 76 55 -56 58 -58 -59 -60 -61 61 62 107 -65 -66 -67 78 82 -70 -71 -72 72 73 -75 -76 -77 -78 -79 86 80 110 -83 -84 106 -86 109 -88 -89 -90 101 -92 -93 -94 -95 -96 102 -98 98 -100 -101 -102 -103 -104 -105 -106 -107 -108 -109 -110 -111 -112 -113
leaf_value=0.025784910856573667 0.0078526686354563006 -0.15575351828620548 0.012698647931472146 0.054314734437797642 0.01767387636528726 -0.0074149756423699175 -0.065903050064807761 -0.012043779837202895 -0.086880015191577731 -0.0073588063812577258 0.035104983616324643 -0.018987719099535501 -0.12522680497751004 -0.010859984850011222 0.046433537453413012 -0.034101038266505512 -0.0050077533889800012 -0.026042806864807418 -0.060870029155042152 -0.096066276729106906 -0.080511821479332168 -0.026984089581099782 0.008417279856972569 0.028328175720099998 0.084604885255968265 -0.018109998479485512 -0.094180061381596791 0.013391347270872858 -0.032619874611496923 0.0035193438244211237 -0.04405918506990103 0.01195872555708331 -0.060776969280682117 -0.073681543876485123 0.055894426524639135 0.015745407820719742 -0.070813679827584172 0.019270352443887129 -0.027618004196713161 0.00052356373441095154 0.015522658264102497 -0.031704706318524421 0.03545104387374793 0.027923031266907167 0.033113176070831044 -0.015362129442949304 -0.06953409418117168 0.050065815120258123 0.047091464260045221 -0.0088215566522973996 -0.033468498194473797 0.024965556585653262 0.063959857808100276 -0.022271036413662574 -0.033725252978398769 -0.039575792009180245 0.06245799890711462 -0.01099906146374284 -0.023915786627266143 -0.12017155126029372 -0.044493558825481505 -0.010276951275088571 -0.034428094709064903 0.0036573106323235802 0.041959783997462724 0.01182650607502596 0.029876070188151468 -0.029235159950330852 -0.0067630016190164234 0.025750211331079593 0.014616754388919585 0.033940203189849853 0.024729560880825438 0.031859682421659083 0.04629699649481938 -0.01018810074416582 0.074870615491741579 -0.055399349115548592 0.041612298278247611 0.029620480362896447 0.019782340135730683 0.011770080911313617 -0.024493398195640607 -0.036351593234871006 0.0077695766631592769 0.029983515716066552 0.049468918504386117 0.024266037308112828 -0.020833597450771117 0.015916921484262447 -0.050938728589278004 0.068596985004842279 0.017888994196740293 0.0022637610941837055 0.01079470988747383 -0.035869202443531582 -0.018264705694296904 -0.030066885296819792 -0.023119055687625342 0.00077486046181337979 -0.0161235212280256 0.022240768058691174 -0.043965319568111054 0.043462505328411963 0.033179150487101357 0.010712889019323856 -0.04473908793094547 -0.026838701557029377 -0.023090454427207391 0.024418188099350251 0.016073484748017557 0.0094423768787898817
leaf_weight=53 40 41 54 78 56 51 79 93 41 50 62 42 40 40 57 41 43 50 90 63 40 75 42 40 184 42 51 44 49 40 43 40 75 40 49 45 44 44 140 47 45 48 93 57 43 56 42 54 50 41 49 54 222 84 70 54 58 48 44 50 41 54 40 55 48 43 44 79 50 52 80 109 57 141 86 43 113 123 84 110 60 81 43 78 58 50 57 42 43 42 64 111 47 62 62 55 56 65 137 64 40 63 92 48 42 48 42 43 40 55 50 43
leaf_count=53 40 41 54 78 56 51 79 93 41 50 62 42 40 40 57 41 43 50 90 63 40 75 42 40 184 42 51 44 49 40 43 40 75 40 49 45 44 44 140 47 45 48 93 57 43 56 42 54 50 41 49 54 222 84 70 54 58 48 44 50 41 54 40 55 48 43 44 79 50 52 80 109 57 141 86 43 113 123 84 110 60 81 43 78 58 50 57 42 43 42 64 111 47 62 62 55 56 65 137 64 40 63 92 48 42 48 42 43 40 55 50 43
internal_value=8.82523e-05 -0.0124639 -0.00315909 0.0128118 0.035379 -0.0458965 0.00383715 -0.00750564 -0.0332359 -0.0372848 0.0487826 -0.0319194 -0.0459541 0.0415427 0.0530603 0.00728289 -0.00366274 -0.0281632 -0.0221049 -0.0360009 -0.120032 -0.0557013 0.00870759 0.0145603 0.0706509 -0.0399671 -0.0466105 0.0463621 -0.0206179 -0.0122844 -0.075578 -5.36408e-05 -0.0357925 -0.100682 0.0513859 0.0262965 -0.0682808 0.0244165 -0.0396669 0.000326718 -0.00778896 -0.0157333 0.0317803 0.00900866 0.0162869 -0.0340082 -0.0526454 0.0323864 0.0269258 0.0190499 -0.0515186 0.0104943 0.0648637 -0.0394655 -0.048038 -0.0342386 0.0795758 -0.0280871 -0.0402693 -0.106279 -0.0225382 -0.0259702 -0.0214537 0.0146532 0.0314322 0.00089413 0.0440138 -0.030577 0.00488163 0.00758344 0.0240292 0.0251429 0.0262255 0.0244758 0.0408606 -0.0188985 0.0678521 -0.0598579 0.0402516 0.0214869 0.0240468 0.0172623 -0.0337946 -0.0356718 0.00173753 0.0240987 0.0425704 0.0189201 -0.0268501 0.0168696 -0.046115 0.0650782 0.013469 0.00586047 0.00800349 -0.0392307 -0.014488 -0.0244544 -0.0254918 -0.00157384 -0.0129084 0.0198853 -0.041199 0.0384652 0.0390846 0.0132896 -0.0396327 -0.0308626 -0.0207884 0.0273262 0.0182565 0.010783
internal_weight=6935 5116 4003 2615 1819 1113 2064 1322 1388 1280 1231 1189 529 927 553 588 407 581 502 449 81 181 741 592 304 1032 660 551 660 408 106 223 442 80 465 324 218 374 279 268 178 133 181 324 90 252 83 237 183 133 139 137 392 391 145 246 242 372 162 91 268 218 177 108 92 83 305 324 267 217 742 662 608 499 126 93 335 167 227 358 220 138 242 199 165 161 183 86 91 198 118 160 130 164 102 196 149 244 202 107 94 105 147 141 126 93 120 83 82 105 110 83
internal_count=6935 5116 4003 2615 1819 1113 2064 1322 1388 1280 1231 1189 529 927 553 588 407 581 502 449 81 181 741 592 304 1032 660 551 660 408 106 223 442 80 465 324 218 374 279 268 178 133 181 324 90 252 83 237 183 133 139 137 392 391 145 246 242 372 162 91 268 218 177 108 92 83 305 324 267 217 742 662 608 499 126 93 335 167 227 358 220 138 242 199 165 161 183 86 91 198 118 160 130 164 102 196 149 244 202 107 94 105 147 141 126 93 120 83 82 105 110 83
is_linear=0
shrinkage=0.05


Tree=2
num_leaves=119
num_cat=0
split_feature=9 9 9 9 7 9 9 1 9 9 1 9 9 9 9 0 9 9 6 9 9 9 2 7 9 9 9 3 9 9 9 9 9 9 6 9 2 6 9 9 6 2 6 9 9 7 9 2 9 9 9 8 7 6 9 3 9 9 9 9 9 9 9 9 0 5 9 9 3 9 2 9 3 9 5 5 2 2 0 9 2 2 0 9 9 3 6 2 3 9 7 9 2 2 2 2 8 0 2 6 9 2 1 2 9 9 9 5 9 8 9 2 5 9 9 2 2 9
split_gain=1147.63 597.472 698.166 298.232 245.654 194.694 178.659 160.622 98.4253 128.943 84.8772 70.6461 76.7513 55.1607 71.7252 51.6664 45.0693 105.138 44.4908 41.4132 40.1853 43.5633 38.6291 37.8963 37.1136 33.4622 57.3125 31.8531 26.0687 34.7602 25.498 24.4017 85.2819 24.1577 23.8948 23.0323 19.7648 19.642 17.3732 16.9319 16.9181 16.5346 15.7583 15.6611 12.6909 12.5104 11.0389 9.51231 8.49652 6.98771 6.57217 6.30559 14.5604 5.66998 4.7459 4.60598 4.32767 4.3172 3.46881 5.32995 3.02715 3.9876 4.02381 3.09855 3.02559 2.74472 2.74463 8.08837 2.68866 2.00252 1.99494 1.98177 1.96114 1.83676 1.71805 2.30663 1.65239 1.56221 1.41268 1.31682 1.31548 1.28304 1.11813 1.04487 1.04058 0.973914 0.932424 0.908497 0.884119 0.856188 0.846891 0.800714 0.794162 0.76866 0.763522 0.730597 0.729499 0.669037 0.587825 0.547735 0.441633 0.399304 0.366783 0.358376 0.352598 0.308088 0.274968 0.271823 0.254781 0.212704 0.205178 0.196469 0.182694 0.153928 0.144512 0.0924037 0.0691873 0.067984
threshold=0.82694086432456981 0.26118339598178869 -1.0429430603981016 -0.01348631316795945 0.6143074929714204 0.3024504035711289 -0.67153990268707264 1.0000000180025095e-35 -1.6894596219062803 -1.373079180717468 1.2065384984016421 -1.4143462181091306 -1.6206812858581541 1.102054297924042 0.90947490930557262 0.30122427642345434 1.2675660848617556 1.3075019121170046 -1.7652760744094846 -0.63027289509773243 -0.35959677398204798 -0.27972511947154993 0.58884355425834667 0.29679055511951452 -0.13329377770423886 0.63436147570610057 0.52254116535186779 1.6389943361282351 -1.1667441129684446 -1.249278128147125 1.4539332389831545 -1.5656585693359373 -1.5106359124183653 0.21991638094186786 -0.39720386266708368 1.6802362799644472 0.21963211894035342 1.2196152210235598 0.5500524938106538 -0.25310124456882471 0.038097223732620485 0.17619657516479495 0.038097223732620485 1.1708326339721682 1.5204929709434511 -1.3075054287910459 -0.33297289907932276 0.58884355425834667 -1.0704543590545652 0.7994295358657838 0.97825327515602123 -0.18815998733043668 -1.2072371840476988 0.34902189671993261 -1.4556132555007932 -0.46971046924591059 0.027336971834301952 0.67562848329544078 1.5604287981987002 1.6403004527091982 -1.0154317021369932 -0.94665333628654469 -0.90538632869720448 -0.71280694007873524 0.19295527786016467 1.8532593846321108 1.3873735666275027 1.4139974117279055 0.092610801570117487 -0.78158527612686146 -1.365804076194763 -0.83660796284675587 -0.75087112188339222 1.0745429992675783 -0.15338716655969617 0.21707098931074145 0.48025263845920568 -0.12786052748560903 0.19295527786016467 0.44000713527202612 0.82774528861045849 -1.1920572519302366 0.14964788407087329 0.10987100377678873 0.39874011278152471 -0.61029079556465138 1.0000000180025095e-35 0.78430870175361644 0.23319111764431003 -1.4831245541572569 0.14638768136501315 0.85445222258567821 0.19791434705257419 0.71915432810783397 0.045885797590017326 0.84946307539939891 0.12094683200120927 0.49610756337642675 0.56712579727172863 -1.0190532207489011 -0.87787500023841847 -0.54050752520561207 -1.4287564754486082 0.32822409272193914 -0.22647736221551892 0.7719181776046754 -0.54773887991905201 -0.52384456992149342 0.13738234341144565 -1.1609394550323484 -1.125477075576782 0.54540804028511058 -0.46210168302059168 1.2276302576065066 -1.304300785064697 0.43681606650352484 0.17619657516479495 -1.3318121433258054
decision_type=2 2 2 2 2 2 2 2 2 2 2 2 2 2 2 2 2 2 2 2 2 2 2 2 2 2 2 2 2 2 2 2 2 2 2 2 2 2 2 2 2 2 2 2 2 2 2 2 2 2 2 2 2 2 2 2 2 2 2 2 2 2 2 2 2 2 2 2 2 2 2 2 2 2 2 2 2 2 2 2 2 2 2 2 2 2 2 2 2 2 2 2 2 2 2 2 2 2 2 2 2 2 2 2 2 2 2 2 2 2 2 2 2 2 2 2 2 2
left_child=1 2 8 6 16 22 60 15 97 11 13 12 18 14 91 19 43 47 -10 -8 51 46 -3 45 112 26 40 44 29 85 66 72 36 42 68 37 -33 -29 -28 -25 -7 -13 56 -2 -15 64 -22 -18 99 57 70 52 106 55 89 74 -5 115 -12 -60 -4 -62 82 69 -21 -39 87 -68 -17 71 -16 100 -14 102 -42 -76 -55 -58 -40 84 81 -59 -63 93 -57 114 92 88 -19 -34 -70 -6 -26 -79 -20 113 -35 -1 101 -30 -64 -31 -52 -103 -41 -83 -9 -88 -44 -56 -101 -48 -23 -45 117 -27 -65 -11
right_child=4 5 3 33 10 25 7 20 9 28 58 41 31 27 50 34 17 30 94 23 21 24 -24 39 86 49 38 35 48 98 -32 32 54 96 -36 -37 -38 65 78 104 53 -43 108 95 -46 -47 111 -49 -50 -51 73 -53 -54 76 109 79 77 80 59 -61 61 62 63 116 -66 -67 67 -69 90 -71 -72 -73 -74 -75 75 -77 -78 83 -80 -81 -82 105 -84 -85 -86 -87 107 -89 -90 -91 -92 -93 -94 -95 -96 -97 -98 -99 -100 110 -102 103 -104 -105 -106 -107 -108 -109 -110 -111 -112 -113 -114 -115 -116 -117 -118 -119
leaf_value=0.015867904410129641 0.0077059406870779341 -0.14598298159738382 0.011376193633865722 0.052073650367288705 0.017192457692097811 -0.0065968216611072428 -0.071161008258796718 -0.011720010242669991 -0.03643273862823844 -0.021029564789496365 0.057611558234916538 -0.11769539597557813 -0.0067062699392240925 0.024614917131310161 0.040059080938013587 -0.0028081231085317479 -0.030282508670574144 0.0034136193125540067 -0.082886864353970788 -0.029050282004754992 0.018624303484749465 -0.023827001582397974 -0.076927412165836859 -0.058191084925123718 0.018437886483967304 -0.016239643905391087 -0.091203246333382351 0.028068326152068501 -0.030803644288055321 0.0030707606125804712 0.036563899445122693 -0.057650911610792666 -0.018202259359308161 0.01340413410159782 -0.029571427472613078 0.03847405478872102 -0.10372893533536368 -0.0035380008076478183 -0.067089723745981864 -0.033874699618758226 -0.038055013966831294 -0.069942852727910315 0.053344413244499359 0.029854716144894301 0.061250067263904778 0.012694333475488035 0.050947365501234611 -0.065149577910249876 -0.015016608903089824 -0.0095372225239611502 0.063067156466699789 -0.02664581800061392 0.015653987899422645 -0.021428627857277473 -0.033144949944246382 -0.036685745248146225 0.028218827427675328 -0.025153816982426427 0.081309384601131365 0.061184703657723299 0.031293465730047577 0.0053105482035641412 0.021863810129855811 0.012180657364254775 -0.010344796161128518 -0.020033349043122775 0.02518543775739341 0.00038708394707797408 0.017964877079172836 0.030311041120169819 0.056296275496482855 0.017206791386907474 -0.0207803995403949 0.054537643279348104 -0.063051457632155652 -0.044042281751279479 -0.034787700507713827 0.039702756875439699 -0.052645242933569286 -0.042791605287907174 -0.023580350012828908 -0.033888910174892664 0.016901225564916703 0.046997361277279104 -0.025377455248751426 -0.030295801865604689 0.015611239997442903 0.0063155080537281695 -0.0056438053342779838 -0.0090408243175785427 0.0076048382261598661 0.025228041312412214 0.010256860032677652 0.029029368990805094 -0.10469543078431376 0.042283562373141854 0.02352862097322941 0.025916875794876455 0.00040614211801377157 -0.034203811298156604 0.029071852869608186 0.012369642828901609 0.073934066655306982 0.005694206519767122 -0.025753662703742443 -0.041870004262613218 -0.016812491739312044 0.022110142434636753 0.064336640908654805 -0.025254139177342677 -0.041746465749638056 0.040718087147582661 -0.017738619918126683 0.036528166354601758 -0.018786861753234498 -0.021367160514706659 0.0163174066449637 -0.025552161298692228
leaf_weight=40 70 47 59 82 58 49 72 94 49 79 52 40 64 43 40 41 41 51 40 42 53 42 43 96 49 46 54 46 53 40 86 67 51 40 65 57 41 57 44 40 43 46 52 75 58 45 61 43 58 56 83 40 59 61 41 56 47 43 156 66 136 42 56 42 47 45 57 76 40 137 99 115 41 48 41 53 48 94 115 50 47 113 43 56 54 52 40 61 55 58 43 113 90 40 53 48 43 42 41 57 87 44 115 42 70 45 51 65 112 46 92 43 52 57 64 41 45 59
leaf_count=40 70 47 59 82 58 49 72 94 49 79 52 40 64 43 40 41 41 51 40 42 53 42 43 96 49 46 54 46 53 40 86 67 51 40 65 57 41 57 44 40 43 46 52 75 58 45 61 43 58 56 83 40 59 61 41 56 47 43 156 66 136 42 56 42 47 45 57 76 40 137 99 115 41 48 41 53 48 94 115 50 47 113 43 56 54 52 40 61 55 58 43 113 90 40 53 48 43 42 41 57 87 44 115 42 70 45 51 65 112 46 92 43 52 57 64 41 45 59
internal_value=-7.78672e-05 -0.0120911 -0.00309464 0.0119098 0.0336783 -0.0439126 0.00322765 -0.00776426 -0.0316769 -0.0349844 0.0481512 -0.0511456 -0.0444168 0.0403587 0.0497464 -0.0269384 0.0108083 0.00166919 -0.0760388 -0.0368485 0.00784466 0.01602 -0.114198 -0.029395 0.00586988 -0.0378372 -0.0446564 0.0231947 -0.0198145 -0.0120803 0.0127252 -0.0332793 -0.0404454 0.0440909 -0.00525517 0.0117668 -0.0759347 0.00129177 -0.0660844 -0.0428111 -0.0345024 -0.0932509 0.0483775 0.0279148 0.0460472 -0.00860573 0.0376965 -0.0486876 -0.0322438 -0.0261028 0.0617057 -0.00873833 -0.0051142 -0.0378458 -0.0206039 -0.0415104 0.041617 -0.0288353 0.0724304 0.0756276 0.0225421 0.0234617 0.0215314 0.0233082 -0.0193968 -0.0109392 0.00579262 0.0111236 0.00762585 0.0252108 0.0519432 0.0223959 -0.0123461 0.0669892 -0.048557 -0.0529099 -0.0275743 0.0377955 -0.0570368 -0.0352125 -0.0322409 -0.0341392 0.0113024 0.0400043 -0.031413 -0.0236954 0.0161412 0.00150605 -0.00129481 -0.0134539 0.0127521 0.0226183 0.0132519 0.0367553 -0.096297 0.0356878 0.018867 0.0212652 0.00562169 -0.0370918 0.0264206 0.00730225 0.0697186 0.00921247 -0.0289853 -0.036411 -0.013614 0.019805 0.0611957 -0.0293072 -0.0391083 0.047146 -0.0206811 0.0329894 -0.0218554 -0.0188714 0.0144815 -0.0231331
internal_weight=7073 5217 4068 2668 1856 1149 2102 1340 1400 1318 1136 637 551 862 556 601 720 470 142 412 739 495 90 340 338 1059 668 306 681 421 386 409 304 566 189 205 108 148 213 206 455 86 483 250 101 134 157 84 260 391 385 244 204 406 196 297 319 335 274 222 762 703 567 482 89 102 300 133 124 395 139 258 105 246 137 94 109 237 159 160 248 201 85 190 110 254 244 167 106 109 83 171 139 134 93 180 83 82 167 202 143 126 198 86 110 158 145 105 164 87 149 104 94 132 202 87 87 138
internal_count=7073 5217 4068 2668 1856 1149 2102 1340 1400 1318 1136 637 551 862 556 601 720 470 142 412 739 495 90 340 338 1059 668 306 681 421 386 409 304 566 189 205 108 148 213 206 455 86 483 250 101 134 157 84 260 391 385 244 204 406 196 297 319 335 274 222 762 703 567 482 89 102 300 133 124 395 139 258 105 246 137 94 109 237 159 160 248 201 85 190 110 254 244 167 106 109 83 171 139 134 93 180 83 82 167 202 143 126 198 86 110 158 145 105 164 87 149 104 94 132 202 87 87 138
is_linear=0
shrinkage=0.05


Tree=3
num_leaves=108
num_cat=0
split_feature=9 9 9 9 7 9 9 1 9 9 3 9 9 9 9 9 4 4 3 9 9 9 9 9 2 9 9 0 9 9 9 8 3 5 9 9 9 9 9 9 2 9 9 5 5 9 9 9 2 9 5 4 9 5 8 7 9 9 9 9 9 5 4 9 9 7 2 9 9 9 9 9 9 9 2 2 9 2 3 9 0 2 3 2 9 0 8 3 0 5 9 2 2 2 9 3 2 2 9 2 2 2 2 2 9 2 2
split_gain=983.154 570.278 602.095 263.412 223.29 171.64 156.575 147.556 95.2373 138.44 80.3566 69.0331 67.7614 88.4854 50.758 91.5222 46.82 45.4442 40.077 37.4711 43.6863 35.1652 32.3623 50.4301 31.8006 26.0839 30.274 24.9697 24.8549 31.9199 23.6381 18.5736 16.1626 16.1229 15.9351 14.7473 23.7041 13.0198 11.6159 10.8896 9.75736 9.69674 8.02435 7.94174 12.8742 8.59855 6.74136 6.40627 6.35833 5.85296 5.73524 16.2586 5.16162 5.15676 5.00977 14.309 4.66468 4.50312 4.2387 4.20583 4.02123 3.90662 3.46456 3.35502 3.28677 2.76972 2.67343 2.29818 8.20271 2.21858 2.07023 1.73519 3.97201 2.97177 1.63812 1.59926 1.57816 1.4875 1.12582 1.09885 1.04977 0.914808 0.863918 0.798785 0.794573 0.772489 0.729188 0.724989 0.670972 0.655503 1.58029 0.57998 0.604798 0.509246 0.457877 0.363503 0.355678 0.318158 0.315826 0.245176 0.237668 0.227498 0.197707 0.189819 0.06415 0.107832 0.0391367
threshold=0.82694086432456981 0.26118339598178869 -1.0429430603981016 -0.01348631316795945 0.56417387723922741 0.3024504035711289 -0.67153990268707264 1.0000000180025095e-35 -1.6757040023803709 -1.6344369649887083 1.9201549887657168 0.90947490930557262 -1.373079180717468 -1.4143462181091306 1.2675660848617556 1.3075019121170046 -1.0432220101356504 -0.13390543684363362 -1.0320318043231962 -0.35959677398204798 -0.27972511947154993 -0.13329377770423886 0.63436147570610057 0.52254116535186779 0.56712579727172863 -1.1667441129684446 -1.249278128147125 0.21460897475481036 1.5338048934936526 1.102054297924042 0.21991638094186786 0.86189281940460216 1.0000000180025095e-35 1.8532593846321108 0.5500524938106538 1.1295656561851504 1.6802362799644472 1.4539332389831545 1.1845883131027224 -0.33297289907932276 0.69743552803993236 0.10987100377678873 -1.0704543590545652 -0.3694873303174972 0.21707098931074145 0.3299617618322373 0.7994295358657838 0.97825327515602123 0.87118187546730053 0.041092643514275558 -0.52384456992149342 -0.57167378067970265 1.4539332389831545 -0.70907405018806446 -0.26998245716094965 -1.2740830183029173 0.19240503013134005 0.44000713527202612 -1.7032153010368345 0.49502982199192053 -0.23978930711746213 -0.73994550108909596 -1.1438745856285093 -0.61651721596717823 0.67562848329544078 -1.3910624980926511 0.32822409272193914 1.3873735666275027 1.4139974117279055 0.41249577701091772 -0.78158527612686146 -0.94665333628654469 -1.0154317021369932 -0.90538632869720448 -1.365804076194763 0.82774528861045849 -0.83660796284675587 -0.95315605401992787 -0.61029079556465138 0.46751846373081213 0.19295527786016467 0.78430870175361644 0.3737714439630509 -0.19301487505435941 0.88196355104446422 0.14964788407087329 0.12094683200120927 -1.4537760615348814 0.21460897475481036 -0.55471602082252491 -0.10666989907622336 0.41509725153446203 -0.41019880771636957 -0.23645249009132382 -0.87787500023841847 0.092610801570117487 0.50197042524814617 0.7408721148967744 0.75816252827644359 0.63228118419647228 0.37166170775890356 0.56712579727172863 0.089323412626981749 0.26306973397731787 -1.2905451655387876 0.37166170775890356 -0.51878973841667164
decision_type=2 2 2 2 2 2 2 2 2 2 2 2 2 2 2 2 2 2 2 2 2 2 2 2 2 2 2 2 2 2 2 2 2 2 2 2 2 2 2 2 2 2 2 2 2 2 2 2 2 2 2 2 2 2 2 2 2 2 2 2 2 2 2 2 2 2 2 2 2 2 2 2 2 2 2 2 2 2 2 2 2 2 2 2 2 2 2 2 2 2 2 2 2 2 2 2 2 2 2 2 2 2 2 2 2 2 2
left_child=1 2 8 6 14 24 65 16 58 -10 11 84 13 17 38 40 31 61 -19 54 39 102 23 43 -3 26 78 32 29 47 41 62 -18 -30 -25 -12 48 67 -2 -21 -16 49 95 45 -45 -7 64 74 -37 -5 51 -29 -31 -20 55 93 -43 69 -1 79 -52 -11 -8 -34 -24 100 87 81 -69 -46 71 72 -67 85 -13 77 94 -66 104 -59 -36 82 -17 -54 99 -73 -32 -63 -68 103 -91 92 -28 -9 -75 -27 -41 -40 -79 -6 -4 -95 -22 -23 105 106 -14
right_child=4 5 3 30 10 22 7 19 9 12 35 28 25 -15 15 37 27 18 53 20 21 89 46 34 -26 42 91 50 33 52 86 -33 63 -35 80 36 -38 -39 97 96 -42 56 -44 44 57 -47 -48 -49 -50 -51 60 -53 83 -55 -56 -57 -58 59 -60 -61 -62 66 -64 -65 75 70 88 68 -70 -71 -72 73 -74 76 -76 -77 -78 98 -80 -81 -82 -83 -84 -85 -86 -87 -88 -89 -90 90 -92 -93 -94 101 -96 -97 -98 -99 -100 -101 -102 -103 -104 -105 -106 -107 -108
leaf_value=0.023576444511612258 0.0056153664365410812 -0.1411301068284295 0.010644309772221649 0.048240085515108978 0.016302268504016643 -0.035462198804678595 -0.0051814185977890727 -0.018464271960462013 -0.098134670706538418 -0.0080275648834815787 0.040486181625780077 0.03845273173132608 -0.021317769471142028 -0.090963778011500851 -0.031216776857036166 0.0025845606116867014 -0.027174908533925193 -0.080004977617257597 -0.017815859759734435 0.017938870632726894 -0.016213193161335463 0.015264338769695976 -0.018403627869556658 -0.086313796461674211 -0.07625290016795315 -0.037174238899770458 0.0032825441927545602 -0.00014250596145619498 0.074605789457865321 0.015842493718696966 0.012232453748583795 -0.027062115181357635 -0.073682484134685172 0.038622546477652175 -0.06356172230508593 -0.011661718322618588 0.036622513850268566 0.032266333699226379 0.032187280910921857 0.049659305618655301 -0.065931198073596486 0.058758642073876849 -0.014389773058231737 -0.056988505068896481 -0.032176156342029576 -0.0080555610686256478 -0.0087024977332667303 0.063968057389807917 0.01234547172842378 0.032088346558977181 -0.043934620187637656 -0.039503550199283796 0.043222641251807997 -0.041540641555496097 -0.024183664043865554 0.014776992035331206 0.040580839489897096 -0.036012427861040294 0.0043543257758740265 -0.025584654218206805 -0.02389207673606588 -0.023779958433338577 0.012777970086111205 -0.052622266463633327 -0.02421023091491388 0.012345467389048058 -0.020807614282745385 0.024581200469817436 -0.0009214164587120488 -0.016214101741972724 0.028133161697689802 0.0055386827856171638 0.029415613080529004 0.020657668326949253 0.053119147473042555 -0.022235762008598874 0.016725351147957753 -0.032613286683740826 -0.029767334607260471 -0.048643222848574322 -0.050627422297564076 0.0064240517399527814 -0.0064886325533734636 0.031980591902838036 0.026771167930910146 0.015175464979062478 0.022220152816394483 -0.033303558959994678 -0.011563176583084797 0.01125051734223962 0.023525008248786131 0.0019221780157799052 0.011159251548414087 -0.0093505952813064865 0.02779126121908769 -0.029293832326721815 0.039356734156608585 0.039793903646724568 -0.040525445955641136 0.022251056962543064 0.016278041108638387 -0.014482808959755032 -0.022044140517034315 0.010743924354513486 -0.01687726879189181 -0.023568793247311804 -0.016943630217932739
leaf_weight=59 43 43 53 109 68 57 40 40 76 55 52 42 44 79 47 57 55 77 43 56 47 54 79 56 42 155 44 65 231 44 43 61 42 40 44 73 56 52 93 61 40 166 60 68 40 58 56 225 43 141 46 43 42 55 40 63 59 54 56 59 66 62 78 73 48 48 45 55 72 56 145 42 138 57 100 55 110 91 43 59 126 54 47 67 58 44 40 52 44 49 65 73 57 66 86 44 49 55 50 44 43 43 54 71 42 58 51
leaf_count=59 43 43 53 109 68 57 40 40 76 55 52 42 44 79 47 57 55 77 43 56 47 54 79 56 42 155 44 65 231 44 43 61 42 40 44 73 56 52 93 61 40 166 60 68 40 58 56 225 43 141 46 43 42 55 40 63 59 54 56 59 66 62 78 73 48 48 45 55 72 56 145 42 138 57 100 55 110 91 43 59 126 54 47 67 58 44 40 52 44 49 65 73 57 66 86 44 49 55 50 44 43 43 54 71 42 58 51
internal_value=-2.76498e-05 -0.0111159 -0.00226737 0.0116544 0.0317842 -0.0423009 0.00350894 -0.00688103 -0.029117 -0.0330942 0.0444626 0.0507476 -0.0288364 -0.0425301 0.00732261 -0.00233038 -0.0261022 -0.0335042 -0.0531282 0.00756294 0.0153981 0.00509565 -0.0367256 -0.0432919 -0.110333 -0.0183399 -0.0104824 -0.0357991 0.0569615 0.0503291 0.0421462 -0.0048935 -0.0501999 0.0694561 -0.0625984 0.0173933 0.010218 0.00950051 0.0286518 0.0363427 -0.0477453 0.0464506 -0.0307507 -0.0335002 -0.0374184 -0.0218283 -0.0249133 0.0583567 -0.00273305 0.0392946 -0.0244944 -0.0160327 0.0308193 -0.0314159 -0.00816827 -0.00504714 0.0541927 -0.0322594 0.0143343 -0.0371928 -0.0324398 -0.0200396 0.00669766 -0.0608827 -0.0276883 0.0214938 -0.0232388 0.00524845 0.0102288 -0.0231281 0.0226449 0.0210784 0.0251 0.0188046 0.0490804 -0.030607 0.0215453 -0.0329133 -0.0220352 -0.0429761 -0.0543273 0.00120612 -0.00153857 0.0366659 0.0216705 0.0105869 0.017253 -0.0283759 -0.0164166 0.0155345 0.0183928 0.00535538 0.00779364 -0.0134718 0.025111 -0.035587 0.0454659 0.0352622 -0.0356846 0.0188155 0.0133096 -0.0114885 -0.0195163 0.0128024 -0.020187 -0.02098 -0.0191705
internal_weight=6966 5166 4025 2651 1800 1141 2093 1327 1374 1259 1185 961 1183 512 615 424 569 433 175 758 506 340 1056 677 85 671 412 390 791 520 558 179 170 271 226 224 172 337 191 166 87 475 259 451 336 115 379 367 116 250 220 108 153 98 252 212 225 268 115 172 112 258 118 115 323 766 203 285 127 96 670 525 186 339 142 244 253 189 238 113 170 158 104 109 170 86 83 114 89 239 114 174 101 149 143 199 110 148 141 112 96 109 101 125 195 153 95
internal_count=6966 5166 4025 2651 1800 1141 2093 1327 1374 1259 1185 961 1183 512 615 424 569 433 175 758 506 340 1056 677 85 671 412 390 791 520 558 179 170 271 226 224 172 337 191 166 87 475 259 451 336 115 379 367 116 250 220 108 153 98 252 212 225 268 115 172 112 258 118 115 323 766 203 285 127 96 670 525 186 339 142 244 253 189 238 113 170 158 104 109 170 86 83 114 89 239 114 174 101 149 143 199 110 148 141 112 96 109 101 125 195 153 95
is_linear=0
shrinkage=0.05


Tree=4
num_leaves=118
num_cat=0
split_feature=9 9 9 9 8 9 9 1 9 9 9 9 3 9 9 9 9 9 0 4 9 9 9 9 9 2 9 9 1 9 1 9 9 9 6 2 4 9 6 9 9 9 5 9 5 9 2 4 9 6 9 9 9 9 6 2 6 9 3 9 9 3 8 9 9 9 4 9 9 9 9 4 9 9 9 2 6 9 9 9 2 2 2 2 6 0 2 0 2 9 3 9 9 8 3 2 2 6 2 1 2 3 9 3 6 2 9 2 2 5 6 3 2 9 3 6 3
split_gain=936.164 499.309 564.28 239.951 175.018 154.545 140.996 119.974 83.6126 133.686 61.4421 89.2525 57.7601 69.8109 52.0293 61.6634 51.141 55.0193 42.843 38.2444 33.3587 36.6496 34.8194 31.4376 33.2932 29.8665 27.831 44.1045 24.9206 26.8619 22.8215 21.0518 20.8436 28.0689 18.3066 17.2967 15.2612 13.4234 13.4082 13.345 12.7709 12.0577 12.1871 9.55259 8.97341 8.76256 7.74321 6.91986 6.84264 11.7388 6.7634 5.65866 5.29104 5.03696 4.5015 4.40604 4.3998 4.06806 3.98196 3.95587 3.78043 3.73038 3.58912 11.9409 3.35387 3.25417 3.08066 2.44053 3.08739 1.9786 2.84299 1.57094 1.45992 1.45688 1.32306 1.25019 1.16145 2.55283 1.07808 1.94771 1.04765 1.04191 1.30282 0.977491 0.918116 1.15978 0.908276 0.878385 0.862936 0.78011 0.768084 0.753004 0.671898 0.665904 0.629914 0.556554 0.497678 0.442599 0.440175 0.431863 0.408805 0.403537 0.36175 0.356389 0.276994 0.275758 0.27332 0.168118 0.161905 0.159459 0.0761459 0.0634883 0.0616432 0.0564251 0.0542469 0.0223868 0.00649709
threshold=0.82694086432456981 0.26118339598178869 -1.0429430603981016 -0.01348631316795945 0.40732413530349737 0.3024504035711289 -0.67153990268707264 1.0000000180025095e-35 -1.6757040023803709 -1.6344369649887083 -1.373079180717468 -1.4143462181091306 2.0607353448867802 1.5204929709434511 1.2675660848617556 1.3075019121170046 1.102054297924042 0.90947490930557262 0.30122427642345434 -0.16768633574247357 -0.35959677398204798 -0.27972511947154993 -0.13329377770423886 -0.63027289509773243 -0.41284452378749842 0.58884355425834667 0.63436147570610057 0.52254116535186779 1.0000000180025095e-35 -1.5243915915489195 1.2065384984016421 0.20616070926189425 -1.1667441129684446 -1.249278128147125 -0.39720386266708368 0.15447776764631274 1.1793985962867739 0.12362667545676233 0.10028097406029703 -0.23978930711746213 0.5500524938106538 1.6802362799644472 0.98885804414749157 0.39874011278152471 -1.1721458435058592 -0.33297289907932276 0.67571672797203075 1.1456176638603213 1.4539332389831545 1.2196152210235598 -1.0704543590545652 0.7994295358657838 0.44000713527202612 0.97825327515602123 -1.6409085988998411 0.089323412626981749 0.53557908535003673 0.041092643514275558 0.79551240801811229 -1.4556132555007932 1.3873735666275027 -0.75087112188339222 -0.34271475672721857 -0.50647184252738942 -1.7032153010368345 0.67562848329544078 -0.77366700768470753 -1.0154317021369932 -0.96040901541709889 -0.89163067936897267 -0.69905126094818104 0.87606266140937816 1.0745429992675783 -0.93289768695831288 1.2675660848617556 0.52368924021720897 -1.6409085988998411 -1.4831245541572569 -0.78158527612686146 -0.83660796284675587 0.71915432810783397 0.82774528861045849 -0.21473368257284162 0.34994289278984075 1.0000000180025095e-35 0.25791636854410177 0.78430870175361644 0.36618536710739141 0.34994289278984075 0.46751846373081213 -0.61029079556465138 0.85445222258567821 0.096115332096815123 0.29823110997676855 0.3737714439630509 0.41509725153446203 -0.41019880771636957 0.10028097406029703 -0.49707196652889246 -1.1652276515960691 -0.27988803386688227 1.4984139800071719 -0.72656258940696705 -0.89145144820213307 -1.205610394477844 0.50197042524814617 1.6403004527091982 0.024168025236576799 0.58884355425834667 -0.52384456992149342 -0.1484599597752094 0.5143517702817918 0.63228118419647228 0.88196355104446422 -0.32913015782833094 -0.1484599597752094 0.092610801570117487
decision_type=2 2 2 2 2 2 2 2 2 2 2 2 2 2 2 2 2 2 2 2 2 2 2 2 2 2 2 2 2 2 2 2 2 2 2 2 2 2 2 2 2 2 2 2 2 2 2 2 2 2 2 2 2 2 2 2 2 2 2 2 2 2 2 2 2 2 2 2 2 2 2 2 2 2 2 2 2 2 2 2 2 2 2 2 2 2 2 2 2 2 2 2 2 2 2 2 2 2 2 2 2 2 2 2 2 2 2 2 2 2 2 2 2 2 2 2 2
left_child=1 2 8 6 14 25 67 18 64 55 11 19 13 16 47 46 17 91 23 59 62 45 110 -8 44 -3 27 38 29 -21 36 37 33 90 66 -13 -15 57 75 -26 -29 42 -14 61 83 -22 -16 101 49 -18 98 65 -45 88 -30 -10 89 -5 -33 76 86 -40 63 100 -1 103 93 -4 114 73 78 -51 99 -70 -73 -7 -11 -78 79 -71 -42 82 -67 -25 85 115 94 -50 -19 -54 104 -6 -59 -20 -17 96 -35 -39 -34 -55 -9 -2 -80 -28 -12 -47 -32 -75 -102 -86 -23 -41 -84 -93 -69 -24 -81
right_child=4 5 3 31 12 26 7 20 9 10 32 35 41 30 15 60 48 53 34 28 21 22 84 24 39 -27 51 40 54 -31 106 58 50 95 -36 -37 -38 97 43 111 80 -43 -44 52 -46 105 -48 -49 87 71 -52 -53 56 72 -56 -57 -58 92 -60 -61 -62 -63 -64 -65 -66 81 -68 68 69 70 -72 74 -74 107 -76 -77 77 -79 102 116 -82 -83 112 -85 109 -87 -88 -89 -90 -91 -92 113 -94 -95 -96 -97 -98 -99 -100 -101 108 -103 -104 -105 -106 -107 -108 -109 -110 -111 -112 -113 -114 -115 -116 -117 -118
leaf_value=0.022344590377594745 0.03358815707337192 -0.13354593912760418 0.0101950824076898 0.04564087925286129 0.015488712502450781 -0.0064417798830218977 -0.063865236117356061 -0.017476822517630532 -0.076573791373066802 -0.0050772333352748925 -0.021195056263412185 -0.11035399707250818 0.018347611157844466 0.017375428296093429 -0.029195304922316048 0.0021175810453032367 0.030704666395046699 0.040691802836954595 0.015710185468196868 -0.082647889051864404 0.016490835114382207 -0.021707221369513058 0.0077570247850040118 -0.010118690732380619 -0.050592058620094194 -0.070418393130346049 -0.013900943095993965 -0.080481839712177011 -0.014170009292946715 -0.034447365247511436 0.073099153461851613 0.0091821470868070527 -0.039720239422538064 0.0034647078202713444 -0.025923646642611577 -0.062341469261381371 0.059505299602945649 0.050177667098385947 -0.056640513385495833 -0.026082595473244076 -0.047381797214520391 0.033578263918081157 -0.012186294244923469 -0.019096256745418153 0.012680918093593348 0.046530538079915224 -0.061322136986546406 0.0090096445158123969 0.024261867230544326 0.01286127525023543 -0.012796157551929355 -0.008802037642869567 -0.034032141404193743 0.058105540302915315 -0.036834055115953862 -0.1071511138317197 -0.021749946261372638 0.029603912490131581 0.028638380429437085 -0.025756902983294257 0.01707412255400757 -0.036993543405471174 -0.021883711823057841 0.013707627394589887 0.0046849276042646836 -0.025148756918497384 -0.0048607717586181516 0.025426508098840714 0.020604884012469224 0.025119861109858067 0.01069459275117722 0.0080464940163351237 0.049504116833209995 0.012185576756831346 -0.004436234085885591 -0.019037813507020475 -0.024018889085151429 -0.0077325751562997459 0.027953962673825668 0.013327638714051829 -0.059396034816526028 -0.022025256089188837 -0.036584163613525442 -0.021242482946595042 0.015208208625919598 0.019447160330487462 0.0065300965681672103 0.033906622541447481 0.052334747370332481 -0.044768095728176749 -0.027206454825971057 0.020824982239199537 0.038155426351087436 0.0067872100576226203 -0.0058725259006889756 0.0016099286286801432 0.010726988749613739 0.060413286910981551 -0.031610491633617961 0.068147318356710937 -0.0094168016214815665 0.025236918395612297 0.021357051283121112 -0.021244133441221148 -0.016478759286304316 0.037004324628247154 0.061662407033145433 0.007223502360284329 -0.013860852791126387 0.02057615105295554 -0.016973321586071202 -0.020258313163024625 -0.029749938083643263 0.026026381746582363 0.031263430777824286 0.010118189385967024 0.016431082274815809
leaf_weight=55 91 44 56 115 57 40 68 40 40 47 135 42 74 41 41 57 75 63 48 66 51 54 40 45 112 40 46 55 44 55 192 48 43 45 64 44 47 69 61 41 115 51 57 82 41 53 40 49 60 51 51 55 56 108 47 42 50 112 61 78 52 57 40 57 53 79 40 49 55 112 57 41 49 42 42 41 42 58 120 40 52 54 80 40 42 40 58 71 63 66 50 55 55 41 42 72 52 97 146 91 70 40 51 41 74 53 55 40 42 63 47 40 43 45 65 66 72
leaf_count=55 91 44 56 115 57 40 68 40 40 47 135 42 74 41 41 57 75 63 48 66 51 54 40 45 112 40 46 55 44 55 192 48 43 45 64 44 47 69 61 41 115 51 57 82 41 53 40 49 60 51 51 55 56 108 47 42 50 112 61 78 52 57 40 57 53 79 40 49 55 112 57 41 49 42 42 41 42 58 120 40 52 54 80 40 42 40 58 71 63 66 50 55 55 41 42 72 52 97 146 91 70 40 51 41 74 53 55 40 42 63 47 40 43 45 65 66 72
internal_value=0.000171945 -0.0107279 -0.00242157 0.0110659 0.03062 -0.039669 0.00331039 -0.00645435 -0.028331 -0.0319134 -0.0276096 -0.0404394 0.0395443 0.043506 0.00423652 -0.00886565 0.0359685 0.0456649 -0.0235507 -0.0311408 0.00664105 0.0139684 0.00497309 -0.0331275 -0.0263961 -0.104667 -0.0344878 -0.0406891 -0.0463481 -0.0612005 0.0629383 0.0402056 -0.0175192 -0.0108637 -0.0042756 -0.0867884 0.0402924 0.0450094 -0.031618 -0.0393967 -0.0589743 0.0131986 0.0050702 -0.0356324 -0.00632916 0.0339773 -0.0456148 0.0252779 0.0207354 0.0149978 -0.0292939 -0.023895 -0.0299354 0.0560852 -0.0261488 -0.0933376 -0.0349627 0.0380788 0.0202319 -0.0166705 0.00552622 -0.0475406 -0.0083334 -0.00564818 0.0138008 -0.0262826 0.00658131 0.02051 0.021316 0.0197826 0.0214078 0.0060443 0.0605553 0.0143045 0.00175232 -0.012972 -0.0117077 -0.0147429 0.0229228 0.0203753 -0.051454 -0.0291658 -0.0309567 -0.0155396 0.014937 0.0121993 0.00161757 0.0297064 0.0468795 -0.0401569 -0.0211768 0.020644 0.0326306 0.0117207 -0.00129699 0.00497313 0.00742762 0.0564847 -0.0336549 0.0630153 -0.0129488 0.0312487 0.0261221 -0.0175636 -0.0196116 0.0421578 0.0708114 0.00988125 -0.0111912 0.0185927 -0.0196923 -0.0234885 -0.0344541 0.0234001 0.0289975 0.00930801 0.0154505
internal_weight=7050 5192 4035 2654 1858 1157 2097 1338 1381 1273 1191 523 1388 1206 470 290 871 531 580 437 758 509 352 387 319 84 1073 675 212 121 335 557 668 428 193 86 88 448 453 193 222 182 131 372 126 157 81 180 340 209 240 398 254 374 91 82 172 282 109 225 209 118 249 209 108 343 129 759 703 589 452 134 248 137 83 81 147 100 395 224 167 256 202 85 251 146 157 131 126 122 259 157 167 89 99 169 97 166 189 199 152 131 171 87 209 106 247 82 112 105 101 81 123 100 114 106 112
internal_count=7050 5192 4035 2654 1858 1157 2097 1338 1381 1273 1191 523 1388 1206 470 290 871 531 580 437 758 509 352 387 319 84 1073 675 212 121 335 557 668 428 193 86 88 448 453 193 222 182 131 372 126 157 81 180 340 209 240 398 254 374 91 82 172 282 109 225 209 118 249 209 108 343 129 759 703 589 452 134 248 137 83 81 147 100 395 224 167 256 202 85 251 146 157 131 126 122 259 157 167 89 99 169 97 166 189 199 152 131 171 87 209 106 247 82 112 105 101 81 123 100 114 106 112
is_linear=0
shrinkage=0.05


Tree=5
num_leaves=110
num_cat=0
split_feature=9 9 9 9 7 9 9 1 9 9 3 9 9 9 9 9 9 7 4 3 5 1 9 9 9 9 9 9 9 9 0 1 9 7 6 6 9 9 6 9 5 1 3 7 9 9 9 1 0 9 9 9 6 0 9 6 9 9 9 9 6 9 9 9 9 3 0 3 9 9 9 9 9 0 9 9 9 1 9 6 7 3 9 0 3 9 9 3 9 3 0 6 5 5 3 5 9 9 0 8 6 9 7 9 9 9 9 0 6
split_gain=842.543 435.885 511.799 208.363 176.229 130.466 123.24 123.709 72.5612 110.374 71.5417 59.4396 74.4325 51.7546 42.5543 67.6689 40.9218 54.9236 36.3083 35.6285 27.4944 27.0689 23.6563 41.2442 22.841 31.2505 20.7835 19.4454 25.6339 16.4743 15.261 14.4874 22.0245 14.2494 12.9171 12.8137 12.7854 12.5594 11.6196 9.44703 7.90871 7.73251 7.61942 7.4377 7.24542 6.1971 5.72569 8.21437 5.72446 5.46682 5.42679 4.65078 4.12475 4.02936 4.02661 3.74905 3.63745 3.18563 3.08576 6.91521 3.03146 5.37216 4.50468 2.99384 2.9802 2.45698 2.37678 2.25467 2.1199 3.11926 2.02525 2.8489 1.74993 1.34752 1.14677 1.88152 1.02417 1.29997 0.841378 0.837092 0.752693 0.745333 0.719008 0.690497 0.648087 0.642867 0.639523 0.551515 0.515901 0.486358 0.472787 0.463976 0.45018 0.428899 0.41029 0.320943 0.309315 0.292872 0.292596 0.24544 0.228823 0.225841 0.159048 0.146593 0.14093 0.121827 0.0904488 0.0378928 0.0342515
threshold=0.82694086432456981 0.26118339598178869 -1.0429430603981016 -0.01348631316795945 0.54746168851852428 0.3024504035711289 -0.67153990268707264 1.0000000180025095e-35 -1.6757040023803709 -1.6344369649887083 1.9201549887657168 -1.373079180717468 -1.4143462181091306 0.90947490930557262 1.2675660848617556 1.3075019121170046 -0.63027289509773243 0.41377100348472601 -0.13390543684363362 -1.0320318043231962 -1.2338887453079221 0.1524230241775513 0.63436147570610057 0.52254116535186779 1.5338048934936526 1.102054297924042 0.21991638094186786 -1.1667441129684446 -1.249278128147125 1.6403004527091982 0.25791636854410177 0.41595189273357397 1.6802362799644472 -1.3576400279998777 0.10028097406029703 0.038097223732620485 -0.23978930711746213 0.5500524938106538 -0.27283042669296259 -0.13329377770423886 0.24794243276119235 0.94300961494445812 -0.32913015782833094 -1.5916000008583067 1.4406213760375979 -1.0704543590545652 1.6536123752593996 0.67948076128959667 0.32287797331810003 0.7994295358657838 0.97825327515602123 1.4406213760375979 -0.39720386266708368 0.23626267164945605 0.44000713527202612 0.53557908535003673 -1.7032153010368345 -0.31966094672679896 1.4139974117279055 1.3873735666275027 -1.6409085988998411 -1.5106359124183653 -1.4556132555007932 0.67562848329544078 0.027336971834301952 -0.89145144820213307 0.19295527786016467 0.79551240801811229 -1.0154317021369932 -0.96040901541709889 -0.89163067936897267 -0.71280694007873524 -0.93289768695831288 0.21460897475481036 -0.78158527612686146 -0.83660796284675587 0.7719181776046754 -0.63816359639167775 0.93698623776435863 1.4061723947525027 0.046119431033730514 0.93609276413917553 -0.080046016722917543 0.21460897475481036 0.79551240801811229 0.46751846373081213 0.88196355104446422 0.23319111764431003 0.10987100377678873 -0.75087112188339222 0.25791636854410177 -1.0190532207489011 -0.86343130469322193 0.46404260396957403 -0.32913015782833094 -0.70907405018806446 -0.54773887991905201 -1.125477075576782 0.21460897475481036 -1.1609394550323484 0.10028097406029703 1.3607497215270998 -1.0234118700027464 0.082359660416841521 -1.3318121433258054 -1.304300785064697 0.85445222258567821 0.23626267164945605 1.2196152210235598
decision_type=2 2 2 2 2 2 2 2 2 2 2 2 2 2 2 2 2 2 2 2 2 2 2 2 2 2 2 2 2 2 2 2 2 2 2 2 2 2 2 2 2 2 2 2 2 2 2 2 2 2 2 2 2 2 2 2 2 2 2 2 2 2 2 2 2 2 2 2 2 2 2 2 2 2 2 2 2 2 2 2 2 2 2 2 2 2 2 2 2 2 2 2 2 2 2 2 2 2 2 2 2 2 2 2 2 2 2 2 2
left_child=1 2 8 6 14 -3 68 16 56 -10 13 12 18 86 41 -16 66 33 60 -20 96 30 23 34 25 50 35 28 89 -26 39 -12 46 73 95 64 53 -25 57 52 65 -2 -21 -14 58 91 47 -33 -32 63 78 -27 -22 -19 93 85 -1 -23 59 81 -11 -62 102 -24 -5 -36 -8 -28 -4 -70 72 74 -71 -18 75 -72 77 -65 -15 -53 92 101 -40 -39 87 -56 106 -38 103 104 -84 -29 -35 -42 -30 -7 107 -93 -96 -64 -37 -17 -63 -66 -13 -106 -6 -9 -52
right_child=4 5 3 26 10 22 7 20 9 11 31 27 43 24 15 44 17 36 19 42 21 38 49 37 29 51 67 45 94 -31 48 32 -34 80 40 100 84 83 82 -41 54 -43 -44 -45 -46 -47 -48 -49 -50 -51 108 79 -54 -55 55 -57 -58 -59 -60 -61 61 62 99 76 88 -67 -68 -69 69 70 71 -73 -74 -75 -76 -77 -78 -79 -80 -81 -82 -83 90 -85 -86 -87 -88 -89 -90 -91 -92 97 -94 -95 98 -97 -98 -99 -100 -101 -102 -103 -104 -105 105 -107 -108 -109 -110
leaf_value=0.021176526259701206 0.0067412103925432489 -0.09870938580816635 0.0097654208723854802 0.044236132024246977 0.014852514421498333 -0.0083668254185901136 -0.065141211095310389 -0.011206998187634681 -0.088633659211072066 -0.0065893547650840547 0.037266691003815605 -0.016141073243759043 -0.064930380183331513 0.037742665136853856 -0.043795744017697869 0.0056703171979349395 -0.020381623451024868 -0.0506642833951561 -0.073667865609511357 -0.018010213812008527 -0.0049891602997831803 0.024603483078041763 -0.016788363430292951 -0.076873898203090096 0.06934077066044475 0.01349511668086052 0.0062741404875766406 -0.026104284486231893 0.0017308168574483277 0.040439018762360023 0.028784335343813413 -0.01181809381516867 0.033367009515002849 0.0090099374411834604 -0.054375988595625938 0.046238606251203102 -0.020478169010444122 -0.055636284573405394 0.018432034971192481 0.011327048313493531 -0.024167965081287549 0.031473107182899036 -0.045880618546067217 -0.098844967237332979 0.02407776579938152 -0.012392569709230554 -0.018327319349457579 0.018139141922512529 0.0038381560229592856 -0.0082902167188493841 0.054326555222496957 0.027590573922191799 -0.022497455350271228 -0.030389944937037811 -0.032455812812897195 -0.021105212076101453 0.0029949610756899595 0.041048680815626598 -0.0065835192506374027 0.021935519828860248 -0.037409652960264966 -0.0074872983481597023 -0.029334099892349471 -0.017734684560285964 0.031779525368600285 -0.036763717708262526 -0.044589058903240886 0.022588962813218438 0.028000441206767496 0.019893639457636867 0.024507955309969409 0.011611320795836273 0.0083229695293461758 -0.0078639749664722435 0.02597100032726303 0.014820211085943728 -0.034428691155597817 -0.028270847286636893 0.048433924954513027 0.037271485957553828 0.00523447714960919 -0.0037009470028957973 0.0096325055313737779 -0.044829832220619377 -0.016704823977003496 -0.042286494836001332 0.02451251719081611 -0.02938391971199409 0.037169953731317366 -0.024469229781329083 0.016259226986122404 -0.028771655478260733 0.016507003963627715 -0.016271052182069978 0.0046041765411456046 -0.015017423466391242 -0.014915872159014857 -0.036081722759185954 0.010165405878229295 -0.021509622110099328 0.055994789658394543 0.0012200651327938827 -0.012033904919267766 0.025883313144246741 -0.022465587420421734 -0.017410972126311177 0.019184588653999465 -0.0083736591674387472 0.062092005875375535
leaf_weight=52 41 80 55 80 53 42 41 44 76 44 58 69 46 59 79 64 51 86 77 67 63 65 84 58 214 48 42 51 65 71 48 42 61 44 50 51 54 50 67 47 44 147 40 40 54 54 40 48 44 56 132 75 73 43 56 49 58 67 53 55 41 53 41 45 110 54 42 44 112 57 107 80 81 40 143 108 60 151 86 58 51 47 94 109 47 70 56 45 62 67 43 54 46 49 64 41 55 93 40 40 112 52 41 53 56 53 56 49 98
leaf_count=52 41 80 55 80 53 42 41 44 76 44 58 69 46 59 79 64 51 86 77 67 63 65 84 58 214 48 42 51 65 71 48 42 61 44 50 51 54 50 67 47 44 147 40 40 54 54 40 48 44 56 132 75 73 43 56 49 58 67 53 55 41 53 41 45 110 54 42 44 112 57 107 80 81 40 143 108 60 151 86 58 51 47 94 109 47 70 56 45 62 67 43 54 46 49 64 41 55 93 40 40 112 52 41 53 56 53 56 49 98
internal_value=8.03971e-05 -0.0102652 -0.00251578 0.0103644 0.0290626 -0.0374298 0.00313736 -0.00586914 -0.0271661 -0.030534 0.0396635 -0.0267711 -0.0392611 0.0456014 0.00656026 -0.00259485 -0.0230234 -0.0176251 -0.0308838 -0.0478481 0.00747823 0.0121597 -0.0327515 -0.0384824 0.0506269 0.0445386 0.0376003 -0.0167877 -0.0100825 0.0623073 0.000517137 0.0155868 0.00884362 0.000305587 -0.0298122 0.0417524 -0.0326983 -0.0564417 0.0216588 -0.00782837 -0.0337905 0.0261437 -0.0287574 -0.0816594 0.00752376 -0.0277199 -0.00283038 0.00418286 0.0170231 -0.0229538 0.0527948 0.0272372 -0.0144826 -0.0441919 -0.0290286 -0.0335658 0.0117032 0.0331965 0.00414878 0.00677615 -0.018741 -0.0211745 -0.0171799 -0.0253376 0.0354577 -0.0456684 -0.055396 0.014785 0.0194756 0.0202365 0.018681 0.0203704 0.0132109 -0.0150246 0.0222899 0.0197327 -0.0280666 -0.0259541 0.044372 0.032059 0.0102357 0.00155847 0.0140677 -0.0485546 -0.0223115 -0.0382073 0.019836 -0.0247796 0.0321546 -0.0203842 0.0118152 -0.0318168 0.0129811 -0.0202246 0.00488404 -0.0117917 -0.0118006 -0.0336089 0.00681955 -0.0257796 0.0532428 0.00370286 -0.00957619 0.0300319 -0.0187185 -0.0201885 0.0172323 -0.00981913 0.0578898
internal_weight=7023 5176 4028 2646 1847 1148 2092 1349 1382 1272 1255 1196 530 1006 592 404 590 507 444 184 759 611 1068 672 841 556 554 666 414 285 275 249 191 232 455 468 275 217 336 183 372 188 107 86 325 252 130 90 92 396 375 181 136 129 268 175 110 132 271 218 260 216 175 340 305 104 83 86 743 688 576 438 138 91 358 215 256 196 145 133 141 163 204 159 146 126 165 99 225 245 137 198 90 93 169 83 148 147 104 81 163 116 94 163 178 109 109 93 230
internal_count=7023 5176 4028 2646 1847 1148 2092 1349 1382 1272 1255 1196 530 1006 592 404 590 507 444 184 759 611 1068 672 841 556 554 666 414 285 275 249 191 232 455 468 275 217 336 183 372 188 107 86 325 252 130 90 92 396 375 181 136 129 268 175 110 132 271 218 260 216 175 340 305 104 83 86 743 688 576 438 138 91 358 215 256 196 145 133 141 163 204 159 146 126 165 99 225 245 137 198 90 93 169 83 148 147 104 81 163 116 94 163 178 109 109 93 230
is_linear=0
shrinkage=0.05


Tree=6
num_leaves=119
num_cat=0
split_feature=9 9 9 9 7 9 9 1 9 9 3 9 9 9 9 9 4 4 3 9 9 9 9 9 9 9 2 9 5 9 4 8 9 4 2 9 6 6 9 9 9 2 1 6 7 9 2 9 9 6 9 2 6 3 7 8 3 2 9 9 9 4 9 9 3 9 9 9 9 9 9 4 9 9 2 2 2 2 9 7 3 3 5 6 2 2 9 9 6 9 2 2 2 3 9 9 2 9 9 2 9 6 2 2 9 9 2 9 2 2 8 2 9 2 7 7 8 5
split_gain=750.699 405.997 463.802 198.639 157.728 130.41 113.378 101.062 69.5323 109.342 65.659 49.895 46.0983 66.7142 41.3579 56.9926 37.3206 33.2453 30.0833 24.982 30.0651 26.2465 23.1438 28.973 22.4153 37.9565 19.4748 18.9927 24.6142 18.8514 16.73 15.0776 13.2237 21.1687 13.0004 11.4696 11.196 10.9315 10.0467 9.71226 7.44543 6.94306 6.56158 6.51927 6.23169 5.50965 5.38801 4.83091 4.6436 4.63732 4.62178 4.47068 4.00616 3.6155 3.60082 7.86035 3.58225 3.08317 2.78494 2.71383 6.27434 2.69397 2.59434 2.43084 2.34926 2.24021 5.16089 2.18356 2.69724 2.60393 2.45384 1.74178 1.73919 3.31761 1.27902 1.21376 1.15868 1.15574 1.152 1.47833 1.14234 1.11984 0.963055 0.939402 0.904949 0.896421 0.842134 1.17957 0.813909 0.780474 0.777675 0.721286 0.683151 0.635965 0.617677 0.51574 0.510903 0.463317 0.463194 0.463145 0.40836 0.282573 0.281988 0.275611 0.262996 0.250683 0.249653 0.244582 0.190723 0.188148 0.128535 0.121272 0.150475 0.0405018 0.0297789 0.0187416 0.0103766 0.00881144
threshold=0.82694086432456981 0.26118339598178869 -1.0429430603981016 -0.01348631316795945 0.54746168851852428 0.3024504035711289 -0.67153990268707264 1.0000000180025095e-35 -1.6757040023803709 -1.6344369649887083 1.9201549887657168 0.90947490930557262 -1.373079180717468 -1.4143462181091306 1.2675660848617556 1.3075019121170046 -1.0432220101356504 -0.13390543684363362 -1.0320318043231962 -0.35959677398204798 -0.27972511947154993 -0.13329377770423886 1.5338048934936526 1.102054297924042 0.63436147570610057 0.52254116535186779 0.54540804028511058 -0.63027289509773243 -0.61645966768264759 0.21991638094186786 -0.57167378067970265 0.86189281940460216 1.1295656561851504 1.1118367314338686 0.17619657516479495 0.5500524938106538 0.038097223732620485 0.038097223732620485 -0.23978930711746213 1.6403004527091982 -0.33297289907932276 0.58884355425834667 0.94300961494445812 -1.0190532207489011 -1.5247541666030882 1.4406213760375979 0.87118187546730053 1.4406213760375979 0.7994295358657838 0.34902189671993261 0.97825327515602123 0.089323412626981749 -1.6409085988998411 -0.46971046924591059 -1.5080429315567014 -0.51999363303184498 -0.46971046924591059 0.37166170775890356 0.68938416242599498 1.4139974117279055 1.3873735666275027 -1.1438745856285093 0.027336971834301952 -1.7032153010368345 0.79551240801811229 -1.2630338072776792 -1.1667441129684446 -1.0154317021369932 -0.94665333628654469 -0.90538632869720448 -0.69905126094818104 0.20321029424667361 -1.4968802332878111 -1.4556132555007932 0.45853486657142645 -0.12786052748560903 -1.3006492257118223 0.80602750182151806 0.37122876942157751 0.53075048327445995 -0.75087112188339222 -1.172612130641937 -0.80168840289115895 1.0000000180025095e-35 0.71915432810783397 -0.040987364016473286 -0.78158527612686146 -0.83660796284675587 1.4061723947525027 -0.37290871143341059 0.76258990168571483 0.78430870175361644 0.19791434705257419 0.23319111764431003 0.85445222258567821 -1.0979657173156736 0.17619657516479495 0.66187280416488659 -1.125477075576782 -0.30160684883594507 0.5775638520717622 0.10028097406029703 0.13275895640254023 0.76258990168571483 -0.72656258940696705 -0.87787500023841847 0.50197042524814617 0.74440684914588939 0.56712579727172863 0.54540804028511058 1.1209968924522402 0.43681606650352484 -1.3318121433258054 0.65399897098541271 -1.4244858622550962 -1.0568343400955198 1.0028109550476076 -0.49297311902046198
decision_type=2 2 2 2 2 2 2 2 2 2 2 2 2 2 2 2 2 2 2 2 2 2 2 2 2 2 2 2 2 2 2 2 2 2 2 2 2 2 2 2 2 2 2 2 2 2 2 2 2 2 2 2 2 2 2 2 2 2 2 2 2 2 2 2 2 2 2 2 2 2 2 2 2 2 2 2 2 2 2 2 2 2 2 2 2 2 2 2 2 2 2 2 2 2 2 2 2 2 2 2 2 2 2 2 2 2 2 2 2 2 2 2 2 2 2 2 2 2
left_child=1 2 8 6 14 26 67 16 63 51 11 94 13 17 42 41 31 57 -19 54 40 110 23 50 25 37 -3 -18 44 36 56 61 -12 -34 -15 -27 62 -7 89 -24 -21 -16 -2 65 -29 59 -35 -25 58 53 76 -10 -20 78 99 -56 -14 72 97 60 91 -8 -5 -1 -31 80 -67 -4 -69 -70 86 106 -11 -74 -51 -64 -13 85 -39 -80 111 -59 -77 92 -84 -60 87 105 -49 -30 100 93 -23 -17 -6 98 -63 -26 -45 -9 -37 -38 -96 -44 -88 -71 -55 -87 -101 -42 -22 112 -32 -52 -68 -89 -94 -85
right_child=4 5 3 29 10 24 7 19 9 12 32 22 30 34 15 45 27 18 52 20 21 83 39 47 48 35 -28 28 38 64 43 -33 33 46 -36 90 101 49 -40 -41 109 -43 103 95 -46 -47 -48 88 -50 74 113 -53 -54 71 55 -57 -58 81 77 -61 -62 96 75 -65 -66 66 114 68 69 70 -72 -73 73 -75 -76 82 -78 -79 79 -81 -82 -83 84 117 -86 107 104 115 -90 -91 -92 -93 116 -95 102 -97 -98 -99 -100 108 -102 -103 -104 -105 -106 -107 -108 -109 -110 -111 -112 -113 -114 -115 -116 -117 -118 -119
leaf_value=0.020003181483064379 0.0073734175059057411 -0.12273554365809372 0.0084834835677476666 0.042253046163490848 0.014054758411090254 -0.0053004187722156841 -0.0038388666381995958 -0.016436974842828224 -0.068020806370711909 -0.02973991534858942 0.035317711763340857 0.033120034235279733 -0.0097458497377542353 -0.098522394059634796 -0.024438174556763399 0.0025818775818847559 -0.052278414001339119 -0.069717459581993727 -0.014742822389650559 0.015471570220013912 -0.019123899141725687 0.015062222865252002 0.065802660206673844 0.011072740794928827 -0.02083774423847596 -0.07320709400257823 -0.069525379496740133 -0.01672979594110998 -0.050957425128329882 0.0053967751163457129 -0.013318602304826392 -0.023487029260113128 0.031328654236858711 -0.012552867045005162 -0.055466493219137193 -0.049802428761193923 0.044090394675731663 -0.031953013524776551 -0.021534899948164821 0.042661075339909052 0.04219002475341161 -0.054464188572906316 0.027638223082429234 -0.026987219312838442 0.0062473570569945534 0.021721675740007093 0.0084032205922994763 0.026130902423308445 -0.0085897441258874999 -0.016290088755185488 0.057820183542412779 -0.097285428643226632 -0.03546999607896132 -0.027321284843256344 0.012298384744484546 -0.01620374039247087 0.0061025744754986113 -0.0064756971136803792 -0.024022967029466397 -0.0065248082105356922 0.021134222207485506 0.015536719258795151 0.022410058094696567 0.0049401613914394861 0.022029935325617377 -0.0012244381582025778 -0.017244669815732371 0.025523402678294921 0.0090161651386733866 0.018093989888827006 0.0085452493877624571 -0.037663254271382875 -0.0088318835827521976 -0.026372645939128442 -0.028173698052350017 0.03981964708520816 0.045811317473649978 -0.019046186378528909 -0.052784740815802325 -0.036605185950579849 -0.026765464160169634 -0.016917166805730879 0.03304127451864261 0.015128460020389199 0.022730240669278874 -0.029206769125802182 0.024983313026533061 0.01543095436741094 0.035593933416857272 -0.039234077710597247 -0.054734850781304502 0.0055394203905932242 0.0084768554374862175 -0.0053582589526195087 0.025089573533069801 -0.023444977798024003 0.0075253117106300095 -0.013794966631946315 -0.035904522418975834 -0.0079667568343746321 -0.039818142505174271 0.0533584396221808 0.018522551745176318 0.034519190648022821 0.019224702141616704 0.023731022658227366 -0.020443408972606426 -0.037207952577893326 -0.01269852786165912 0.033329676958017578 -0.014209136838516039 -0.020269677289998383 -0.018187011701483576 0.050113354126612344 -0.021739554905292134 0.012483880715444685 0.0065538231510578141 0.018584139168262483
leaf_weight=55 41 40 53 83 58 47 43 40 40 49 57 40 64 40 41 50 79 73 41 54 55 52 212 45 59 58 40 66 54 41 46 62 63 74 41 42 56 40 79 68 59 41 98 57 52 50 51 77 58 60 141 43 61 73 58 40 78 67 71 51 52 40 43 53 45 65 44 141 79 59 52 45 54 56 44 51 99 42 40 45 52 43 102 52 41 69 112 60 56 60 41 60 51 49 40 48 46 57 49 67 88 111 74 50 52 78 40 40 40 42 45 58 62 83 45 52 40 49
leaf_count=55 41 40 53 83 58 47 43 40 40 49 57 40 64 40 41 50 79 73 41 54 55 52 212 45 59 58 40 66 54 41 46 62 63 74 41 42 56 40 79 68 59 41 98 57 52 50 51 77 58 60 141 43 61 73 58 40 78 67 71 51 52 40 43 53 45 65 44 141 79 59 52 45 54 56 44 51 99 42 40 45 52 43 102 52 41 69 112 60 56 60 41 60 51 49 40 48 46 57 49 67 88 111 74 50 52 78 40 40 40 42 45 58 62 83 45 52 40 49
internal_value=1.90428e-06 -0.00974041 -0.00227111 0.0100346 0.0275927 -0.0360775 0.00279458 -0.00595321 -0.0256992 -0.0289587 0.0376845 0.0434025 -0.025051 -0.0361352 0.00613484 -0.00309773 -0.0215613 -0.0284003 -0.0453263 0.00624796 0.0126595 0.00438915 0.0485341 0.0423163 -0.0313639 -0.0370028 -0.0973173 -0.0304112 -0.0247068 0.0360508 -0.0162986 -0.00342655 0.0144267 0.00793935 -0.0776709 -0.053493 0.039863 -0.0281988 -0.0356636 0.0603544 0.0308687 -0.0399265 0.0252966 -0.020403 -0.00663686 0.00667826 -0.00400395 0.0255665 -0.0218534 -0.0309589 0.0504369 -0.0841597 -0.0273625 -0.0343329 -0.00680912 0.0006187 -0.00105858 -0.0172618 -0.0240974 0.00373571 0.00623482 0.00632142 0.0341553 0.0127243 0.0142534 -0.0167375 -0.0119796 0.0184871 0.0192476 0.0175771 0.0190091 -0.0288834 -0.0217249 -0.0179189 -0.0215382 0.0311537 0.0424218 -0.0274378 -0.0409372 -0.0447443 -0.0200285 -0.010673 0.0329669 0.0132197 0.0302633 -0.0292799 0.0203028 0.0182533 0.0303512 -0.0451821 -0.0464197 0.00126042 0.0104708 -0.00136237 0.0187693 -0.0290922 0.0113873 -0.0175246 -0.0314064 -0.0117317 -0.0433994 0.0505315 0.0210249 0.0301789 0.023285 0.0214521 -0.0250873 -0.0324545 -0.00983684 0.0388684 -0.0170748 -0.0177705 -0.0162546 0.0551999 -0.0197337 0.0141853 0.00771199 0.0169707
internal_weight=6980 5159 4020 2636 1821 1139 2063 1325 1384 1276 1238 993 1193 525 583 394 581 444 175 744 499 344 821 541 1059 663 80 390 311 573 668 191 245 188 81 229 487 434 193 280 155 82 189 526 118 312 125 178 396 387 363 83 102 283 245 98 142 269 338 262 211 129 320 108 86 372 154 738 685 544 465 158 159 110 104 237 139 222 125 85 218 110 194 244 143 180 413 249 133 114 171 159 143 99 172 154 86 116 106 147 130 167 114 148 164 137 113 109 107 101 100 166 108 224 89 112 91 101
internal_count=6980 5159 4020 2636 1821 1139 2063 1325 1384 1276 1238 993 1193 525 583 394 581 444 175 744 499 344 821 541 1059 663 80 390 311 573 668 191 245 188 81 229 487 434 193 280 155 82 189 526 118 312 125 178 396 387 363 83 102 283 245 98 142 269 338 262 211 129 320 108 86 372 154 738 685 544 465 158 159 110 104 237 139 222 125 85 218 110 194 244 143 180 413 249 133 114 171 159 143 99 172 154 86 116 106 147 130 167 114 148 164 137 113 109 107 101 100 166 108 224 89 112 91 101
is_linear=0
shrinkage=0.05


Tree=7
num_leaves=113
num_cat=0
split_feature=9 9 9 9 7 9 9 1 9 9 3 9 9 9 9 9 9 9 4 6 9 9 9 9 9 9 9 9 9 9 5 7 1 4 6 9 6 9 7 9 5 0 9 9 0 0 9 9 6 9 9 9 8 7 8 7 9 9 6 9 9 3 9 9 0 9 9 9 9 9 9 9 6 9 1 0 9 9 0 9 3 9 0 5 9 6 3 3 0 6 8 3 7 0 9 3 9 6 8 3 6 9 3 7 6 6 9 9 8 3 0 7
split_gain=686.152 370.33 409.052 177.38 145.101 114.686 104.837 90.1977 60.9196 95.5143 54.127 44.8642 39.4258 58.6868 35.1538 57.7926 34.1332 44.6183 26.5732 36.0775 25.6309 27.5575 24.4192 20.6529 33.7939 19.0749 25.1132 16.5799 20.7829 16.4707 14.5075 13.4139 12.244 19.5772 11.1802 10.3493 9.29312 8.71916 7.51438 7.27493 7.22248 6.71359 6.1394 5.75655 5.57201 5.45241 4.47213 4.12043 4.03491 4.00926 3.57 3.48822 3.26613 9.00045 3.24849 3.19794 4.00035 3.05583 2.90219 2.66944 6.12127 2.63738 2.56902 2.44115 2.34705 1.85793 2.2171 1.40947 2.21682 1.23129 1.0858 1.51438 1.06284 0.982775 1.026 0.946035 0.701491 1.82141 0.67667 0.653603 0.644526 0.538539 0.536811 0.983602 0.522627 0.478319 0.466851 0.4576 0.433551 0.427965 0.388152 0.386435 0.377063 0.364733 0.330434 0.286906 0.260606 0.245876 0.237821 0.212882 0.158388 0.120602 0.117927 0.117732 0.10618 0.0789127 0.0718965 0.0487024 0.0243086 0.019971 0.0197741 0.0150703
threshold=0.82694086432456981 0.26118339598178869 -1.0429430603981016 -0.01348631316795945 0.54746168851852428 0.3024504035711289 -0.67153990268707264 1.0000000180025095e-35 -1.6757040023803709 -1.6206812858581541 1.9201549887657168 0.90947490930557262 -1.373079180717468 -1.4143462181091306 1.2675660848617556 1.3075019121170046 -0.63027289509773243 -0.41284452378749842 -0.13390543684363362 -1.5787218809127805 -0.35959677398204798 -0.27972511947154993 -0.13329377770423886 0.63436147570610057 0.52254116535186779 1.5338048934936526 1.102054297924042 -1.1667441129684446 -1.249278128147125 0.21991638094186786 1.8532593846321108 -1.3576400279998777 0.41595189273357397 1.1118367314338686 0.10028097406029703 0.5500524938106538 0.038097223732620485 -0.23978930711746213 -0.75602856278419484 -0.33297289907932276 0.24794243276119235 0.34453167021274572 1.4406213760375979 1.1979002952575686 0.23626267164945605 0.27957032620906835 -1.0704543590545652 0.97825327515602123 -1.6409085988998411 0.7994295358657838 0.44000713527202612 1.4539332389831545 -0.26998245716094965 -1.2740830183029173 -1.5155026316642759 -0.83958560228347767 -1.4556132555007932 -1.7032153010368345 0.53557908535003673 1.4139974117279055 1.3873735666275027 -0.75087112188339222 0.027336971834301952 0.67562848329544078 0.19295527786016467 -1.0154317021369932 -0.96040901541709889 -0.89163067936897267 -0.71280694007873524 -0.93289768695831288 -0.78158527612686146 -0.83660796284675587 1.4061723947525027 0.7719181776046754 -0.63816359639167775 0.19295527786016467 -0.10666989907622336 -0.080046016722917543 0.30122427642345434 0.93698623776435863 0.79551240801811229 0.46751846373081213 0.34453167021274572 -0.80168840289115895 0.85445222258567821 -0.52157138288021077 0.23319111764431003 -0.61029079556465138 0.25791636854410177 -1.0190532207489011 -1.1427537202835081 0.93609276413917553 0.046119431033730514 0.40949277579784399 -0.54773887991905201 -0.32913015782833094 0.13738234341144565 -1.1434266567230222 1.1209968924522402 -1.5943564176559446 -1.205610394477844 -1.125477075576782 0.5143517702817918 0.6143074929714204 -1.3921675682067869 1.2196152210235598 -1.3318121433258054 0.05484831519424916 0.080034241080284133 -0.32913015782833094 0.23626267164945605 -1.0568343400955198
decision_type=2 2 2 2 2 2 2 2 2 2 2 2 2 2 2 2 2 2 2 2 2 2 2 2 2 2 2 2 2 2 2 2 2 2 2 2 2 2 2 2 2 2 2 2 2 2 2 2 2 2 2 2 2 2 2 2 2 2 2 2 2 2 2 2 2 2 2 2 2 2 2 2 2 2 2 2 2 2 2 2 2 2 2 2 2 2 2 2 2 2 2 2 2 2 2 2 2 2 2 2 2 2 2 2 2 2 2 2 2 2 2 2
left_child=1 2 8 6 14 -3 65 16 57 41 11 84 13 18 43 45 -8 31 48 -20 52 39 98 24 34 26 47 28 87 36 -27 64 -12 -34 92 -26 62 44 -21 -22 61 -10 59 -2 -19 -16 89 79 -11 63 103 -28 53 94 -15 56 104 -1 81 60 91 -36 -5 -25 -18 -4 109 69 70 -68 71 -69 -53 74 -65 -37 -24 -78 -35 -13 86 -52 83 -64 -6 108 -39 100 -79 -29 -58 93 -7 -17 110 -30 -38 -97 -23 -86 106 -91 -71 -42 -50 -49 -14 -85 -33 -67 -9 -73
right_child=4 5 3 29 10 23 7 20 9 12 32 25 27 54 15 42 17 37 19 38 21 22 76 49 35 30 51 46 95 -31 -32 85 33 78 40 75 96 80 -40 -41 50 -43 -44 -45 -46 -47 -48 105 55 -51 58 72 -54 -55 -56 -57 90 -59 -60 -61 -62 -63 82 73 -66 66 67 68 -70 102 -72 111 -74 -75 -76 -77 77 88 -80 -81 -82 -83 -84 107 99 -87 -88 -89 -90 101 -92 -93 -94 -95 -96 97 -98 -99 -100 -101 -102 -103 -104 -105 -106 -107 -108 -109 -110 -111 -112 -113
leaf_value=0.019169236052977413 0.010133259328441661 -0.089616322647994281 0.0087019106177122964 0.040983830356016396 0.013315216504168094 -0.0065168598859866216 -0.051193304980794586 -0.010025226962644348 -0.082107744930368487 -0.0023876977576676047 0.033987656081952748 0.034457495833029511 -0.015771101108722149 -0.058768166965100822 -0.053291048582007255 0.0049224094204554291 -0.022490938475480442 -0.045531565787063709 -0.01328745243572213 -0.043430326397462589 0.014619214135107764 -0.019753548441454771 0.0074687362516755772 -0.014868472000063563 -0.069872863693483944 0.061140283276777597 0.013420770475123493 -0.023562135533853012 0.0019895301116464128 0.013156053275825122 0.029831143819804614 0.0097076872681699164 0.030316914550282736 -0.0063101508726294223 -0.049321805925692547 -0.052492540243060097 0.04152506390270197 -0.018507176231254231 -0.074543961496264841 0.037328936117036006 -0.019193260962279832 -0.054116746845344704 0.021949265907077412 0.02951505140076871 -0.023054600966608396 -0.026039920492870051 -0.011926263899335432 0.048933978080749514 -0.010324339064148565 -0.0078690914273784867 -0.029068275700722426 0.0248284259904176 -0.019914950558734015 0.011836092891629603 -0.084236382202404314 -0.031142921275784108 -0.027826251334896902 0.0028784496193596473 -0.018565299414584173 -0.0064709592464507791 0.0201786363529491 -0.032249615368517968 0.038467699289321901 -0.015458642466123716 -0.0064470814416100353 0.022024740099906924 0.018336312549895255 0.021995216199254569 0.010517235969906891 0.0065079424703537031 0.023675571796675662 0.014714094501687215 0.035625913739204408 -0.031376437996995861 -0.025115053232373865 -0.040885307423530089 0.021837918029019708 0.0088184815598651763 0.0014170457231294778 0.043976529370779283 -0.014260669069927793 -0.038233956787735224 0.023556913197674653 0.032098758288405159 0.017374904407188297 0.01495671152435946 -0.026662072992843129 -0.022844398673623801 0.015328524968155274 -0.026546587588058581 -0.019187762660951152 -0.0024344092439860104 -0.013540396808688952 -0.00098227865982619005 -0.013872261554352009 0.0088014732998776806 0.050514737285416701 0.0038452730056476488 -0.013723859394048441 0.02303009217915436 -0.014185638269026801 -0.032635909283862397 0.010587638171146746 -0.013912332339621173 -0.0065939420280616964 0.056241909493791299 -0.019672466740012169 0.026499097270297478 0.0071624798563922334 0.026905371621251107 -0.0077347564172338366 0.011985709731551735
leaf_weight=56 56 86 56 81 56 40 77 42 65 46 62 60 61 40 40 73 40 89 66 40 56 49 52 84 57 247 53 54 69 77 47 40 65 77 58 42 52 54 53 104 40 47 56 131 45 40 53 129 47 56 55 79 40 60 40 42 40 59 45 50 57 54 46 42 54 49 57 112 76 42 145 63 47 57 144 123 56 91 44 86 42 63 46 43 71 52 45 47 40 53 40 49 43 40 59 48 115 57 46 47 72 84 45 40 48 93 69 90 40 63 54 54
leaf_count=56 56 86 56 81 56 40 77 42 65 46 62 60 61 40 40 73 40 89 66 40 56 49 52 84 57 247 53 54 69 77 47 40 65 77 58 42 52 54 53 104 40 47 56 131 45 40 53 129 47 56 55 79 40 60 40 42 40 59 45 50 57 54 46 42 54 49 57 112 76 42 145 63 47 57 144 123 56 91 44 86 42 63 46 43 71 52 45 47 40 53 40 49 43 40 59 48 115 57 46 47 72 84 45 40 48 93 69 90 40 63 54 54
internal_value=0.000291053 -0.00907888 -0.00199326 0.00958506 0.0263662 -0.0343784 0.00292739 -0.00556036 -0.0238721 -0.0270005 0.0359342 0.0410503 -0.0227333 -0.0333143 0.00592703 -0.00236171 -0.0203823 -0.0155543 -0.0257539 -0.0418517 0.00588955 0.0125263 0.00432142 -0.0297423 -0.0351171 0.0458334 0.0401406 -0.0147319 -0.00871085 0.0348209 0.0562532 0.000914822 0.0149145 0.00840905 -0.026954 -0.0510295 0.0383125 -0.0290432 -0.0617661 0.0295207 -0.0308142 -0.0709444 0.00703593 0.0237957 -0.03821 -0.0401552 -0.0250919 0.0476315 -0.0159001 -0.020413 -0.0257628 0.0245613 -0.00696619 -0.00447607 -0.072385 -0.0187403 -0.0156037 0.0109082 -0.0300537 0.00386151 0.00623921 -0.0414488 0.0328977 -0.0225307 -0.0134391 0.0176965 0.0183966 0.0171146 0.0185207 0.0126233 0.0201147 0.0177669 0.0291049 -0.0251075 -0.0230289 -0.0441383 0.0128349 0.0142794 -0.00351168 0.0403256 -0.0201237 -0.034242 0.0298182 0.0312875 0.0178023 0.0111608 -0.0224435 -0.0179479 0.0109073 -0.028664 -0.0237972 0.00124089 -0.0102734 0.00284197 -0.0108258 0.00453466 0.0479794 0.00617262 -0.0170073 0.019802 -0.0167016 -0.0304896 0.00871446 -0.0167572 -0.00852783 0.0522339 -0.0179762 0.0285355 0.00853922 0.0249839 -0.00882986 0.0135671
internal_weight=7019 5164 4035 2639 1855 1129 2089 1327 1396 1281 1263 1015 1169 502 592 405 578 501 422 159 749 494 334 1043 660 841 547 667 423 550 294 226 248 186 438 222 473 275 93 160 355 112 325 187 134 80 244 368 263 383 243 179 255 215 80 217 175 115 163 269 219 112 306 327 94 762 706 594 450 144 374 229 126 243 186 165 239 187 121 146 141 118 225 179 174 132 99 249 131 191 80 162 83 113 155 174 167 105 95 118 202 137 87 80 95 222 130 133 80 112 96 117
internal_count=7019 5164 4035 2639 1855 1129 2089 1327 1396 1281 1263 1015 1169 502 592 405 578 501 422 159 749 494 334 1043 660 841 547 667 423 550 294 226 248 186 438 222 473 275 93 160 355 112 325 187 134 80 244 368 263 383 243 179 255 215 80 217 175 115 163 269 219 112 306 327 94 762 706 594 450 144 374 229 126 243 186 165 239 187 121 146 141 118 225 179 174 132 99 249 131 191 80 162 83 113 155 174 167 105 95 118 202 137 87 80 95 222 130 133 80 112 96 117
is_linear=0
shrinkage=0.05


Tree=8
num_leaves=119
num_cat=0
split_feature=9 9 9 9 8 9 9 1 9 9 3 9 9 9 9 9 0 9 9 4 1 2 9 9 9 9 9 1 9 9 9 4 6 9 5 9 6 9 6 9 5 9 2 9 6 9 3 9 9 6 2 9 9 6 9 0 6 9 9 0 8 9 9 3 6 3 9 0 3 9 9 2 9 9 9 8 2 9 9 6 2 9 9 9 0 2 2 5 2 2 9 9 3 2 8 3 1 2 2 2 9 2 0 9 9 9 2 5 6 8 8 5 9 5 3 9 4 3
split_gain=618.467 332.841 375.598 159.668 111.254 109.967 97.063 89.3607 58.1635 93.5088 41.6699 40.2779 51.7165 39.9801 37.6564 40.1282 30.5387 29.0052 35.596 26.1694 25.1845 24.2589 23.6076 21.176 26.8143 20.6201 19.3899 18.8751 18.3745 18.3222 28.1248 14.5855 13.0264 12.9002 12.7062 11.9356 10.7386 9.91366 9.3316 8.06524 7.54695 6.94869 6.91769 6.23135 6.19326 6.17701 6.12782 8.95935 4.4069 6.58105 4.19637 3.98725 3.96017 3.44753 3.42208 3.25865 3.06884 4.64531 3.42303 3.04295 2.90708 8.65166 2.56861 2.43252 2.33354 2.24138 2.09627 1.86399 1.7541 1.6126 1.89454 1.38529 1.33005 1.89944 1.83506 1.22809 1.13804 1.11559 1.27108 1.0652 1.02338 1.01954 0.938966 2.83312 0.93489 0.933218 0.808779 1.10418 0.794618 0.740978 0.69476 1.5447 1.14024 0.573453 0.517566 0.480937 0.430165 0.396864 0.375557 0.353102 0.349354 0.336407 0.312669 0.270082 0.268373 0.258044 0.253193 0.249993 0.216513 0.2073 0.206313 0.178367 0.152605 0.120532 0.118592 0.109292 0.0677273 0.00325388
threshold=0.82694086432456981 0.26118339598178869 -1.0429430603981016 -0.026798253878951069 0.47096353769302374 0.3024504035711289 -0.67153990268707264 1.0000000180025095e-35 -1.6757040023803709 -1.6344369649887083 2.0607353448867802 -1.373079180717468 -1.4143462181091306 1.5204929709434511 1.2675660848617556 1.2941899895668032 0.30122427642345434 1.102054297924042 0.92323055863380443 -0.13390543684363362 1.0000000180025095e-35 0.56712579727172863 -0.63027289509773243 -0.35959677398204798 -0.27972511947154993 -0.41284452378749842 -0.13329377770423886 1.2065384984016421 -1.5243915915489195 0.63436147570610057 0.52254116535186779 -0.57167378067970265 -0.39720386266708368 0.21991638094186786 1.5754156112670901 1.6802362799644472 0.038097223732620485 -0.25310124456882471 0.10028097406029703 0.5500524938106538 0.98885804414749157 -0.58900588750839222 0.2847875058650971 -0.33297289907932276 -1.0190532207489011 0.39874011278152471 1.4984139800071719 1.1708326339721682 1.4539332389831545 1.2196152210235598 0.089323412626981749 0.7994295358657838 0.44000713527202612 0.47339236736297613 1.3873735666275027 0.1279941909015179 -1.6409085988998411 -1.5106359124183653 -1.4556132555007932 0.10634049400687219 -0.26998245716094965 -0.49271617829799647 0.67562848329544078 1.0000000180025095e-35 1.2196152210235598 -0.75087112188339222 0.89571923017501842 0.45280016958713537 0.93609276413917553 -1.0154317021369932 -0.96040901541709889 0.71915432810783397 -0.90538632869720448 -0.71280694007873524 -0.93289768695831288 -1.4427703619003294 0.58884355425834667 -0.78158527612686146 -0.83660796284675587 1.0000000180025095e-35 0.82774528861045849 0.46751846373081213 0.041092643514275558 1.0000000180025095e-35 0.27957032620906835 -0.21473368257284162 -0.12786052748560903 -0.80168840289115895 -1.6481418609619138 1.0000000180025095e-35 -1.2630338072776792 -1.1667441129684446 -0.89145144820213307 0.65399897098541271 -1.5518687963485716 -0.89145144820213307 -1.1652276515960691 0.50197042524814617 0.43681606650352484 0.78430870175361644 -1.125477075576782 0.63228118419647228 0.30122427642345434 -0.22647736221551892 1.4938690662384035 -0.54773887991905201 0.21963211894035342 -0.61645966768264759 0.10028097406029703 0.20731303840875628 0.12094683200120927 -0.46210168302059168 -0.87787500023841847 -0.52384456992149342 -0.32913015782833094 -1.4831245541572569 -0.57167378067970265 -0.32913015782833094
decision_type=2 2 2 2 2 2 2 2 2 2 2 2 2 2 2 2 2 2 2 2 2 2 2 2 2 2 2 2 2 2 2 2 2 2 2 2 2 2 2 2 2 2 2 2 2 2 2 2 2 2 2 2 2 2 2 2 2 2 2 2 2 2 2 2 2 2 2 2 2 2 2 2 2 2 2 2 2 2 2 2 2 2 2 2 2 2 2 2 2 2 2 2 2 2 2 2 2 2 2 2 2 2 2 2 2 2 2 2 2 2 2 2 2 2 2 2 2 2
left_child=1 2 8 6 14 21 69 16 67 50 13 12 19 17 46 -16 22 18 66 56 28 -3 -8 60 43 41 111 34 -21 30 38 55 63 36 -15 40 82 -27 -7 -32 -12 -24 -14 -25 59 65 71 -48 49 -19 -10 62 -47 81 68 -13 -11 -58 115 75 61 94 95 -18 88 -40 106 -1 99 -4 117 -2 74 77 -72 -33 -51 78 112 114 85 -54 83 -5 -41 -64 -84 -88 -20 -50 92 -92 98 -89 105 -31 100 -45 -61 -17 -46 -87 -60 -39 -91 -9 -6 -57 -38 -65 -35 -26 -74 -81 -28 -59 -75 -71
right_child=4 5 3 33 10 29 7 23 9 11 35 31 42 27 15 54 32 48 64 20 -22 -23 25 24 26 37 79 -29 -30 51 39 44 -34 110 -36 -37 108 103 45 84 -42 -43 -44 97 96 52 47 -49 89 76 -52 -53 53 -55 -56 107 57 58 102 90 -62 -63 80 109 -66 -67 -68 -69 -70 70 72 -73 73 116 -76 -77 -78 -79 -80 113 -82 -83 86 -85 -86 101 87 93 -90 104 91 -93 -94 -95 -96 -97 -98 -99 -100 -101 -102 -103 -104 -105 -106 -107 -108 -109 -110 -111 -112 -113 -114 -115 -116 -117 -118 -119
leaf_value=0.0054657690685301552 0.024240185196004526 -0.11293665422333612 0.0083896716713513213 0.023784560674632138 0.012265597904221185 -0.010202278296267729 -0.05411541401926015 -0.0082001128172697994 -0.060970845455076639 -0.0043840460712090135 0.012940708859400317 -0.011498264180019846 -0.084234928525984298 0.047539683872339679 -0.045872148797990613 0.00057217618450522423 -0.0037439772314051302 0.02529761755961131 0.034457717197281974 -0.071816587798735676 -0.01808647662106477 -0.057291886844228257 -0.017047196533858881 0.014224001002946386 -0.018244575041408521 -0.044244612911914255 0.010404152336591126 0.058101029507430992 -0.028994048429145054 -0.0096644174995493479 -0.065249252926420295 -0.011769504922373993 -0.021779000173721995 0.010315320867954232 0.0092759363807556113 0.028506798491338799 0.039847131700892199 -0.025524297675916126 -0.046237060377995173 -0.046048381344268197 -0.012911698434116513 0.0061999059286189538 -0.051881281889620282 0.039330545961856846 -0.024678565492784535 -0.015156955042003116 -0.0021855555832839208 0.025606309524813638 0.030741283660981712 0.0098160647914152261 -0.088349139690399175 -0.0068662802356162251 -0.028224878998126014 -0.018499982895298025 0.012024034502735335 0.0077716242585500533 -0.033214940543308168 -0.010309405312762553 -0.025670463856049749 -0.013118671083563491 -0.018014862363385717 0.016327531345781278 -0.020686940181956354 0.013914041566412625 0.0539161909736839 -0.030567540960120307 0.02771742505331834 0.018432165868580343 -0.0070762774605924884 0.020964140623807907 0.017546724880996505 0.036839728529860331 0.016904159115170535 0.0084650260732011037 0.0047444668285356005 0.00053196619577115269 -0.0003492330500323858 0.022582521695747145 0.012554488736575685 0.012525402081502213 -0.017396571261010001 -0.039521290388023649 0.020383927598595621 0.039599937182149769 -0.036286378164704029 -0.031066935793274925 0.03619629655112612 0.029043184571406422 0.045000324904918676 0.024477012850800339 -0.0052950327462096495 -0.017668163718190046 -0.024159117270983868 0.020253981310460304 -0.0038131214274714394 -0.017614592560990291 -0.021720444541424515 0.030261428713798524 -0.019532616436481479 0.006266535369848664 -0.032888373098474866 -0.023430264836480454 -0.017954040034895851 -0.018901854150873774 0.017467240590688795 -0.013215166385456615 0.017445731292845625 0.0026976311384005695 0.048183548233725809 0.0083123162070788993 0.016064335973283581 -0.0128600270993327 0.021816526586750904 0.017118935025627575 0.0068111585851835278 -0.0065724096116449304 0.01206602096735012 0.025506386210521065
leaf_weight=62 78 44 56 54 61 80 71 75 40 49 54 42 41 48 51 72 40 60 41 67 78 42 70 53 42 93 45 241 43 43 53 40 62 40 40 52 56 41 59 94 57 58 41 59 53 80 55 60 40 54 45 55 58 58 66 43 42 41 42 78 40 43 73 40 101 55 47 51 74 49 56 40 52 42 57 40 55 143 112 42 55 56 47 80 77 83 46 67 199 48 40 73 66 44 44 43 54 49 44 43 46 42 41 67 42 48 65 58 109 40 42 51 82 61 72 57 41 59
leaf_count=62 78 44 56 54 61 80 71 75 40 49 54 42 41 48 51 72 40 60 41 67 78 42 70 53 42 93 45 241 43 43 53 40 62 40 40 52 56 41 59 94 57 58 41 59 53 80 55 60 40 54 45 55 58 58 66 43 42 41 42 78 40 43 73 40 101 55 47 51 74 49 56 40 52 42 57 40 55 143 112 42 55 56 47 80 77 83 46 67 199 48 40 73 66 44 44 43 54 49 44 43 46 42 41 67 42 48 65 58 109 40 42 51 82 61 72 57 41 59
internal_value=-6.32282e-05 -0.00887582 -0.00214259 0.00900287 0.0248127 -0.032607 0.00243659 -0.00579228 -0.0228993 -0.0258805 0.0327009 -0.0223034 -0.0324577 0.0360749 0.00568895 -0.00584028 -0.0203628 0.0300533 0.0372603 -0.02583 -0.0401487 -0.0867322 -0.0280728 0.00593241 0.0121338 -0.0223057 0.00357495 0.0508188 -0.0554889 -0.0281549 -0.0332012 -0.0141381 -0.00335683 0.0320255 0.0304467 0.0089861 0.0350263 -0.0322591 -0.025838 -0.0476817 -0.000331603 -0.00654695 -0.0688781 0.0286481 -0.0179295 -0.0292185 0.0207906 0.0124103 0.0175811 0.0121381 -0.076324 -0.0195113 -0.0246529 -0.0289565 0.00231401 4.6433e-05 -0.0158225 -0.0183051 -0.0146818 -0.0144484 -0.00582685 -0.00343095 -0.0215366 0.00626262 0.0466279 -0.0390087 0.018634 0.0114282 -0.00112223 0.0167735 0.0174379 0.0287849 0.0162514 0.0174376 0.0111872 -0.00568814 0.00473024 0.018916 0.0167018 0.0116551 -0.024103 -0.0340694 0.0297397 0.03345 -0.0418891 -0.0258691 0.0271513 0.0290354 0.0433497 0.0245104 -0.0167501 -0.0133732 -0.0186984 0.0257711 -0.00858537 -0.0137963 -0.0264482 0.0355312 -0.0155719 0.00273704 -0.028784 -0.0287073 -0.0221179 -0.021627 0.0214337 -0.010248 0.0150542 0.00491286 0.0456113 0.0112504 0.013418 -0.01546 0.0200496 0.0153843 0.00826954 -0.00822419 0.0103663 0.0236568
internal_weight=7051 5207 4057 2640 1844 1150 2055 1306 1417 1304 1305 1219 542 1142 539 306 582 813 514 460 188 86 400 724 474 329 313 329 110 1064 670 677 182 585 88 163 503 201 446 224 111 128 82 161 534 366 233 115 299 169 85 394 252 172 255 143 272 223 181 381 250 210 339 120 341 114 173 113 189 749 693 118 585 472 113 80 109 389 246 220 253 114 338 134 171 198 204 157 240 130 301 113 188 111 167 86 153 108 122 115 99 125 83 108 90 123 126 101 165 80 82 93 134 103 117 98 83 108
internal_count=7051 5207 4057 2640 1844 1150 2055 1306 1417 1304 1305 1219 542 1142 539 306 582 813 514 460 188 86 400 724 474 329 313 329 110 1064 670 677 182 585 88 163 503 201 446 224 111 128 82 161 534 366 233 115 299 169 85 394 252 172 255 143 272 223 181 381 250 210 339 120 341 114 173 113 189 749 693 118 585 472 113 80 109 389 246 220 253 114 338 134 171 198 204 157 240 130 301 113 188 111 167 86 153 108 122 115 99 125 83 108 90 123 126 101 165 80 82 93 134 103 117 98 83 108
is_linear=0
shrinkage=0.05


end of trees

feature_importances:
Column_9=534
Column_2=137
Column_6=80
Column_3=67
Column_0=49
Column_5=36
Column_7=36
Column_1=31
Column_8=29
Column_4=28

parameters:
[boosting: gbdt]
[objective: regression]
[metric: l2]
[tree_learner: serial]
[device_type: cpu]
[data_sample_strategy: bagging]
[data: ]
[valid: ]
[num_iterations: 600]
[learning_rate: 0.05]
[num_leaves: 128]
[num_threads: 16]
[seed: 2023]
[deterministic: 0]
[force_col_wise: 0]
[force_row_wise: 0]
[histogram_pool_size: -1]
[max_depth: 20]
[min_data_in_leaf: 40]
[min_sum_hessian_in_leaf: 0.001]
[bagging_fraction: 0.9]
[pos_bagging_fraction: 1]
[neg_bagging_fraction: 1]
[bagging_freq: 1]
[bagging_seed: 26561]
[bagging_by_query: 0]
[feature_fraction: 0.85]
[feature_fraction_bynode: 1]
[feature_fraction_seed: 22040]
[extra_trees: 0]
[extra_seed: 25715]
[early_stopping_round: 0]
[early_stopping_min_delta: 0]
[first_metric_only: 0]
[max_delta_step: 0]
[lambda_l1: 0]
[lambda_l2: 1]
[linear_lambda: 0]
[min_gain_to_split: 0]
[drop_rate: 0.1]
[max_drop: 50]
[skip_drop: 0.5]
[xgboost_dart_mode: 0]
[uniform_drop: 0]
[drop_seed: 17353]
[top_rate: 0.2]
[other_rate: 0.1]
[min_data_per_group: 100]
[max_cat_threshold: 32]
[cat_l2: 10]
[cat_smooth: 10]
[max_cat_to_onehot: 4]
[top_k: 20]
[monotone_constraints: ]
[monotone_constraints_method: basic]
[monotone_penalty: 0]
[feature_contri: ]
[forcedsplits_filename: ]
[refit_decay_rate: 0.9]
[cegb_tradeoff: 1]
[cegb_penalty_split: 0]
[cegb_penalty_feature_lazy: ]
[cegb_penalty_feature_coupled: ]
[path_smooth: 0]
[interaction_constraints: ]
[verbosity: 1]
[saved_feature_importance_type: 0]
[use_quantized_grad: 0]
[num_grad_quant_bins: 4]
[quant_train_renew_leaf: 0]
[stochastic_rounding: 1]
[linear_tree: 0]
[max_bin: 255]
[max_bin_by_feature: ]
[min_data_in_bin: 3]
[bin_construct_sample_cnt: 200000]
[data_random_seed: 6644]
[is_enable_sparse: 1]
[enable_bundle: 1]
[use_missing: 1]
[zero_as_missing: 0]
[feature_pre_filter: 1]
[pre_partition: 0]
[two_round: 0]
[header: 0]
[label_column: ]
[weight_column: ]
[group_column: ]
[ignore_column: ]
[categorical_feature: ]
[forcedbins_filename: ]
[precise_float_parser: 0]
[parser_config_file: ]
[objective_seed: 2023]
[num_class: 1]
[is_unbalance: 0]
[scale_pos_weight: 1]
[sigmoid: 1]
[boost_from_average: 1]
[reg_sqrt: 0]
[alpha: 0.9]
[fair_c: 1]
[poisson_max_delta_step: 0.7]
[tweedie_variance_power: 1.5]
[lambdarank_truncation_level: 30]
[lambdarank_norm: 1]
[label_gain: ]
[lambdarank_position_bias_regularization: 0]
[eval_at: ]
[multi_error_top_k: 1]
[auc_mu_weights: ]
[num_machines: 1]
[local_listen_port: 12400]
[time_out: 120]
[machine_list_filename: ]
[machines: ]
[gpu_platform_id: -1]
[gpu_device_id: -1]
[gpu_use_dp: 0]
[num_gpu: 1]

end of parameters

pandas_categorical:null
