tree
version=v4
num_class=1
num_tree_per_iteration=1
label_index=0
max_feature_idx=9
objective=regression
feature_names=Column_0 Column_1 Column_2 Column_3 Column_4 Column_5 Column_6 Column_7 Column_8 Column_9
feature_infos=[-4.9281487464904785:0.63685661554336548] [-2.6146364212036133:3.7100627422332764] [-5.1990861892700195:1.272971510887146] [-2.2269694805145264:2.5527749061584473] [-5.5711894035339355:1.3641557693481445] [-1.9902403354644775:2.1465384960174561] [-1.982926607131958:1.6860036849975586] [-2.3018357753753662:1.4582350254058838] [-2.4405524730682373:1.9915002584457397] [-1.7305047512054443:1.7332621812820435]
tree_sizes=10029 9950 10105 9870

Tree=0
num_leaves=112
num_cat=0
split_feature=9 9 9 9 9 5 9 9 9 9 9 9 9 9 9 5 9 3 8 9 9 0 9 9 9 9 9 9 2 9 9 9 9 9 9 9 2 9 9 9 9 9 2 9 9 2 9 9 2 1 4 9 9 9 6 2 9 9 2 3 6 9 6 9 2 9 9 4 9 9 9 9 9 9 9 2 5 2 4 5 3 9 9 9 9 0 9 9 9 9 2 3 4 9 9 4 0 9 9 9 0 8 3 2 2 9 0 9 8 9 2
split_gain=1736.11 494.492 699.705 516.887 290.559 254.885 218.647 114.968 105.76 98.6626 98.383 152.133 94.6675 90.7776 117.724 99.2694 60.9378 58.6576 56.5491 50.6776 46.5297 43.0774 53.2281 48.2122 54.2907 70.7 37.1668 33.1033 30.5724 30.5006 29.3077 27.3748 24.7345 24.6275 22.2501 20.3967 19.0706 16.9216 47.0136 35.6032 16.8904 16.8856 16.8605 16.6262 26.348 15.5867 13.0418 12.2569 11.8175 11.7172 11.3951 10.7214 10.5194 9.59759 9.00937 8.333 7.89267 7.59482 7.35034 8.34499 7.08533 11.5391 13.5982 9.80411 6.52713 6.02341 5.01993 4.69218 4.43927 3.76195 3.76188 3.71472 3.4822 3.4484 4.66668 3.41191 3.30572 3.30202 8.23127 3.22447 2.96768 3.75134 2.94981 2.9357 2.92819 2.82525 2.80666 2.7401 2.6857 2.64953 2.64327 2.63174 2.47049 2.35496 2.30666 2.16793 2.13698 2.01109 1.81343 3.05504 1.79565 1.78532 1.74464 1.70645 1.69771 1.67434 1.6589 1.58793 1.37786 1.34234 1.30423
threshold=0.73065117001533519 -1.1392327547073362 0.16489368677139285 -0.10666989907622336 -0.75407394766807545 1.0197294950485232 0.21991638094186786 0.5500524938106538 -0.21316542476415631 0.17864936590194705 1.6269885301589968 1.5604287981987002 1.1708326339721682 -0.35959677398204798 -0.42615647614002222 -1.3265030980110166 1.6003646254539492 1.9201549887657168 -1.3927702903747556 0.44000713527202612 1.102054297924042 0.45280016958713537 -1.6481926441192625 -1.6069256067275999 -1.5106359124183653 -1.4693688750267027 1.0195202827453616 1.4539332389831545 0.41509725153446203 0.99200892448425304 1.1845883131027224 -0.31966094672679896 -1.1117213964462278 0.027336971834301952 0.12362667545676233 -1.6344369649887083 0.024168025236576799 -0.71280694007873524 -0.49271617829799647 -0.45278035104274744 1.5471168756484988 1.3740616440773012 0.48025263845920568 -1.249278128147125 -1.3318121433258054 0.26306973397731787 0.46751846373081213 -1.6894596219062803 0.17619657516479495 -0.90169563889503468 -0.67232638597488392 -0.69905126094818104 -1.5931699275970457 0.75816252827644359 1.3439886569976809 0.56712579727172863 -1.4556132555007932 1.4406213760375979 0.41509725153446203 0.3737714439630509 0.16246472299098971 0.27493907511234289 0.34902189671993261 0.24742772430181506 -0.95315605401992787 -1.249278128147125 0.3024504035711289 -0.80744788050651539 -0.399532601237297 -0.22647736221551892 1.0882986783981325 -0.43946841359138483 0.7031398117542268 -0.86411932110786427 -0.78158527612686146 0.58884355425834667 0.55665695667266857 0.024168025236576799 1.1456176638603213 -0.73994550108909596 1.4984139800071719 1.1979002952575686 0.99200892448425304 -0.040110195055603974 -1.5381472110748289 0.21460897475481036 1.6536123752593996 -0.58900588750839222 1.6136765480041506 -0.68529558181762684 -1.5612686872482298 -0.18854984268546102 -0.94188034534454335 -0.093357957899570451 -0.63027289509773243 -1.1438745856285093 0.17130158096551898 -0.72656258940696705 -1.0154317021369932 -0.98792037367820729 0.36618536710739141 0.24367918819189074 0.092610801570117487 0.89290067553520214 -0.58394512534141529 0.05484831519424916 0.47445386648178106 -1.125477075576782 0.46187606453895574 1.0332759618759157 0.69743552803993236
decision_type=2 2 2 2 2 2 2 2 2 2 2 2 2 2 2 2 2 2 2 2 2 2 2 2 2 2 2 2 2 2 2 2 2 2 2 2 2 2 2 2 2 2 2 2 2 2 2 2 2 2 2 2 2 2 2 2 2 2 2 2 2 2 2 2 2 2 2 2 2 2 2 2 2 2 2 2 2 2 2 2 2 2 2 2 2 2 2 2 2 2 2 2 2 2 2 2 2 2 2 2 2 2 2 2 2 2 2 2 2 2 2
left_child=1 18 3 4 32 12 9 19 13 28 11 27 20 14 15 51 55 41 43 60 26 22 47 35 52 42 82 29 -4 53 -19 -15 107 83 105 -24 90 45 89 -40 -29 54 -26 44 -1 -17 -21 102 -42 79 92 85 -25 -7 76 -13 -52 77 59 -11 63 -62 66 -8 -23 -58 -63 68 -16 110 109 -41 75 -51 -75 106 100 78 -31 96 -78 -82 -2 93 -54 -6 -12 94 -18 -39 -28 -37 -27 -5 -53 -10 -34 -47 -81 -100 -14 -56 -20 -77 -49 -35 -9 -3 -79 -38 -33
right_child=5 2 6 33 8 10 7 72 95 58 86 16 17 31 67 37 88 30 21 46 -22 64 23 24 25 50 36 40 -30 57 -32 69 49 34 -36 91 70 38 39 71 48 -43 -44 -45 -46 97 -48 104 -50 73 56 87 84 -55 101 -57 65 -59 -60 -61 61 62 -64 -65 -66 -67 -68 -69 -70 -71 -72 -73 -74 74 -76 103 80 108 -80 98 81 -83 -84 -85 -86 -87 -88 -89 -90 -91 -92 -93 -94 -95 -96 -97 -98 -99 99 -101 -102 -103 -104 -105 -106 -107 -108 -109 -110 -111 -112
leaf_value=-0.037052266257810926 0.063822963320064777 -0.018333795083665328 -0.093522349423411158 0.029223670934097591 -0.057849594561319391 0.034520910384289019 -0.04475176207393132 -0.0077461052303077456 0.022506310490713152 -0.15720233417719326 0.070171575666626212 -0.013006897600516647 -0.022941051578998402 -0.073778135177192325 0.018059127212644174 -0.092583465139004117 0.025110990539391167 0.021993981253484587 -0.056691476773914902 -0.086861505808896289 0.059787518595722809 -0.067872128768227444 -0.051932372919417644 -0.055026677774640695 -0.12625487513512096 -0.038791557048533508 0.0042290703829902174 0.077128868802878517 0.0090032736600421191 0.029011757558033497 -0.064641010100974228 -0.044222288496793723 0.017978618345244751 0.059102426531697845 0.038160582878373366 -0.07535133557686928 0.0049714545914254791 -0.031885477162809678 -0.079025518108603601 -0.037354580753961648 -0.0039364927143289421 0.031646431718453896 -0.073590351447493402 -0.049900293937738274 -0.0082418932579509177 -0.032877003051784856 -0.056536559288033646 0.0044464216078845421 0.060560058406822076 0.020011804935604501 -0.065762535504199304 -0.0041513728459770163 -0.016013499953972422 0.057282728568852567 0.020761070994240172 -0.045352209082938459 -0.028203708998307337 0.053240086663070105 -0.1533528049505723 -0.097425607031566844 -0.008047662902515797 -0.062125292557839447 -0.011609873017319876 -0.019609312115292789 -0.10425688575720665 -0.047312489326199816 -0.042817688649670456 -0.00017810182084985034 0.037927468386722819 -0.02035086904723454 0.036727518975152459 -0.0097679918580474701 0.0018720430170945648 0.039383119793947367 0.0083896520766643442 -0.020164130188973197 0.0041017680038695041 0.017043605469260256 -0.020587546239386086 0.017448544520209705 0.0090824643956496209 -0.025690429058370219 0.039845042213856714 0.033697709851382339 -0.030624853543139725 -0.022325189851011298 0.088577835212809861 0.00050923583483652014 0.048749012177044658 -0.0081107525548615705 -0.023030093845969445 -0.11546085360531021 -0.070003705262634996 0.048744818557766904 -0.015064044744129737 0.010405289711955399 0.026373146767017661 -0.057997452538904766 -0.00032849191985346915 0.018925620065291641 0.0022303694011434035 -0.0015472820707044341 -0.029258663179176275 -0.0078345630774060634 -0.010999769784896205 0.073934259423200754 0.012460434876954063 -0.0022367625010827207 0.032014119979170738 0.020128897998865556 -0.032363773230749016
leaf_weight=161 32 31 10.000000000000002 25 10.000000000000002 58 55 151 48 10.999999999999998 55 40 22 79 53 33 28 11.999999999999998 14.000000000000002 51 135 33 29 26 39 11.999999999999998 10.999999999999998 188 21 20 43 142 199 57 82 13.999999999999998 26 12.999999999999998 79 26 12.000000000000002 67 35 70 157 24 170 24 15.999999999999998 45 29 121 110 443 76 41 100 26 35 41 26 53 30 138 38 80 151 14.999999999999998 68 27 26 24 57 137 13.999999999999998 110 188 25 12.999999999999998 112 12.000000000000002 19 36 142 53 15.999999999999998 160 140 28 81 40 41 58 102 81 172 139 19 50 34 9.9999999999999982 9.9999999999999982 17 40 63 141 9.9999999999999982 30 68 35 46
leaf_count=161 32 31 10 25 10 58 55 151 48 11 55 40 22 79 53 33 28 12 14 51 135 33 29 26 39 12 11 188 21 20 43 142 199 57 82 14 26 13 79 26 12 67 35 70 157 24 170 24 16 45 29 121 110 443 76 41 100 26 35 41 26 53 30 138 38 80 151 15 68 27 26 24 57 137 14 110 188 25 13 112 12 19 36 142 53 16 160 140 28 81 40 41 58 102 81 172 139 19 50 34 10 10 17 40 63 141 10 30 68 35 46
internal_value=-2.30577e-05 -0.0157765 -0.00696182 0.00718482 -0.00407585 0.0390956 -0.0393432 -0.031973 -0.0184571 -0.103611 0.0534624 0.0468127 0.0171288 -0.0247991 -0.0160603 -0.0247033 -0.00214592 0.00228617 -0.0437155 -0.044232 0.0370425 -0.0512081 -0.0475331 -0.053337 -0.0477066 -0.0592873 0.02192 0.0545248 -0.0259586 0.0487475 -0.0456836 -0.0485321 0.0198618 0.0503513 0.0608325 -0.0886776 0.00688508 -0.0460534 -0.0387781 -0.0582678 0.0716853 0.00891339 -0.102659 -0.0278859 -0.0228987 -0.0666196 -0.0638944 -0.0165534 0.0337361 0.0224166 -0.0474581 -0.00727857 -0.0258787 0.0547216 0.00431351 -0.0297326 -0.0412084 0.0288275 -0.130671 -0.112798 -0.0345199 -0.040001 -0.043502 -0.026968 -0.0885232 -0.036911 -0.0481125 0.0261995 0.0294442 -0.038957 0.0210285 -0.0245642 -0.00946125 0.0328998 0.0365837 -0.0115378 -0.000490534 0.0234105 0.00944179 0.0185146 0.00172498 -0.0123668 0.0518902 0.0392567 -0.0209222 -0.037625 0.0842159 -0.00486857 0.0375779 -0.0116998 -0.0171824 -0.106779 -0.0652748 0.0451604 -0.0085799 0.0131354 0.0214984 -0.0450426 0.0132859 0.0075958 -0.0152458 0.0181791 -0.0430321 -0.0169499 -0.00673665 0.0699829 -0.00642187 -0.010581 0.0282139 0.0138527 -0.0415073
internal_weight=7041 5020 3817 2657 2108 2021 1160 1042 1317 118 1221 1006 800 1097 803 667 137 459 1203 674 341 815 744 626 542 353 206 869 31 653 55 294 791 549 280 84 138 299 223 129 216 404 74 388 318 76 221 118 28 730 279 368 189 501 337 81 209 152 87 52 453 260 234 193 71 180 204 136 121 215 87 50 368 196 151 311 251 126 33 534 219 31 68 269 163 26 215 342 56 94 51 55 70 127 202 220 338 43 196 84 32 86 31 150 87 198 161 61 93 61 188
internal_count=7041 5020 3817 2657 2108 2021 1160 1042 1317 118 1221 1006 800 1097 803 667 137 459 1203 674 341 815 744 626 542 353 206 869 31 653 55 294 791 549 280 84 138 299 223 129 216 404 74 388 318 76 221 118 28 730 279 368 189 501 337 81 209 152 87 52 453 260 234 193 71 180 204 136 121 215 87 50 368 196 151 311 251 126 33 534 219 31 68 269 163 26 215 342 56 94 51 55 70 127 202 220 338 43 196 84 32 86 31 150 87 198 161 61 93 61 188
is_linear=0
shrinkage=1


Tree=1
num_leaves=112
num_cat=0
split_feature=9 9 9 9 9 5 9 9 9 9 9 9 9 9 7 9 7 9 9 9 9 9 9 9 9 9 9 9 9 2 9 9 9 9 9 9 9 7 7 9 2 2 9 9 9 9 9 9 9 9 2 0 9 9 9 9 6 9 2 6 9 6 9 2 9 5 2 2 9 2 1 2 9 9 9 9 9 2 9 9 2 9 2 0 1 2 9 9 4 9 0 6 4 9 4 2 0 0 1 9 2 2 5 2 6 0 7 9 2 0 9
split_gain=1515.28 433.466 593.204 455.716 264.964 239.248 192.381 99.4227 96.5589 93.0414 87.3585 135.567 83.1725 105.676 104.275 79.714 58.7466 55.3937 54.27 46.0802 43.4087 37.8117 34.6742 33.3635 58.4676 42.4992 50.7056 80.5893 31.6105 26.8765 26.0389 24.1401 20.5723 20.2682 18.2055 18.0331 17.7207 17.6945 21.9211 38.2644 17.1428 17.0423 16.3248 14.4031 12.1569 11.1336 11.0248 10.7429 10.2119 10.142 9.85153 9.35946 9.28922 9.07441 7.57869 7.35422 7.2418 7.17802 6.34215 6.09057 9.585 12.1223 8.18684 5.83117 5.21416 5.00323 4.84635 5.06278 3.82908 3.6085 3.4762 4.48799 3.36202 3.3184 3.06667 2.98422 2.97994 2.97152 3.32702 2.89326 3.29932 2.81802 2.67994 2.617 2.56718 2.4706 2.39817 2.30024 2.2227 2.1713 2.15357 1.99258 1.94913 1.93186 1.8176 1.6551 1.64157 1.63544 1.61934 1.59994 1.46147 1.43812 1.35323 1.33839 1.29386 1.25695 1.2553 1.25355 1.20558 1.18092 1.1193
threshold=0.73065117001533519 -1.1392327547073362 0.16489368677139285 -0.10666989907622336 -0.75407394766807545 1.0197294950485232 0.21991638094186786 0.5500524938106538 -0.21316542476415631 1.1708326339721682 1.6269885301589968 1.5604287981987002 -0.35959677398204798 -0.42615647614002222 -1.4077746868133543 0.17864936590194705 -1.5581775307655332 1.2143183350563052 1.6003646254539492 0.44000713527202612 1.102054297924042 1.1845883131027224 1.0195202827453616 -1.7032153010368345 -1.6481926441192625 -1.6069256067275999 -1.5106359124183653 -1.4693688750267027 1.4539332389831545 0.41509725153446203 1.0195202827453616 -0.31966094672679896 -1.1117213964462278 0.027336971834301952 0.12362667545676233 -1.6344369649887083 -1.3318121433258054 -0.1209946498274803 -0.8562977910041808 -0.71280694007873524 0.024168025236576799 0.48025263845920568 1.5471168756484988 1.3740616440773012 -1.249278128147125 -1.5931699275970457 -1.4556132555007932 0.46751846373081213 -1.249278128147125 -0.86411932110786427 0.2847875058650971 0.21460897475481036 -0.69905126094818104 1.4406213760375979 -0.79534095525741566 0.75816252827644359 1.3439886569976809 -1.1667441129684446 0.7408721148967744 0.16246472299098971 0.27493907511234289 0.34902189671993261 0.24742772430181506 0.56712579727172863 -1.6894596219062803 0.55665695667266857 0.30650527775287634 -0.64909949898719776 0.3024504035711289 -1.1051840782165525 0.1524230241775513 1.0000000180025095e-35 -0.22647736221551892 -1.5381472110748289 1.0332759618759157 -0.040110195055603974 -0.74031826853752125 0.71915432810783397 -0.399532601237297 0.7031398117542268 0.58884355425834667 -0.093357957899570451 0.34994289278984075 0.19295527786016467 0.1524230241775513 -1.5612686872482298 1.6136765480041506 0.99200892448425304 -0.70610728859901417 1.6536123752593996 0.34453167021274572 -1.7030923366546629 -1.1438745856285093 -0.76782962679862965 -0.47033214569091791 -0.58394512534141529 0.36618536710739141 0.30122427642345434 1.2065384984016421 1.2941899895668032 0.21963211894035342 0.89290067553520214 -0.64733111858367909 0.69743552803993236 0.5977628529071809 0.45280016958713537 -0.23797510564327237 -1.125477075576782 0.91461947560310375 0.43114647269248968 0.041092643514275558
decision_type=2 2 2 2 2 2 2 2 2 2 2 2 2 2 2 2 2 2 2 2 2 2 2 2 2 2 2 2 2 2 2 2 2 2 2 2 2 2 2 2 2 2 2 2 2 2 2 2 2 2 2 2 2 2 2 2 2 2 2 2 2 2 2 2 2 2 2 2 2 2 2 2 2 2 2 2 2 2 2 2 2 2 2 2 2 2 2 2 2 2 2 2 2 2 2 2 2 2 2 2 2 2 2 2 2 2 2 2 2 2 2
left_child=1 16 3 4 32 9 15 19 12 20 11 28 13 14 52 29 36 21 63 59 22 58 87 69 64 35 45 41 30 -4 55 -14 107 75 110 -26 -1 38 39 51 85 -28 -30 56 46 -27 -29 -21 109 83 -44 76 100 70 -51 -7 65 88 -11 62 -61 68 -8 -13 -25 96 67 -17 -62 -18 71 -32 103 -47 -42 81 -16 78 -15 80 105 -5 -23 -34 -54 -24 -20 -2 -46 -12 -39 -37 -10 -56 -85 -66 -19 -41 -67 -58 -6 -82 -64 -33 -49 -9 -40 -3 -100 -38 -35
right_child=5 2 6 33 8 10 7 79 92 17 89 18 31 77 37 66 23 43 86 47 -22 82 40 24 25 26 27 44 42 -31 53 72 49 34 -36 91 48 90 106 97 74 -43 50 -45 57 73 -48 104 -50 54 -52 -53 84 -55 93 -57 99 -59 -60 60 61 -63 102 -65 95 98 -68 -69 -70 -71 -72 -73 -74 -75 -76 -77 -78 -79 -80 -81 101 -83 -84 94 -86 -87 -88 -89 -90 -91 -92 -93 -94 -95 -96 -97 -98 -99 108 -101 -102 -103 -104 -105 -106 -107 -108 -109 -110 -111 -112
leaf_value=-0.03531080197704875 0.060001214435606291 -0.016870451680031314 -0.089271803877570388 0.027406214401125908 -0.020762515174491059 0.032943134462194788 -0.041503560281636424 -0.0068713501734020827 0.021350409535691145 -0.0067284060455858694 0.067256943274427342 -0.014633466759206435 -0.069295662393172586 0.017831284797284751 -0.032875242786989972 -0.13841244067464556 -0.062685539041246685 -0.023320487334772391 0.023741189287654285 -0.080624854998155082 0.056879489421844488 -0.072863016220239496 0.0052584097297354183 -0.031112823994071399 -0.05005431091412902 -0.053295024715620899 -0.11813016849405625 -0.061186323634215771 0.073465277223857414 0.0085419850051403051 -0.019685372772316134 -0.042058737397193909 0.01474344543317063 0.051215798720236752 0.036452186924506379 -0.077396556593122945 -0.0054531606393693781 -0.007145648073405027 -0.077379406044180976 -0.019483010589715882 0.0048984296942273017 -0.068791780842317116 0.0024811209063045677 0.029441659801772664 -0.06626898650802783 -0.0143363363729061 -0.025592662347878659 -0.058170537206720802 -0.051925121034894675 0.037502787331883003 0.063435593495766315 -0.088319308559099835 -0.0067921325568931941 0.051170497516105917 0.023267009817384957 0.053486568797670123 0.0064369063573674517 -0.035539723506995607 0.043602409002117141 -0.0077532472876975164 -0.058382556498050686 -0.011802014426300021 -0.014495303449702674 -0.042612750210413122 0.0042951383445012778 -0.01274414064983527 -0.14289185091068871 -0.089051758218556654 -0.040680316701117492 -0.098131453815628503 0.024932454200461508 0.018685286359063216 -0.019216545224534694 -0.029509885063660996 0.026077206914537937 0.031386497826487933 -0.061620735205136813 0.0058024754851228669 0.035898737876272915 0.0018707466760783326 -0.019050051568884334 0.046923752343998509 -0.046060842852438652 0.028850454753133616 0.0038878084407354303 -0.021875085815960586 0.046467063438009333 0.038392431470187935 -0.050896479258703636 0.084454510953181836 -0.029768300354480744 -0.11073137843931043 0.0099239481638679072 0.006747242291956875 0.017506556634643032 -0.010376180107021587 -0.0003716278976450364 -0.0033749338078240942 0.0028651481158035552 0.021988604111330853 -0.047076049021312169 -0.0077399592103791388 -0.024905486927743546 -0.030055818164890464 -0.045723770892442166 0.0084140991419553758 -0.047356250340288342 -0.0022068534324306151 0.015360055686059325 -0.01831054197446931 0.067654297387961179
leaf_weight=137 32 28 10.000000000000002 29 13.000000000000002 55 56 142 49 14.000000000000002 53 37 83 47 21 12.999999999999998 20 26 28 54 139 25 9.9999999999999982 26 31 28 50 27 193 19 11.000000000000002 149 337 30 82 20 134 24 70 44 25 36 15.000000000000002 69 66 114 116 93 12.999999999999998 138 10.999999999999998 29 291 28 57 448 25 55 9.9999999999999982 25 49 32 86 40 27 13.999999999999998 37 31 143 33 75 20 26 55 57 134 25 17 66 55 105 103 30 70 69 42 26 36 85 155 19 36 167 27 87 62 10.999999999999998 25 165 55 12.999999999999998 41 56 43 66 13.999999999999998 9.9999999999999982 30 21 20 164
leaf_count=137 32 28 10 29 13 55 56 142 49 14 53 37 83 47 21 13 20 26 28 54 139 25 10 26 31 28 50 27 193 19 11 149 337 30 82 20 134 24 70 44 25 36 15 69 66 114 116 93 13 138 11 29 291 28 57 448 25 55 10 25 49 32 86 40 27 14 37 31 143 33 75 20 26 55 57 134 25 17 66 55 105 103 30 70 69 42 26 36 85 155 19 36 167 27 87 62 11 25 165 55 13 41 56 43 66 14 10 30 21 20 164
internal_value=3.37698e-05 -0.0148502 -0.00648592 0.00658068 -0.00409348 0.0367234 -0.0367951 -0.0299376 -0.0178784 0.0156444 0.0509157 0.0446238 -0.0239582 -0.0153363 -0.0235309 -0.0993556 -0.0411096 0.00108213 -0.00272795 -0.0414228 0.0354408 -0.0367953 0.0204808 -0.047615 -0.0450649 -0.0503552 -0.0457056 -0.0552405 0.0518652 -0.0270383 0.0460741 -0.0462614 0.0190528 0.0473584 0.0569537 -0.0832287 -0.0220346 -0.0474937 -0.0531303 -0.0409618 0.00560779 -0.098505 0.0684236 0.0089093 -0.0443283 -0.0244787 -0.0326914 -0.0605883 -0.0109979 0.0213717 0.0296639 -0.0654602 -0.0068757 0.026185 0.0302749 0.0513101 0.00436158 -0.0522094 0.015148 -0.0321753 -0.0374726 -0.0407403 -0.0253588 -0.0295281 -0.0118404 -4.93235e-05 -0.124601 -0.106387 -0.0454772 -0.0861642 0.0191685 0.0048802 -0.0372151 -0.019419 0.0197571 0.0372263 -0.0494765 0.0256913 0.0286063 -0.00864808 -0.0105636 0.0428741 -0.0593272 0.0173177 -0.00474004 -0.0166563 0.0353292 0.0492835 -0.0580074 0.0804152 -0.0175911 -0.100393 0.0126025 0.0180989 0.0227149 -0.00592706 -0.0166872 -0.0137783 0.00309639 0.0172682 -0.0351756 -0.0159482 -0.0187462 -0.0395402 -0.053322 -0.00545472 -0.0742575 -0.00945179 0.00435046 -0.00723031 0.0653879
internal_weight=6935 4934 3743 2616 2074 2001 1127 1017 1300 806 1195 987 1084 783 653 110 1191 465 131 660 341 79 202 887 834 719 632 435 856 29 637 301 774 542 276 87 304 267 224 144 134 86 219 386 349 197 143 213 167 716 26 75 386 134 222 503 317 206 24 447 249 224 198 77 115 237 81 44 192 53 106 31 218 169 82 266 46 130 113 357 302 132 55 494 360 52 54 68 151 208 43 56 216 84 157 89 37 69 200 80 26 146 142 192 159 156 80 58 186 154 194
internal_count=6935 4934 3743 2616 2074 2001 1127 1017 1300 806 1195 987 1084 783 653 110 1191 465 131 660 341 79 202 887 834 719 632 435 856 29 637 301 774 542 276 87 304 267 224 144 134 86 219 386 349 197 143 213 167 716 26 75 386 134 222 503 317 206 24 447 249 224 198 77 115 237 81 44 192 53 106 31 218 169 82 266 46 130 113 357 302 132 55 494 360 52 54 68 151 208 43 56 216 84 157 89 37 69 200 80 26 146 142 192 159 156 80 58 186 154 194
is_linear=0
shrinkage=0.05


Tree=2
num_leaves=112
num_cat=0
split_feature=9 9 9 9 9 5 9 9 9 9 9 9 9 9 9 7 9 7 9 9 0 9 9 9 9 9 9 9 2 9 1 9 9 9 9 9 7 7 9 9 2 9 0 9 9 9 3 2 9 1 9 9 9 2 6 9 9 6 6 9 9 9 2 9 2 2 5 2 9 9 9 9 9 9 9 9 2 5 3 9 9 9 9 0 2 1 9 2 2 9 2 9 9 3 3 7 0 2 3 0 2 2 2 0 0 6 0 6 9 2 9
split_gain=1395.35 397.511 577.918 431.764 239.446 221.218 175.567 98.0253 93.7647 86.6631 84.8699 83.4583 129.464 72.1214 98.6461 96.5771 69.5767 55.0472 49.1491 41.5594 31.8487 34.1869 41.4175 36.9795 64.1236 26.6178 34.9752 26.0711 24.6091 20.7954 20.7948 20.1526 19.4212 19.1827 17.7951 17.4541 17.2893 20.0896 30.7246 16.0273 15.1546 15.0128 13.1633 12.1721 12.1167 11.3361 11.1169 11.0088 10.9801 10.081 9.6969 9.68943 9.49398 9.17372 8.14262 7.50877 6.92512 6.83142 9.36885 10.4771 7.59945 6.67883 5.91655 5.64111 5.2588 4.68051 4.19765 4.19455 4.10298 3.82128 3.32665 3.32046 3.31837 3.15586 3.13924 3.01245 2.98763 2.95113 2.9168 2.85034 2.84708 3.31696 2.53523 2.53406 2.31132 2.2683 2.26535 2.09023 2.08144 1.9906 2.26313 1.97021 2.06871 1.93244 1.89526 1.85563 1.78067 1.76893 1.67366 1.56878 1.52508 1.49737 1.45724 1.45209 1.41948 1.41154 1.32672 1.27582 1.26947 1.22508 1.21112
threshold=0.73065117001533519 -1.1392327547073362 0.16489368677139285 -0.10666989907622336 -0.75407394766807545 1.0506009459495547 0.21991638094186786 0.5500524938106538 1.1845883131027224 1.2143183350563052 -0.21316542476415631 1.6269885301589968 1.5604287981987002 -0.35959677398204798 -0.42615647614002222 -1.4077746868133543 0.17864936590194705 -1.5748887658119199 1.6003646254539492 0.44000713527202612 0.47445386648178106 -1.6481926441192625 -1.6069256067275999 -1.5106359124183653 -1.4693688750267027 1.102054297924042 1.0195202827453616 1.4539332389831545 0.43681606650352484 -0.31966094672679896 -0.63816359639167775 0.027336971834301952 -1.1117213964462278 -1.3318121433258054 0.12362667545676233 -1.6894596219062803 -0.070860028266906724 -0.8562977910041808 -0.71280694007873524 -1.6344369649887083 0.024168025236576799 1.3740616440773012 0.25791636854410177 1.5471168756484988 -1.249278128147125 -1.4556132555007932 1.0000000180025095e-35 0.45853486657142645 0.46751846373081213 -0.90169563889503468 1.1708326339721682 -1.5931699275970457 -0.74031826853752125 0.17619657516479495 1.3439886569976809 -0.69905126094818104 -1.1667441129684446 0.16246472299098971 0.34902189671993261 0.27493907511234289 0.24742772430181506 1.0195202827453616 0.56712579727172863 1.4406213760375979 0.7408721148967744 0.71915432810783397 0.55665695667266857 0.76258990168571483 0.3024504035711289 -0.45278035104274744 0.99200892448425304 -0.399532601237297 -0.22647736221551892 1.6802362799644472 0.7031398117542268 -1.5381472110748289 0.58884355425834667 -0.73994550108909596 1.0766730904579165 1.0332759618759157 -0.86411932110786427 -0.78158527612686146 -0.040110195055603974 0.21460897475481036 0.34994289278984075 0.1524230241775513 -0.093357957899570451 -1.4743955731391905 -1.5612686872482298 -1.2630338072776792 -0.084422904998064027 -1.0291873812675474 -0.98792037367820729 -0.18854984268546102 -0.18854984268546102 0.88169082999229442 0.34453167021274572 0.52368924021720897 1.4984139800071719 0.19295527786016467 0.93633723258972179 0.32822409272193914 -0.97487434744834889 0.17130158096551898 0.36618536710739141 -0.08627621084451674 0.47445386648178106 -1.1434266567230222 -1.125477075576782 0.21963211894035342 0.05484831519424916
decision_type=2 2 2 2 2 2 2 2 2 2 2 2 2 2 2 2 2 2 2 2 2 2 2 2 2 2 2 2 2 2 2 2 2 2 2 2 2 2 2 2 2 2 2 2 2 2 2 2 2 2 2 2 2 2 2 2 2 2 2 2 2 2 2 2 2 2 2 2 2 2 2 2 2 2 2 2 2 2 2 2 2 2 2 2 2 2 2 2 2 2 2 2 2 2 2 2 2 2 2 2 2 2 2 2 2 2 2 2 2 2 2
left_child=1 17 3 4 32 8 16 19 25 84 13 12 27 14 15 55 28 33 62 57 21 35 39 51 47 26 70 30 -4 -15 61 82 108 -1 110 46 37 38 52 -23 88 54 -18 -29 45 -26 -19 -25 -21 77 -27 -24 99 -45 66 109 107 60 59 -59 -8 -7 -14 78 -52 71 104 -67 -61 -39 -2 -16 -31 -13 76 -53 106 103 97 -42 -51 -82 86 -54 -10 -57 -5 -22 -28 -35 -91 -79 -93 -41 -40 -20 -38 -32 -68 -17 -43 -70 -37 -34 -11 -12 -9 -46 -3 -6 -33
right_child=5 2 6 31 10 11 7 74 9 41 105 73 18 29 65 36 42 20 95 48 87 22 23 24 44 50 40 43 -30 72 63 34 49 89 -36 102 96 69 94 93 79 100 -44 53 56 -47 -48 -49 -50 80 64 75 83 -55 -56 85 -58 58 -60 68 -62 -63 -64 -65 -66 67 98 -69 101 -71 -72 -73 -74 -75 -76 -77 -78 91 -80 -81 81 -83 -84 -85 -86 -87 -88 -89 -90 90 -92 92 -94 -95 -96 -97 -98 -99 -100 -101 -102 -103 -104 -105 -106 -107 -108 -109 -110 -111 -112
leaf_value=-0.034034880025076195 0.056787713170051581 -0.016617046044238151 -0.08521399552171878 0.025963731509234225 -0.02038949812451998 0.050624880242939908 -0.039800829780206354 -0.0065599829596061036 -0.069002118596324213 -0.021585098175065862 0.014649631993674582 0.068321113820586893 -0.013085851007092156 -0.065736833893800084 0.016486504930546698 -0.020152098924985949 -0.14307886926751387 -0.089352683587507767 0.024793899389249939 -0.077413682008193707 -0.053890103101730348 -0.047352153422503637 -0.05053663454179106 -0.11486905523248621 -0.05857398490751943 0.054254658200911111 0.0037937590076277655 0.069940449289373458 0.0092668773949538402 -0.037606048560331742 0.03263321148024665 0.05333795001951315 0.016593625142976531 -0.0065912355987560265 0.034665003667275117 0.0058230319409631193 -0.0069373030888123651 -0.073516956650758095 -0.0069556189094518509 -0.069111272493998219 0.0044368476553175318 0.023130962885916234 -0.09566130307705506 -0.0031213746406137935 -0.062239977410610985 -0.024358498577315077 -0.02749189281905139 -0.069587733991005846 -0.050833089631831578 0.01866798060759902 -0.0029980733724577079 -0.013440749370895972 -0.057512514114379888 0.055208892506711627 0.017545487454542555 -0.006568121608257857 -0.034021033222476647 -0.0072170051017209236 -0.010721119149820879 -0.056125896437126288 -0.017834894286455415 0.016456688907654848 -0.040873003491135533 0.04841239612836104 0.04268908710218966 -0.020809261022474271 0.0033043817159982567 0.021150191758687681 -0.032755353530248006 -0.037736216416725747 0.035801287531852723 0.034088838079737296 -0.017837371371985815 0.083872124993282823 0.0023813595726215817 -0.027910927114850381 -0.015416425875064435 0.0167642553569749 0.0013015099801123144 0.024508951077094446 0.035368535625682755 0.0072903896753604598 0.030138886294983055 -0.088458043336868297 -0.044315650872886185 0.0037429806787986314 0.044041615268131634 -0.088107764853371517 -0.0204573604115285 -0.0069032364453260695 -0.039019430225545715 0.0019618906620760554 0.017146548899737272 -0.10502089083194732 -0.024189165476019736 0.045675009063311983 -0.027776740077469088 0.018297596021632976 -0.015926660465387009 -0.046355566009879112 0.040011813508516014 -0.044408117402344946 -0.0091235728604862325 0.023654055610549063 -0.00035459512534240884 0.0061877637146972126 0.011511123654517261 -0.049676582692785465 -0.0018550630574564225 -0.045146593575676283 0.066156241913636532
leaf_weight=141 44 30 10.000000000000002 27 14.000000000000002 462 56 148 26 27 141 111 37 78 48 13.000000000000002 37 9.9999999999999982 34 58 11.999999999999998 28 28 36 30 139 10.999999999999998 184 18 188 44 58 196 142 83 21 26 78 42 13.999999999999998 25 59 45 11.000000000000002 67 129 26 33 166 49 13.000000000000002 103 24 15.999999999999998 82 303 59 22 31 56 140 15.999999999999998 42 25 10.999999999999998 10.000000000000002 201 11.999999999999998 74 11.999999999999998 49 71 27 114 60 58 140 99 14.999999999999998 64 141 11.999999999999998 134 23 31 64 110 44 39 12.000000000000002 9.9999999999999982 71 32 39 26 20 17 53 10.999999999999998 14.999999999999998 21 79 64 135 10.999999999999998 79 9.9999999999999982 93 28 10.999999999999998 149
leaf_count=141 44 30 10 27 14 462 56 148 26 27 141 111 37 78 48 13 37 10 34 58 12 28 28 36 30 139 11 184 18 188 44 58 196 142 83 21 26 78 42 14 25 59 45 11 67 129 26 33 166 49 13 103 24 16 82 303 59 22 31 56 140 16 42 25 11 10 201 12 74 12 49 71 27 114 60 58 140 99 15 64 141 12 134 23 31 64 110 44 39 12 10 71 32 39 26 20 17 53 11 15 21 79 64 135 11 79 10 93 28 11 149
internal_value=0.000275973 -0.0139018 -0.00602509 0.0067155 -0.00363383 0.0350526 -0.035652 -0.029238 0.0157897 0.000661622 -0.0166592 0.0490841 0.0425702 -0.0223168 -0.0145867 -0.0226062 -0.0954838 -0.0390105 -0.00319283 -0.0403476 -0.0452716 -0.0427326 -0.0468838 -0.0424676 -0.0503163 0.0337049 0.022666 0.0499338 -0.0262511 -0.0435381 0.0445701 0.0456701 0.0180743 -0.0205701 0.0549218 -0.0179515 -0.0452077 -0.0505779 -0.0384502 -0.0806185 0.00668336 0.00869763 -0.118523 0.0652834 -0.04202 -0.03114 -0.046626 -0.0945163 -0.058029 0.0202716 0.0491826 -0.0237376 -0.060324 0.032182 0.00397598 -0.00661836 -0.0497417 -0.0315924 -0.0369488 -0.0404072 -0.0242811 0.0495179 -0.028185 0.0270733 0.0188118 0.0232978 -0.000526983 0.0020022 -0.0438499 -0.0692133 0.0462288 0.0271853 -0.0352175 0.0765365 -0.00802025 -0.0187937 -0.0101155 0.0166094 0.0219238 0.0189827 0.0298054 0.033228 0.0356042 -0.0741835 -0.0565717 -0.00476472 0.0406928 -0.0818495 -0.0151523 -0.00885759 -0.0225633 0.0117415 0.00679896 -0.0969908 -0.0138 0.0332175 -0.0156202 0.025067 0.00223646 -0.0353041 0.0280015 -0.0390214 -0.00540611 0.0195358 -0.0156061 0.0116528 -0.00535104 -0.0552914 -0.0096428 -0.0326001 0.0628383
internal_weight=7073 5025 3826 2676 2115 2048 1150 1040 864 469 1322 1184 959 1102 809 668 110 1199 133 682 894 838 717 636 447 395 232 826 28 293 615 561 793 305 290 121 276 233 143 81 139 412 82 211 378 159 36 69 224 735 163 189 75 27 332 392 219 458 262 231 196 478 79 137 24 141 250 22 209 90 93 119 215 225 358 161 298 533 112 89 202 153 271 47 57 367 137 56 50 164 22 202 103 53 68 54 43 97 212 28 80 153 85 331 38 220 158 160 58 25 207
internal_count=7073 5025 3826 2676 2115 2048 1150 1040 864 469 1322 1184 959 1102 809 668 110 1199 133 682 894 838 717 636 447 395 232 826 28 293 615 561 793 305 290 121 276 233 143 81 139 412 82 211 378 159 36 69 224 735 163 189 75 27 332 392 219 458 262 231 196 478 79 137 24 141 250 22 209 90 93 119 215 225 358 161 298 533 112 89 202 153 271 47 57 367 137 56 50 164 22 202 103 53 68 54 43 97 212 28 80 153 85 331 38 220 158 160 58 25 207
is_linear=0
shrinkage=0.05


Tree=3
num_leaves=112
num_cat=0
split_feature=9 9 9 9 9 5 9 9 9 9 9 9 9 9 7 9 9 7 9 9 9 9 9 9 9 9 9 9 9 9 9 9 5 4 9 9 7 7 9 9 2 9 9 9 2 9 9 2 9 9 9 9 9 9 1 5 2 3 2 2 9 9 2 1 2 9 9 9 5 2 9 9 0 9 9 9 9 9 2 9 2 3 0 4 2 9 9 9 2 4 9 3 9 9 5 0 2 1 4 0 4 0 9 0 2 9 3 2 1 9 2
split_gain=1258.33 357.49 532.517 372.711 215.658 191.379 182.045 86.7535 79.3602 72.2496 70.9033 109.356 69.3715 90.4399 86.4198 68.5224 53.0393 49.8633 44.7565 37.238 32.1299 25.0978 34.9858 24.754 22.2266 19.9871 34.7622 38.8424 63.9356 20.2681 19.2307 17.138 16.3106 16.0063 15.8422 15.6973 13.2531 16.5125 30.3661 13.123 13.1079 11.6529 11.5171 11.2034 10.3983 9.18339 9.07943 8.01567 8.00397 7.75843 6.95217 6.58195 6.29246 6.1011 5.98161 5.52829 5.33615 10.2946 5.16047 5.00886 4.83189 3.95554 3.54943 4.69009 3.42052 3.2869 10.4044 7.27356 5.37236 3.19612 3.0809 3.02434 3.00827 2.84291 2.62297 2.46471 2.40043 2.3747 2.35359 2.32797 2.31682 2.29526 2.25578 2.21536 2.19729 2.0554 2.01553 2.00736 1.96552 1.9479 1.97366 1.86717 1.83358 1.80022 1.80002 1.74176 1.7167 1.70269 1.6492 1.61534 1.5403 1.5293 1.5208 1.40743 1.23432 1.17683 1.1686 1.16808 1.14097 1.09604 1.08245
threshold=0.73065117001533519 -1.1392327547073362 0.16489368677139285 -0.10666989907622336 -0.75407394766807545 1.0197294950485232 0.21991638094186786 0.5500524938106538 -0.21316542476415631 1.1845883131027224 1.6269885301589968 1.5604287981987002 -0.35959677398204798 -0.42615647614002222 -1.4077746868133543 1.2143183350563052 0.17864936590194705 -1.5916000008583067 1.6003646254539492 0.44000713527202612 -1.7169709801673887 1.0882986783981325 1.0195202827453616 1.4539332389831545 1.0057646036148074 -1.6481926441192625 -1.6069256067275999 -1.5106359124183653 -1.4693688750267027 -1.7032153010368345 -0.31966094672679896 0.027336971834301952 -0.67820259928703297 0.37142364680767065 0.12362667545676233 -1.3318121433258054 -0.070860028266906724 -0.8562977910041808 -0.71280694007873524 -1.6344369649887083 0.50197042524814617 -1.249278128147125 1.5471168756484988 1.3740616440773012 0.21963211894035342 -1.4556132555007932 0.48127414286136633 -0.01926855510100722 1.1708326339721682 -1.5931699275970457 -0.69905126094818104 0.75816252827644359 -1.1667441129684446 1.4406213760375979 -0.90169563889503468 0.55665695667266857 0.30650527775287634 0.3737714439630509 0.56712579727172863 0.7408721148967744 -1.1117213964462278 -1.6894596219062803 0.024168025236576799 1.2065384984016421 0.93633723258972179 0.3162060827016831 0.27493907511234289 0.24742772430181506 -0.24600152671337125 0.71915432810783397 -0.22647736221551892 -0.399532601237297 0.45280016958713537 -0.78158527612686146 1.102054297924042 -0.86411932110786427 -0.040110195055603974 0.7031398117542268 0.045885797590017326 0.99200892448425304 0.58884355425834667 0.3737714439630509 0.30122427642345434 -0.67232638597488392 -1.5612686872482298 1.6802362799644472 -0.093357957899570451 -1.5381472110748289 0.78430870175361644 -0.60545364022254933 -0.63027289509773243 -0.18854984268546102 1.6136765480041506 -0.72656258940696705 -0.52384456992149342 0.17130158096551898 -0.12786052748560903 1.4700673818588259 -1.1438745856285093 0.34453167021274572 1.0442760586738589 0.21460897475481036 -1.0291873812675474 0.30122427642345434 0.93633723258972179 0.68938416242599498 0.93609276413917553 -0.67081829905509938 1.4700673818588259 0.041092643514275558 0.69743552803993236
decision_type=2 2 2 2 2 2 2 2 2 2 2 2 2 2 2 2 2 2 2 2 2 2 2 2 2 2 2 2 2 2 2 2 2 2 2 2 2 2 2 2 2 2 2 2 2 2 2 2 2 2 2 2 2 2 2 2 2 2 2 2 2 2 2 2 2 2 2 2 2 2 2 2 2 2 2 2 2 2 2 2 2 2 2 2 2 2 2 2 2 2 2 2 2 2 2 2 2 2 2 2 2 2 2 2 2 2 2 2 2 2 2
left_child=1 17 3 4 32 9 16 19 12 21 11 23 13 14 50 88 33 35 58 65 -19 22 79 24 51 29 39 49 40 -22 -14 76 54 -4 109 103 37 38 44 -27 -29 45 -25 55 -16 -30 -21 84 74 -28 -6 -7 83 62 95 -17 57 -18 108 -50 -34 -31 63 -26 78 66 67 -8 -67 71 110 -15 101 75 -23 -56 86 80 97 -2 -9 -39 -68 -43 -24 -12 -5 -51 -11 -52 -91 -41 -20 -46 -37 -3 -40 -57 -10 -38 -80 -70 -62 -1 -45 -82 -99 -97 -13 -33 -32
right_child=5 2 6 31 8 10 7 77 98 15 85 18 30 69 36 43 56 20 92 46 25 48 47 42 53 26 27 28 41 61 70 34 60 -35 -36 94 99 81 96 91 -42 52 -44 104 93 -47 -48 -49 59 87 89 -53 -54 -55 73 64 -58 -59 -60 -61 102 -63 -64 -65 -66 68 82 -69 72 -71 -72 -73 -74 -75 -76 -77 -78 -79 100 -81 105 -83 -84 -85 -86 -87 -88 -89 -90 90 -92 -93 -94 -95 -96 107 -98 106 -100 -101 -102 -103 -104 -105 -106 -107 -108 -109 -110 -111 -112
leaf_value=-0.036850728273391725 0.054973257184028623 0.014953067335441795 -0.070685018328103144 0.024827063988362041 -0.031827873200178151 0.02912628857313462 -0.037614563893188131 -0.0053817330679450685 0.019461601120061602 -0.065231207261482876 0.065201064974069606 -0.020682865665072488 -0.062607393315039492 0.015503373734342555 -0.07961514796529498 -0.012999255828014235 -0.13856651324492236 -0.093117974884808066 0.021568072148199596 -0.068626349498243894 -0.060340483435269057 0.031215680360794071 0.0051841953345997775 0.066511258304766993 -0.019102500493709859 -0.04571357718829451 -0.046714171380908408 -0.10579292035102845 -0.056120320823457505 -0.02824758435289065 -0.038362297274776413 0.045130076452537825 -0.0085727043771608308 0.010575613126690898 0.033267792766348697 -0.026793342642486097 -0.0064634888574642974 -0.070584524611928573 -0.0041425311985221923 -0.067575560675726995 -0.060613415638605755 -0.059718798391230704 0.027999622985720635 0.021753042994760999 -0.029436561852693562 -0.023572147856362219 -0.046719698813454863 0.011993856726912782 -0.0044223059367920663 -0.013461097657054137 -0.0011350117630306348 0.048946888839389878 -0.032102931530798899 0.046653752716688007 0.018889377285218376 0.0020925601702677372 -0.13007361569055698 -0.078448778551978043 -0.038980427086353304 0.04111947346140038 0.01444396226610424 -0.006628803703259971 0.024059469584295508 0.021348188258707525 0.017861258953979071 -0.016521041999970162 -0.060190439596772199 -0.011819881019343077 -0.016978570749051871 0.0036423032544553278 -0.017375104477757527 0.032312986254692082 -0.0060536694557716455 0.0068816664745099849 0.051861098177673287 0.033450601842716664 0.028411470768707137 0.0017384450694184778 0.0035311903906139462 0.034281035002909209 -0.012014046769820211 -0.043394123017787938 -0.04045164401509932 -0.045675841621730641 -0.020639146081148051 0.079403460248608462 0.042022146943670055 -0.025529450247133219 -0.041062878637478269 -0.0036786626101404964 -0.014532292319461704 -0.1002380982041359 0.041402265763488315 -0.052918194532394415 -0.0064805464335376227 0.015291435316797686 -0.019984499605343445 0.010307528322626805 0.0091148757364066368 -0.026767057219618248 -0.0074498134485394179 -0.035650538187474011 0.0033238544427634529 -0.024462916671621558 0.03860809982029928 -0.0240608576971751 0.027309593641095694 0.024970547437562413 -0.0033091752716389146 0.061550423183611459 -0.0271939201689348
leaf_weight=74 34 262 10 27 24 52 54 153 51 23 99 20 82 47 34 40 11.999999999999998 31 27 84 28 24 9.9999999999999982 183 12 28 26 49 26 29 147 26 54 13 88 10.999999999999998 22 66 31 17 32 76 24 50 24 133 144 59 13.000000000000002 112 196 456 58 25 43 32 40 36 39 9.9999999999999982 65 75 92 15 54 97 31 57 14.999999999999998 19 28 73 10.999999999999998 14.999999999999998 128 136 139 52 109 37 128 15.999999999999998 55 91 38 106 103 53 28 97 74 35 28 19 141 54 39 28 168 18 44 127 59 48 17 25 17 105 18 167 40
leaf_count=74 34 262 10 27 24 52 54 153 51 23 99 20 82 47 34 40 12 31 27 84 28 24 10 183 12 28 26 49 26 29 147 26 54 13 88 11 22 66 31 17 32 76 24 50 24 133 144 59 13 112 196 456 58 25 43 32 40 36 39 10 65 75 92 15 54 97 31 57 15 19 28 73 11 15 128 136 139 52 109 37 128 16 55 91 38 106 103 53 28 97 74 35 28 19 141 54 39 28 168 18 44 127 59 48 17 25 17 105 18 167 40
internal_value=-0.000134298 -0.0135779 -0.00612902 0.00614885 -0.00342014 0.0334479 -0.0346362 -0.0280387 -0.015835 0.0144089 0.0460808 0.0404661 -0.0213229 -0.013623 -0.0213413 0.000925763 -0.0952363 -0.037696 -0.00189368 -0.0385798 -0.0433899 0.0312411 0.0178686 0.0469701 0.0420462 -0.0415087 -0.0447354 -0.040821 -0.0486232 -0.0233165 -0.0419224 0.0427639 0.0171609 -0.0262282 0.0514887 -0.0189245 -0.0430994 -0.0477374 -0.0372483 -0.0759336 -0.0889011 -0.0399182 0.0622022 0.00807777 -0.0587283 -0.029212 -0.055055 -0.000261751 0.0446641 -0.0216718 -0.00630032 0.0469792 -0.0473212 0.0244398 0.0210139 0.00419118 -0.112775 -0.0959994 -0.0263645 0.0162667 0.00380578 -0.0128687 0.0194231 0.00332995 0.00664949 -0.0300723 -0.0350795 -0.0245924 -0.0260025 0.0229155 -0.0337799 0.0259118 -0.0318673 0.0283281 0.0488266 0.030077 0.0334928 -0.00811154 0.00395123 0.0448159 -0.00978561 -0.0658658 -0.0481769 -0.0523841 -0.0152633 0.0728945 0.0386676 -0.017468 -0.0530072 -0.00454899 -0.00843274 -0.0910364 0.0322245 -0.040779 -0.00811606 0.0175843 -0.0131259 0.0110198 0.0116019 -0.0160301 0.000345385 -0.0338107 0.00922186 -0.0322153 0.0265346 -0.0141259 0.0171846 0.0217994 -0.0127491 0.0595824 -0.0361307
internal_weight=6966 4975 3802 2658 2108 1991 1144 1033 1315 795 1196 991 1096 799 660 442 111 1173 132 675 899 353 178 859 652 868 736 656 465 132 297 550 793 23 281 274 269 229 147 80 81 384 207 391 77 159 228 107 175 191 391 508 225 144 615 324 88 48 77 23 178 104 119 27 284 447 197 111 250 139 215 120 153 194 152 179 269 358 230 71 306 82 86 167 48 205 130 165 51 367 171 52 55 43 152 421 70 77 219 40 153 142 124 122 67 153 45 159 38 193 187
internal_count=6966 4975 3802 2658 2108 1991 1144 1033 1315 795 1196 991 1096 799 660 442 111 1173 132 675 899 353 178 859 652 868 736 656 465 132 297 550 793 23 281 274 269 229 147 80 81 384 207 391 77 159 228 107 175 191 391 508 225 144 615 324 88 48 77 23 178 104 119 27 284 447 197 111 250 139 215 120 153 194 152 179 269 358 230 71 306 82 86 167 48 205 130 165 51 367 171 52 55 43 152 421 70 77 219 40 153 142 124 122 67 153 45 159 38 193 187
is_linear=0
shrinkage=0.05


end of trees

feature_importances:
Column_9=267
Column_2=68
Column_0=26
Column_5=15
Column_3=14
Column_7=14
Column_4=13
Column_6=13
Column_1=11
Column_8=3

parameters:
[boosting: gbdt]
[objective: regression]
[metric: l2]
[tree_learner: serial]
[device_type: cpu]
[data_sample_strategy: bagging]
[data: ]
[valid: ]
[num_iterations: 600]
[learning_rate: 0.05]
[num_leaves: 112]
[num_threads: 16]
[seed: 2023]
[deterministic: 0]
[force_col_wise: 0]
[force_row_wise: 0]
[histogram_pool_size: -1]
[max_depth: 20]
[min_data_in_leaf: 10]
[min_sum_hessian_in_leaf: 0.001]
[bagging_fraction: 0.9]
[pos_bagging_fraction: 1]
[neg_bagging_fraction: 1]
[bagging_freq: 1]
[bagging_seed: 26561]
[bagging_by_query: 0]
[feature_fraction: 0.85]
[feature_fraction_bynode: 1]
[feature_fraction_seed: 22040]
[extra_trees: 0]
[extra_seed: 25715]
[early_stopping_round: 0]
[early_stopping_min_delta: 0]
[first_metric_only: 0]
[max_delta_step: 0]
[lambda_l1: 0]
[lambda_l2: 1]
[linear_lambda: 0]
[min_gain_to_split: 0]
[drop_rate: 0.1]
[max_drop: 50]
[skip_drop: 0.5]
[xgboost_dart_mode: 0]
[uniform_drop: 0]
[drop_seed: 17353]
[top_rate: 0.2]
[other_rate: 0.1]
[min_data_per_group: 100]
[max_cat_threshold: 32]
[cat_l2: 10]
[cat_smooth: 10]
[max_cat_to_onehot: 4]
[top_k: 20]
[monotone_constraints: ]
[monotone_constraints_method: basic]
[monotone_penalty: 0]
[feature_contri: ]
[forcedsplits_filename: ]
[refit_decay_rate: 0.9]
[cegb_tradeoff: 1]
[cegb_penalty_split: 0]
[cegb_penalty_feature_lazy: ]
[cegb_penalty_feature_coupled: ]
[path_smooth: 0]
[interaction_constraints: ]
[verbosity: 1]
[saved_feature_importance_type: 0]
[use_quantized_grad: 0]
[num_grad_quant_bins: 4]
[quant_train_renew_leaf: 0]
[stochastic_rounding: 1]
[linear_tree: 0]
[max_bin: 255]
[max_bin_by_feature: ]
[min_data_in_bin: 3]
[bin_construct_sample_cnt: 200000]
[data_random_seed: 6644]
[is_enable_sparse: 1]
[enable_bundle: 1]
[use_missing: 1]
[zero_as_missing: 0]
[feature_pre_filter: 1]
[pre_partition: 0]
[two_round: 0]
[header: 0]
[label_column: ]
[weight_column: ]
[group_column: ]
[ignore_column: ]
[categorical_feature: ]
[forcedbins_filename: ]
[precise_float_parser: 0]
[parser_config_file: ]
[objective_seed: 2023]
[num_class: 1]
[is_unbalance: 0]
[scale_pos_weight: 1]
[sigmoid: 1]
[boost_from_average: 1]
[reg_sqrt: 0]
[alpha: 0.9]
[fair_c: 1]
[poisson_max_delta_step: 0.7]
[tweedie_variance_power: 1.5]
[lambdarank_truncation_level: 30]
[lambdarank_norm: 1]
[label_gain: ]
[lambdarank_position_bias_regularization: 0]
[eval_at: ]
[multi_error_top_k: 1]
[auc_mu_weights: ]
[num_machines: 1]
[local_listen_port: 12400]
[time_out: 120]
[machine_list_filename: ]
[machines: ]
[gpu_platform_id: -1]
[gpu_device_id: -1]
[gpu_use_dp: 0]
[num_gpu: 1]

end of parameters

pandas_categorical:null
