tree
version=v4
num_class=1
num_tree_per_iteration=1
label_index=0
max_feature_idx=9
objective=regression
feature_names=Column_0 Column_1 Column_2 Column_3 Column_4 Column_5 Column_6 Column_7 Column_8 Column_9
feature_infos=[-4.9281487464904785:0.63685661554336548] [-2.6146364212036133:3.7100627422332764] [-5.1990861892700195:1.272971510887146] [-2.2269694805145264:2.5527749061584473] [-5.5711894035339355:1.3641557693481445] [-1.9902403354644775:2.1465384960174561] [-1.982926607131958:1.6860036849975586] [-2.3018357753753662:1.4582350254058838] [-2.4405524730682373:1.9915002584457397] [-1.7305047512054443:1.7332621812820435]
tree_sizes=5621 5636 5634

Tree=0
num_leaves=64
num_cat=0
split_feature=9 9 9 9 9 5 9 9 9 9 9 9 9 9 6 9 3 8 9 9 0 9 9 9 9 9 9 9 9 9 9 9 2 9 9 9 9 1 3 9 6 2 9 6 9 1 9 9 9 9 2 5 3 9 1 9 2 5 3 4 9 2 9
split_gain=1736.11 494.492 699.705 516.887 290.559 254.885 218.647 114.968 105.76 98.383 152.133 94.6675 90.7776 117.724 66.3556 60.9378 58.6576 56.5491 50.6776 46.5297 43.0774 53.2281 48.2122 54.2907 70.7 37.1668 33.1033 30.5006 27.3748 24.7345 24.6275 22.2501 19.0706 16.8856 16.6262 26.348 13.0418 11.7172 10.3116 9.59759 9.00937 8.333 7.35734 7.08533 9.80411 9.38132 7.06175 6.68643 3.4822 3.4484 3.41191 3.22447 3.19262 2.9357 2.93341 2.80666 2.39522 2.19541 2.55515 2.16793 1.83402 1.70645 1.67434
threshold=0.73065117001533519 -1.1392327547073362 0.16489368677139285 -0.10666989907622336 -0.75407394766807545 1.0197294950485232 0.21991638094186786 0.5500524938106538 -0.21316542476415631 1.6269885301589968 1.5604287981987002 1.1708326339721682 -0.35959677398204798 -0.42615647614002222 0.10028097406029703 1.6003646254539492 1.9201549887657168 -1.3927702903747556 0.44000713527202612 1.102054297924042 0.45280016958713537 -1.6481926441192625 -1.6069256067275999 -1.5106359124183653 -1.4693688750267027 1.0195202827453616 1.4539332389831545 0.99200892448425304 -0.31966094672679896 -1.1117213964462278 0.027336971834301952 0.12362667545676233 0.024168025236576799 1.3740616440773012 -1.249278128147125 -1.3318121433258054 0.46751846373081213 -0.90169563889503468 -1.0320318043231962 0.75816252827644359 1.3439886569976809 0.56712579727172863 1.5338048934936526 0.16246472299098971 0.24742772430181506 1.2065384984016421 -1.6757040023803709 1.4273093938827517 0.7031398117542268 -0.86411932110786427 0.58884355425834667 -0.73994550108909596 1.0000000180025095e-35 -0.040110195055603974 1.0000000180025095e-35 1.6536123752593996 0.78430870175361644 0.58752840757370006 1.3578336834907534 -1.1438745856285093 -0.080046016722917543 0.89290067553520214 0.05484831519424916
decision_type=2 2 2 2 2 2 2 2 2 2 2 2 2 2 2 2 2 2 2 2 2 2 2 2 2 2 2 2 2 2 2 2 2 2 2 2 2 2 2 2 2 2 2 2 2 2 2 2 2 2 2 2 2 2 2 2 2 2 2 2 2 2 2
left_child=1 17 3 4 29 11 14 18 12 10 26 19 13 -6 -4 41 33 34 43 25 21 46 52 38 -25 -2 27 39 -14 -3 53 62 -27 40 35 -1 -20 51 -24 -7 57 -12 -28 44 -8 -45 -19 56 50 -39 -9 -31 -23 60 -34 -11 -29 -13 -59 -10 -5 -52 -32
right_child=5 2 6 30 8 9 7 48 59 55 15 16 28 -15 -16 -17 -18 20 36 -21 -22 22 23 24 -26 32 42 47 -30 37 31 -33 54 -35 -36 -37 -38 49 -40 -41 -42 -43 -44 45 -46 -47 -48 -49 -50 -51 61 -53 -54 -55 -56 -57 -58 58 -60 -61 -62 -63 -64
leaf_value=-0.044462817663978096 0.062268142901078689 -0.012697289851067172 -0.159585374124289 0.043150324311977933 -0.029644053515396309 0.041424994306541833 -0.053702212643322568 -0.0077063478000368949 0.027007474434250792 0.084205792645346458 -0.015608375275224962 -0.012137286731951904 -0.088533860367235762 0.031439355078857895 -0.064919778876288914 0.045093366855997408 -0.054820451988617652 -0.034365384552140756 -0.10423390512528052 0.071744924160262374 -0.10622795504500193 -0.089673011910614595 -0.023395311445210797 -0.12319126852720699 -0.056949840117158 -0.020618994166802438 0.092866192833127609 0.016793949067937599 -0.04674848655324567 0.025798003529141553 0.070922813683432409 0.045792601299443042 0.014587546996560842 0.037975619907539691 -0.059880450879890912 -0.0098903700641460868 -0.06784396930024536 0.024014067768120411 -0.057487404630564586 0.068739176128018081 0.021814824231680796 -0.05442274905413113 0.064175126022130297 -0.03940246777011721 -0.02353127269295633 -0.064176369571518954 -0.0050318876853930206 0.052305495037324623 0.0022463534659084915 0.043900282018618765 -0.024197054381372821 0.015943017562818327 -0.12219121905942239 0.040437153667053818 0.037083013575261538 0.10629330410076684 0.035954291310733064 0.0055408902296273221 -0.010905499312951135 0.012486249499741491 0.060717421859345068 -0.0094015738474922603 0.088721013153235911
leaf_weight=161 68 61 73 50 667 58 55 161 48 55 40 47 79 136 45 56 55 59 51 135 71 44 148 74 279 51 162 58 215 338 57 82 47 67 70 157 170 45 41 443 86 41 54 172 138 88 59 51 57 151 110 196 40 142 40 160 43 162 42 172 77 40 141
leaf_count=161 68 61 73 50 667 58 55 161 48 55 40 47 79 136 45 56 55 59 51 135 71 44 148 74 279 51 162 58 215 338 57 82 47 67 70 157 170 45 41 443 86 41 54 172 138 88 59 51 57 151 110 196 40 142 40 160 43 162 42 172 77 40 141
internal_value=-2.77674e-05 -0.0189319 -0.00835428 0.00862169 -0.00489112 0.0469146 -0.047212 -0.0383676 -0.0221487 0.0641548 0.0561752 0.0205545 -0.029759 -0.0192724 -0.124333 -0.0025752 0.00274331 -0.0524587 -0.0530785 0.044451 -0.0614498 -0.0570398 -0.0640045 -0.057248 -0.0711449 0.026304 0.0654297 0.0584969 -0.0582386 0.023834 0.0604215 0.0729989 0.00826199 0.010696 -0.0334632 -0.0274785 -0.0766733 0.0268998 -0.0310546 0.0656659 0.00517612 -0.0356793 0.0860222 -0.041424 -0.0323617 -0.0480012 -0.0198642 0.0345929 -0.0113536 0.0394796 -0.0138454 0.0222174 -0.106413 0.0471079 0.0252342 0.101059 0.0252238 -0.000588739 0.00211819 0.0157624 0.0541924 -0.02034 0.0839794
internal_weight=7041 5020 3817 2657 2108 2021 1160 1042 1317 1221 1006 800 1097 803 118 137 459 1203 674 341 815 744 626 542 353 206 869 653 294 791 549 280 138 404 388 318 221 730 189 501 337 81 216 453 193 260 118 152 368 196 311 534 84 269 87 215 101 251 204 220 127 150 198
internal_count=7041 5020 3817 2657 2108 2021 1160 1042 1317 1221 1006 800 1097 803 118 137 459 1203 674 341 815 744 626 542 353 206 869 653 294 791 549 280 138 404 388 318 221 730 189 501 337 81 216 453 193 260 118 152 368 196 311 534 84 269 87 215 101 251 204 220 127 150 198
is_linear=0
shrinkage=1


Tree=1
num_leaves=64
num_cat=0
split_feature=9 9 9 9 9 5 9 9 9 9 9 9 9 9 9 7 9 9 6 9 9 9 9 9 9 9 9 9 9 9 9 9 9 9 9 9 2 4 9 9 5 9 9 6 9 1 6 6 9 9 2 0 2 0 9 9 5 4 2 6 4 9 0
split_gain=1482.28 423.706 580.681 446 259.265 234.44 187.833 97.3289 94.4755 91.3765 92.1487 85.613 132.872 81.574 103.367 57.7964 53.0775 45.1114 44.6268 33.8158 41.9332 32.9785 57.6044 41.4951 49.9453 78.6491 30.9129 25.6185 23.6228 20.0958 19.8549 17.8121 17.202 14.1083 10.5149 9.95003 9.72666 8.52753 8.32186 7.79784 7.30219 7.2176 7.20529 5.96045 8.01141 7.96061 4.89143 3.82611 2.92093 2.83408 3.23053 2.72255 2.57956 2.63453 2.3091 2.11944 2.00312 1.90939 1.40684 1.31661 1.04539 0.995925 0.724565
threshold=0.73065117001533519 -1.1392327547073362 0.16489368677139285 -0.10666989907622336 -0.75407394766807545 1.0197294950485232 0.21991638094186786 0.5500524938106538 -0.21316542476415631 1.1845883131027224 1.2143183350563052 1.6269885301589968 1.5604287981987002 -0.35959677398204798 -0.42615647614002222 -1.5581775307655332 1.6003646254539492 0.44000713527202612 0.10028097406029703 1.0882986783981325 1.0195202827453616 -1.7032153010368345 -1.6481926441192625 -1.6069256067275999 -1.5106359124183653 -1.4693688750267027 1.4539332389831545 1.0195202827453616 -0.31966094672679896 -1.1117213964462278 0.027336971834301952 0.12362667545676233 -1.3318121433258054 1.3740616440773012 0.46751846373081213 -0.86411932110786427 0.024168025236576799 -0.066345751285552965 1.4273093938827517 -0.79534095525741566 0.55665695667266857 1.5338048934936526 0.75816252827644359 0.16246472299098971 0.24742772430181506 1.2065384984016421 1.3439886569976809 -1.8274627923965452 -0.040110195055603974 0.7031398117542268 0.58884355425834667 0.19295527786016467 0.19791434705257419 0.27957032620906835 -0.080046016722917543 1.6536123752593996 -0.46210168302059168 -1.1438745856285093 0.89290067553520214 0.5977628529071809 1.0442760586738589 0.05484831519424916 0.30122427642345434
decision_type=2 2 2 2 2 2 2 2 2 2 2 2 2 2 2 2 2 2 2 2 2 2 2 2 2 2 2 2 2 2 2 2 2 2 2 2 2 2 2 2 2 2 2 2 2 2 2 2 2 2 2 2 2 2 2 2 2 2 2 2 2 2 2
left_child=1 15 3 4 29 9 18 17 13 19 -11 12 26 14 -6 32 -14 43 -4 20 -2 -17 47 -24 37 -26 27 42 -15 -3 48 61 62 40 -19 51 -22 -25 -29 -37 -12 -28 -7 44 -8 -45 60 -23 54 50 -9 -31 -21 -54 -5 -13 -34 -10 -52 -36 -42 -32 -1
right_child=5 2 6 30 8 11 7 49 57 10 33 55 16 28 -16 21 -18 34 -20 52 36 22 23 24 25 -27 41 38 -30 35 31 -33 56 -35 59 39 -38 -39 -40 -41 46 -43 -44 45 -46 -47 -48 -49 -50 -51 58 -53 53 -55 -56 -57 -58 -59 -60 -61 -62 -63 -64
leaf_value=-0.046053987475762878 0.058481499604556869 -0.011183509247030241 -0.14795921241459639 0.039551027433739769 -0.027910224786786567 0.039124914535454337 -0.049276665668738513 -0.0064785382022286295 0.025355823000892997 -0.071776676071541645 -0.018171658883137362 0.079881876309712732 -0.035080626942217349 -0.082279991124357493 0.030507445827211811 -0.10249952409002515 0.04188833862272176 -0.09572643574801358 -0.066816005606290904 0.072430970313701215 -0.019820954427123068 -0.027601477305094397 -0.098753958378325804 -0.022226526681154678 -0.11690552758759465 -0.052678928348422048 0.087510890112203712 0.018194785268220583 -0.044197530028703684 0.017410246206532899 0.066713860690593707 0.043290220402091378 -0.023747737157846921 0.034955666011997628 -0.069133420091994274 0.044748224448814669 0.015594003782370837 -0.052812691448732858 0.04882954802896295 0.021155397355227784 0.0064147383281639931 0.058705402297132156 0.063525912830718109 -0.036897327373129979 -0.022261748231061688 -0.060766590948288256 0.021544693434828673 -0.0051445862850717575 0.037262426442570155 0.0022228383972209744 -0.022620369774412431 0.027154313375866865 0.060223806488017242 0.041002607750442788 0.057925324916839598 0.10028929953391735 -0.0089009545666233793 0.011784623736790048 -0.0091961690251316335 -0.054200207457613586 -0.0031933743043459561 0.081884781008257579 -0.03466126507414239
leaf_weight=82 68 58 68 53 653 55 56 156 49 55 41 53 77 83 130 53 54 54 42 46 52 44 87 155 86 349 169 79 218 337 59 82 45 69 93 138 58 42 55 84 144 50 448 172 142 77 76 71 134 55 105 157 89 52 79 155 122 167 41 66 56 135 55
leaf_count=82 68 58 68 53 653 55 56 156 49 55 41 53 77 83 130 53 54 54 42 46 52 44 87 155 86 349 169 79 218 337 59 82 45 69 93 138 58 42 55 84 144 50 448 172 142 77 76 71 134 55 105 157 89 52 79 155 122 167 41 66 56 135 55
internal_value=4.85134e-05 -0.0176167 -0.00769315 0.00782037 -0.00485135 0.0435938 -0.0436782 -0.0355469 -0.0212144 0.0185546 0.000161197 0.0604526 0.0529783 -0.028431 -0.0181847 -0.0487712 -0.00327599 -0.0491833 -0.117858 0.0407167 0.0218143 -0.0565141 -0.0534725 -0.0597737 -0.0542602 -0.0656156 0.0615811 0.0547087 -0.0549364 0.0226238 0.0562292 0.0676255 -0.026068 0.0105704 -0.0719388 0.0253741 -0.00117535 -0.0289812 0.0310373 0.0359561 0.00516933 0.081231 0.0609407 -0.0382036 -0.0301116 -0.0444921 0.00868973 -0.0139007 0.0441955 -0.01027 -0.012545 0.0205556 0.0584975 0.0534738 0.0509006 0.0954964 -0.0130191 0.0149659 -0.0189388 -0.0633122 0.00372196 0.0776367 -0.0417646
internal_weight=6935 4934 3743 2616 2074 2001 1127 1017 1300 806 441 1195 987 1084 783 1191 131 660 110 365 178 887 834 719 632 435 856 637 301 774 542 276 304 386 213 716 110 197 134 222 317 219 503 447 198 249 276 115 266 357 302 494 187 141 132 208 167 216 146 159 200 194 137
internal_count=6935 4934 3743 2616 2074 2001 1127 1017 1300 806 441 1195 987 1084 783 1191 131 660 110 365 178 887 834 719 632 435 856 637 301 774 542 276 304 386 213 716 110 197 134 222 317 219 503 447 198 249 276 115 266 357 302 494 187 141 132 208 167 216 146 159 200 194 137
is_linear=0
shrinkage=0.06


Tree=2
num_leaves=64
num_cat=0
split_feature=9 9 9 9 9 5 9 9 9 9 9 9 9 7 7 7 9 6 9 0 9 9 9 9 9 9 9 1 9 9 9 9 2 9 9 1 9 3 6 6 9 1 9 3 9 9 5 9 9 9 5 2 9 6 9 3 1 3 9 6 2 9 9
split_gain=1337.19 380.62 554.165 413.961 229.251 211.804 167.362 94.1109 91.4143 85.7783 81.2461 80.1161 124.411 75.0421 53.1994 51.3028 46.9466 44.6055 39.797 30.5861 32.5801 39.625 35.4939 61.0088 26.2637 33.5321 25.2007 20.3204 19.3042 18.6536 18.507 17.0613 14.7584 14.4802 10.5396 9.62097 9.59097 9.291 7.99531 6.60593 7.30073 6.65695 4.72334 4.25754 3.95938 3.91095 3.70897 3.12801 3.05146 3.01538 2.91788 2.86445 2.74005 2.49248 2.44545 2.35535 2.04904 1.95033 1.80913 1.39097 1.16436 1.05587 0.992525
threshold=0.73065117001533519 -1.1392327547073362 0.16489368677139285 -0.10666989907622336 -0.75407394766807545 1.0506009459495547 0.21991638094186786 0.5500524938106538 1.1845883131027224 1.2143183350563052 -0.21316542476415631 1.6269885301589968 1.5604287981987002 -1.4746205210685728 -1.5748887658119199 -0.070860028266906724 1.6003646254539492 0.10028097406029703 0.44000713527202612 0.47445386648178106 -1.6481926441192625 -1.6069256067275999 -1.5106359124183653 -1.4693688750267027 1.102054297924042 1.0195202827453616 1.4539332389831545 -0.63816359639167775 0.027336971834301952 -1.1117213964462278 -1.3318121433258054 0.12362667545676233 0.024168025236576799 1.3740616440773012 0.46751846373081213 -0.90169563889503468 -1.6757040023803709 -1.0320318043231962 1.3439886569976809 0.16246472299098971 0.24742772430181506 1.2065384984016421 1.5338048934936526 1.0000000180025095e-35 0.99200892448425304 1.4273093938827517 0.58752840757370006 1.6802362799644472 -0.58900588750839222 0.7031398117542268 -0.73994550108909596 0.58884355425834667 -0.86411932110786427 1.2818019390106203 -0.040110195055603974 1.9201549887657168 -0.37463472038507456 1.0000000180025095e-35 -0.080046016722917543 -0.08627621084451674 0.65399897098541271 0.05484831519424916 -0.1865415424108505
decision_type=2 2 2 2 2 2 2 2 2 2 2 2 2 2 2 2 2 2 2 2 2 2 2 2 2 2 2 2 2 2 2 2 2 2 2 2 2 2 2 2 2 2 2 2 2 2 2 2 2 2 2 2 2 2 2 2 2 2 2 2 2 2 2
left_child=1 14 3 4 29 8 17 18 24 -10 13 12 26 48 30 -15 -14 -4 39 20 36 43 37 -24 25 44 27 57 54 -3 -1 61 -27 38 -20 50 -16 -23 46 40 -8 -41 -28 -22 -2 53 -11 -13 -6 51 -31 -9 -37 -29 58 -26 -34 -7 -5 62 -35 -30 -12
right_child=5 2 6 28 10 11 7 49 9 33 59 47 16 15 19 -17 -18 -19 34 -21 21 22 23 -25 55 32 42 45 31 35 -32 -33 56 60 -36 52 -38 -39 -40 41 -42 -43 -44 -45 -46 -47 -48 -49 -50 -51 -52 -53 -54 -55 -56 -57 -58 -59 -60 -61 -62 -63 -64
leaf_value=-0.039916882399522083 0.067932502508163448 -0.01136335682060759 -0.14084843199018021 0.037678964170542631 -0.0077954927331789639 0.059513891557897679 -0.046775185936375668 -0.0062842642287460138 -0.067678830243390178 -0.014777706404796467 0.010932756849264693 0.080200723260641094 -0.03313396311539691 -0.057633548632100982 -0.037185460048494857 -0.024949558067864204 0.038879276543855666 -0.059261499192656539 -0.090981000641645007 -0.096198876907950953 -0.076243641928928657 -0.01995892908293884 -0.1108444299357278 -0.0493945013123041 0.045909540502862493 -0.017991432271459523 0.082456779097611038 0.033934879515852244 0.062895726733288526 0.023014266108757397 -0.010243081877727739 0.040740137387599268 0.013572627434659066 0.024576686264538183 -0.059732237151282987 0.021886918852105735 -0.0034337047982361106 -0.050816812738776203 0.020814359179776476 -0.036065852523044964 -0.020940325658055061 -0.056831769871970882 0.058636901213063128 -0.11038230938570841 0.041003886365890502 0.044838705670375088 0.0030839315852871042 0.098651045446810512 0.0036174441224446504 0.0028147618057297874 0.013718808898679324 -0.01811106748070241 0.039022305342187355 0.013121575630553391 0.03541534776157803 0.063887967134063889 0.032232142559119638 0.042857853148087134 0.053937396279403138 0.0071849272715044203 0.040605602369802755 0.077658064579963687 0.021498416773974894
leaf_weight=141 44 58 70 54 214 438 56 158 57 52 58 111 79 273 63 477 54 40 58 56 40 142 69 378 54 50 158 41 58 331 164 83 48 40 166 49 58 47 82 171 140 91 53 41 49 51 198 114 138 60 202 140 153 45 134 109 41 40 83 79 40 149 83
leaf_count=141 44 58 70 54 214 438 56 158 57 52 58 111 79 273 63 477 54 40 58 56 40 142 69 378 54 50 158 41 58 331 164 83 48 40 166 49 58 47 82 171 140 91 53 41 49 51 198 114 138 60 202 140 153 45 134 109 41 40 83 79 40 149 83
internal_value=0.000339047 -0.016316 -0.0070669 0.00790433 -0.00425614 0.0411921 -0.0418809 -0.0343659 0.0185737 0.000649314 -0.0195503 0.0576677 0.0500093 -0.0261928 -0.0457993 -0.0369074 -0.00382356 -0.111982 -0.0474287 -0.0531853 -0.0501996 -0.0550627 -0.0498791 -0.0591063 0.0398008 0.0266455 0.0586714 0.0523445 0.053676 0.021233 -0.0240468 0.064542 0.00786604 0.0102435 -0.0681918 0.0238172 -0.0211677 -0.0278597 0.00467891 -0.0371473 -0.0285217 -0.0434671 0.0767784 -0.0946591 0.0543315 0.0315976 -0.000675363 0.089944 -0.00332353 -0.00941827 0.0195237 -0.0118825 0.034994 0.0233202 0.0418535 0.0582482 0.0224312 0.0582125 0.0478484 0.0136909 0.0329935 0.073844 0.0172599
internal_weight=7073 5025 3826 2676 2115 2048 1150 1040 864 469 1322 1184 959 1102 1199 750 133 110 682 894 838 717 636 447 395 232 826 615 561 793 305 290 139 412 224 735 121 189 332 458 196 262 211 81 93 137 250 225 352 358 533 298 202 86 271 163 89 478 137 220 80 207 141
internal_count=7073 5025 3826 2676 2115 2048 1150 1040 864 469 1322 1184 959 1102 1199 750 133 110 682 894 838 717 636 447 395 232 826 615 561 793 305 290 139 412 224 735 121 189 332 458 196 262 211 81 93 137 250 225 352 358 533 298 202 86 271 163 89 478 137 220 80 207 141
is_linear=0
shrinkage=0.06


end of trees

feature_importances:
Column_9=125
Column_6=13
Column_2=12
Column_5=9
Column_1=8
Column_3=8
Column_0=5
Column_4=4
Column_7=4
Column_8=1

parameters:
[boosting: gbdt]
[objective: regression]
[metric: l2]
[tree_learner: serial]
[device_type: cpu]
[data_sample_strategy: bagging]
[data: ]
[valid: ]
[num_iterations: 600]
[learning_rate: 0.06]
[num_leaves: 64]
[num_threads: 16]
[seed: 2023]
[deterministic: 0]
[force_col_wise: 0]
[force_row_wise: 0]
[histogram_pool_size: -1]
[max_depth: 8]
[min_data_in_leaf: 40]
[min_sum_hessian_in_leaf: 0.001]
[bagging_fraction: 0.9]
[pos_bagging_fraction: 1]
[neg_bagging_fraction: 1]
[bagging_freq: 1]
[bagging_seed: 26561]
[bagging_by_query: 0]
[feature_fraction: 0.85]
[feature_fraction_bynode: 1]
[feature_fraction_seed: 22040]
[extra_trees: 0]
[extra_seed: 25715]
[early_stopping_round: 0]
[early_stopping_min_delta: 0]
[first_metric_only: 0]
[max_delta_step: 0]
[lambda_l1: 0]
[lambda_l2: 1]
[linear_lambda: 0]
[min_gain_to_split: 0]
[drop_rate: 0.1]
[max_drop: 50]
[skip_drop: 0.5]
[xgboost_dart_mode: 0]
[uniform_drop: 0]
[drop_seed: 17353]
[top_rate: 0.2]
[other_rate: 0.1]
[min_data_per_group: 100]
[max_cat_threshold: 32]
[cat_l2: 10]
[cat_smooth: 10]
[max_cat_to_onehot: 4]
[top_k: 20]
[monotone_constraints: ]
[monotone_constraints_method: basic]
[monotone_penalty: 0]
[feature_contri: ]
[forcedsplits_filename: ]
[refit_decay_rate: 0.9]
[cegb_tradeoff: 1]
[cegb_penalty_split: 0]
[cegb_penalty_feature_lazy: ]
[cegb_penalty_feature_coupled: ]
[path_smooth: 0]
[interaction_constraints: ]
[verbosity: 1]
[saved_feature_importance_type: 0]
[use_quantized_grad: 0]
[num_grad_quant_bins: 4]
[quant_train_renew_leaf: 0]
[stochastic_rounding: 1]
[linear_tree: 0]
[max_bin: 255]
[max_bin_by_feature: ]
[min_data_in_bin: 3]
[bin_construct_sample_cnt: 200000]
[data_random_seed: 6644]
[is_enable_sparse: 1]
[enable_bundle: 1]
[use_missing: 1]
[zero_as_missing: 0]
[feature_pre_filter: 1]
[pre_partition: 0]
[two_round: 0]
[header: 0]
[label_column: ]
[weight_column: ]
[group_column: ]
[ignore_column: ]
[categorical_feature: ]
[forcedbins_filename: ]
[precise_float_parser: 0]
[parser_config_file: ]
[objective_seed: 2023]
[num_class: 1]
[is_unbalance: 0]
[scale_pos_weight: 1]
[sigmoid: 1]
[boost_from_average: 1]
[reg_sqrt: 0]
[alpha: 0.9]
[fair_c: 1]
[poisson_max_delta_step: 0.7]
[tweedie_variance_power: 1.5]
[lambdarank_truncation_level: 30]
[lambdarank_norm: 1]
[label_gain: ]
[lambdarank_position_bias_regularization: 0]
[eval_at: ]
[multi_error_top_k: 1]
[auc_mu_weights: ]
[num_machines: 1]
[local_listen_port: 12400]
[time_out: 120]
[machine_list_filename: ]
[machines: ]
[gpu_platform_id: -1]
[gpu_device_id: -1]
[gpu_use_dp: 0]
[num_gpu: 1]

end of parameters

pandas_categorical:null
