tree
version=v4
num_class=1
num_tree_per_iteration=1
label_index=0
max_feature_idx=9
objective=regression
feature_names=Column_0 Column_1 Column_2 Column_3 Column_4 Column_5 Column_6 Column_7 Column_8 Column_9
feature_infos=[-4.9281487464904785:0.63685661554336548] [-2.6146364212036133:3.7100627422332764] [-5.1990861892700195:1.272971510887146] [-2.2269694805145264:2.5527749061584473] [-5.5711894035339355:1.3641557693481445] [-1.9902403354644775:2.1465384960174561] [-1.982926607131958:1.6860036849975586] [-2.3018357753753662:1.4582350254058838] [-2.4405524730682373:1.9915002584457397] [-1.7305047512054443:1.7332621812820435]
tree_sizes=5624 5628 5637 5644 5615 5646 5651 5648

Tree=0
num_leaves=64
num_cat=0
split_feature=9 9 9 9 8 9 9 1 9 9 9 9 3 9 9 9 4 0 9 9 2 9 9 9 9 9 1 9 9 9 6 2 6 6 9 9 9 6 5 2 5 9 9 4 9 9 9 2 9 9 3 9 9 9 9 9 3 6 4 2 2 9 2
split_gain=1413.2 714.006 883.194 357.232 257.426 223.802 219.49 193.266 125.334 202.302 91.3397 127.608 90.4032 95.3065 79.0113 88.209 65.4845 63.798 60.6524 82.4421 47.7837 43.906 55.9772 43.2501 42.6043 67.9073 37.1657 33.1516 30.6905 41.3429 26.6332 24.2399 20.8186 20.2765 18.0528 17.8633 15.8969 14.3434 13.7723 11.5944 11.2556 10.2602 8.41903 7.94443 7.44296 7.11639 6.66598 6.58749 6.11576 5.19608 5.06652 4.78186 4.75207 3.54402 4.97824 4.89081 3.40975 2.65467 2.07723 1.96007 1.77427 1.70467 1.6542
threshold=0.82694086432456981 0.26118339598178869 -1.0429430603981016 -0.01348631316795945 0.40732413530349737 0.3024504035711289 -0.67153990268707264 1.0000000180025095e-35 -1.6757040023803709 -1.6344369649887083 -1.373079180717468 -1.4143462181091306 2.0607353448867802 1.5338048934936526 1.2675660848617556 1.3075019121170046 -0.13390543684363362 0.30122427642345434 1.102054297924042 0.90947490930557262 0.56712579727172863 -0.35959677398204798 -0.27972511947154993 -0.63027289509773243 0.63436147570610057 0.52254116535186779 1.2065384984016421 0.21991638094186786 -1.1667441129684446 -1.249278128147125 -0.39720386266708368 0.15447776764631274 0.10028097406029703 0.038097223732620485 0.5500524938106538 1.6802362799644472 1.4539332389831545 1.2196152210235598 0.98885804414749157 0.63228118419647228 0.24794243276119235 -1.0704543590545652 0.7994295358657838 1.1456176638603213 0.97825327515602123 -0.50647184252738942 -1.7032153010368345 0.089323412626981749 0.44000713527202612 0.027336971834301952 -0.75087112188339222 0.67562848329544078 1.3873735666275027 -1.0154317021369932 -0.94665333628654469 -0.90538632869720448 0.79551240801811229 1.4683561325073244 0.87606266140937816 0.52368924021720897 -0.12786052748560903 1.0745429992675783 0.84946307539939891
decision_type=2 2 2 2 2 2 2 2 2 2 2 2 2 2 2 2 2 2 2 2 2 2 2 2 2 2 2 2 2 2 2 2 2 2 2 2 2 2 2 2 2 2 2 2 2 2 2 2 2 2 2 2 2 2 2 2 2 2 2 2 2 2 2
left_child=1 2 8 6 14 20 53 17 46 47 11 16 13 18 43 39 -11 23 19 -6 -3 45 -23 -8 25 32 -15 33 29 -12 -19 -13 59 49 -27 38 37 -20 -14 -16 50 -30 51 -2 -21 -9 -1 -10 -42 -5 -34 -26 -17 -4 -55 -56 -29 -38 -39 -7 -51 -46 -53
right_child=4 5 3 27 12 24 7 21 9 10 28 31 35 26 15 52 -18 30 36 44 -22 22 -24 -25 42 34 -28 56 41 -31 -32 -33 40 -35 -36 -37 57 58 -40 -41 48 -43 -44 -45 61 -47 -48 -49 -50 60 -52 62 -54 54 55 -57 -58 -59 -60 -61 -62 -63 -64
leaf_value=0.033645815350361263 0.046499576449073904 -0.19846524608952448 0.01508883406442404 0.068777121688981147 0.030377297618661165 -0.0093389086588789496 -0.092935748339189592 -0.018468720191428683 -0.11029787605925091 -0.027994914837518852 -0.031424187649811433 -0.16041277501338924 0.023199427926888855 0.051427927452554853 -0.041945173661125192 0.002210293126160839 -0.074626253402047163 0.0093729215882932884 0.044443788854481914 0.069135673043179802 -0.10327434508410153 0.049962253496056735 0.0067157765069699492 -0.040279492928634975 -0.025237569169996039 -0.11778417964458252 0.10380782565829406 0.010267991195759343 -0.049192682579611312 0.0075785499984961108 -0.037589023185984061 -0.091520853243522243 -0.082139459826773828 0.081736558424250885 -0.075964005269831839 0.049101380264463167 0.043698992379586091 0.021180589214043956 -0.016056193750765203 -0.08936826024183199 -0.031805977187193003 -0.019228847374046971 -0.012776782084372463 0.016250712229015571 0.092417232464366464 0.0024155935131314078 0.0040220087836597643 -0.15358963723659302 -0.051838252400370578 0.037355538727306341 -0.053276857823263794 -0.044689046455740525 0.023258536741643979 0.041507131338817026 0.01550108521097863 0.031089427019434006 0.034582691883421002 0.063227763729778785 0.0053327441790067048 -0.027894497151542984 0.052840947510947298 0.073509298240994614 -0.03060513251825954
leaf_weight=54 121 41 55 83 158 43 68 152 40 269 252 42 73 65 40 151 183 123 74 129 43 157 340 328 86 54 242 40 200 159 66 43 55 165 167 47 122 47 56 40 92 54 57 44 196 95 55 48 167 45 53 206 51 143 89 481 45 41 81 41 189 48 47
leaf_count=54 121 41 55 83 158 43 68 152 40 269 252 42 73 65 40 151 183 123 74 129 43 157 340 328 86 54 242 40 200 159 66 43 55 165 167 47 122 47 56 40 92 54 57 44 196 95 55 48 167 45 53 206 51 143 89 481 45 41 81 41 189 48 47
internal_value=-9.90137e-05 -0.0160055 -0.00417879 0.0160928 0.0453133 -0.0576774 0.00465768 -0.0100981 -0.0427642 -0.0479827 -0.0414776 -0.0598783 0.0581316 0.0640059 0.00572725 -0.0135634 -0.0469975 -0.0358716 0.0540062 0.0669658 -0.151525 0.0101883 0.02045 -0.0495328 -0.0501613 -0.059385 0.0929206 0.0583019 -0.0265511 -0.0163538 -0.00713799 -0.127031 -0.045854 0.0643969 -0.086667 0.0178442 0.0350213 0.0235825 0.00616584 -0.0664672 -0.0520205 -0.0429228 -0.034399 0.0385797 0.0823417 -0.0104589 0.0188705 -0.135372 -0.0448722 0.0551428 -0.0685941 -0.0379863 0.00761287 0.0301719 0.0313127 0.0286869 0.023393 0.0489667 0.011271 -0.0186174 0.0500346 0.0890129 -0.0422034
internal_weight=7041 5215 4063 2664 1826 1152 2097 1329 1399 1290 1202 537 1379 1203 447 282 452 585 896 531 84 744 497 396 1068 672 307 567 665 411 189 85 451 482 221 176 365 202 129 80 367 254 396 165 373 247 109 88 259 317 108 339 202 768 713 570 85 163 128 84 234 244 253
internal_count=7041 5215 4063 2664 1826 1152 2097 1329 1399 1290 1202 537 1379 1203 447 282 452 585 896 531 84 744 497 396 1068 672 307 567 665 411 189 85 451 482 221 176 365 202 129 80 367 254 396 165 373 247 109 88 259 317 108 339 202 768 713 570 85 163 128 84 234 244 253
is_linear=0
shrinkage=1


Tree=1
num_leaves=64
num_cat=0
split_feature=9 9 9 9 7 9 9 1 9 9 1 9 9 9 9 9 9 4 4 2 7 1 9 9 9 9 9 9 9 8 6 2 6 9 0 9 9 9 2 4 9 9 9 2 9 6 9 2 9 1 9 9 9 9 9 9 9 1 0 7 6 2 2
split_gain=1202.51 623.471 752.847 308.353 268.327 190.019 185.126 173.236 105.592 184.65 75.3673 73.3403 111.966 71.2165 73.6594 62.2514 99.344 52.3734 46.1739 40.4434 39.4798 42.2768 36.6404 31.3667 59.7612 29.4181 29.2171 28.7627 35.3647 22.863 18.0031 17.4037 17.2475 16.5546 16.1944 11.4034 9.88098 9.40431 9.38965 8.63161 11.2614 18.3811 7.65402 7.61926 6.80838 6.52793 6.0747 5.62758 5.18357 4.34207 3.78098 3.71891 3.46744 9.11375 3.33585 3.40323 2.83967 2.72328 2.05647 2.01972 1.8598 1.65215 1.46342
threshold=0.82694086432456981 0.26118339598178869 -1.0429430603981016 -0.01348631316795945 0.54746168851852428 0.3024504035711289 -0.67153990268707264 1.0000000180025095e-35 -1.6757040023803709 -1.6344369649887083 1.2065384984016421 -1.373079180717468 -1.4143462181091306 1.102054297924042 0.90947490930557262 1.2675660848617556 1.3075019121170046 -1.0432220101356504 -0.16768633574247357 0.56712579727172863 -1.2740830183029173 0.1524230241775513 1.5204929709434511 0.63436147570610057 0.52254116535186779 0.21991638094186786 -0.63027289509773243 -1.1667441129684446 -1.249278128147125 0.86189281940460216 0.038097223732620485 0.21963211894035342 0.038097223732620485 0.5500524938106538 0.27957032620906835 1.1845883131027224 1.4406213760375979 -1.0704543590545652 0.61056235432624828 1.2131794691085818 1.6802362799644472 1.6403004527091982 0.93698623776435863 0.87118187546730053 1.6403004527091982 0.34902189671993261 0.7994295358657838 -0.01926855510100722 -1.7032153010368345 0.67948076128959667 0.027336971834301952 0.67562848329544078 1.4139974117279055 1.3873735666275027 -0.71280694007873524 -1.0154317021369932 -0.96040901541709889 1.2065384984016421 0.19295527786016467 0.74799916148185741 1.2196152210235598 -0.12786052748560903 0.78430870175361644
decision_type=2 2 2 2 2 2 2 2 2 2 2 2 2 2 2 2 2 2 2 2 2 2 2 2 2 2 2 2 2 2 2 2 2 2 2 2 2 2 2 2 2 2 2 2 2 2 2 2 2 2 2 2 2 2 2 2 2 2 2 2 2 2 2
left_child=1 2 8 6 15 19 54 17 48 47 13 12 18 14 -6 35 38 29 -11 -3 -9 -22 -12 24 30 32 -19 28 -13 -8 -7 -14 50 -26 43 -2 52 -29 -17 40 41 -36 -16 49 -24 57 51 -10 -1 -15 -5 -25 53 62 55 -4 -57 -32 -35 -47 -44 -52 -18
right_child=4 5 3 25 10 23 7 20 9 11 22 27 31 34 42 16 36 26 -20 -21 21 -23 44 46 33 -27 -28 37 -30 -31 45 -33 -34 58 39 -37 -38 -39 -40 -41 -42 -43 60 -45 -46 59 -48 -49 -50 -51 61 -53 -54 -55 -56 56 -58 -59 -60 -61 -62 -63 -64
leaf_value=0.03061162528064516 0.0092479424410295188 -0.18496685470853533 0.015090191225584767 0.064498575246786774 0.028579414398581891 -0.0087528927147818292 0.0083914660006192826 -0.01719210031926632 -0.10317934002195085 -0.023906601664126559 0.041783046906902675 -0.029002089710259922 -0.14872400347779438 -0.013122297262818347 0.054636893662913091 -0.040516891500779556 -0.0021063325129539912 -0.079324070219146572 -0.062533727620446358 -0.095606672967352521 -0.00036426013730272484 0.031824367707280012 0.10069850198642627 -0.024702002486909728 -0.11186091858607071 0.022471244314621233 -0.037570278880895681 -0.046574873516553546 0.006961555876811458 -0.035900938119739295 -0.055362133001473454 -0.087525004410162199 0.077252314083324461 -0.084860594590504962 0.03725359588981636 0.045786339226637926 0.033103991161132676 -0.018245681322326786 -0.082623133936593693 0.059627856686711306 0.056024681925773617 -0.01075052262051031 0.075939580063114256 0.029744856234978547 0.073373841623838809 -0.023254015688249405 -0.013073754061241538 -0.14272558759240542 0.0043492299152005989 0.014017265693030573 0.035485990126927693 -0.040117407485290808 -0.0083767507663544474 0.030672191353339064 0.016613862459306364 0.040316904609853571 0.029173193037584425 -0.04006772004382711 -0.06546457217585655 -0.040913485866926967 0.089157878631039661 0.05056729854125043 0.0096488538015854809
leaf_weight=53 40 41 54 78 161 51 121 149 41 232 62 244 40 40 57 41 107 75 217 40 268 324 184 82 51 86 322 196 164 63 213 40 160 44 92 141 57 56 42 54 50 41 222 54 58 46 48 50 55 43 44 242 50 52 80 109 499 70 123 62 113 183 58
leaf_count=53 40 41 54 78 161 51 121 149 41 232 62 244 40 40 57 41 107 75 217 40 268 324 184 82 51 86 322 196 164 63 213 40 160 44 92 141 57 56 42 54 50 41 222 54 58 46 48 50 55 43 44 242 50 52 80 109 499 70 123 62 113 183 58
internal_value=0.000112177 -0.0147862 -0.00373678 0.0152197 0.0419995 -0.0544874 0.00456442 -0.00889767 -0.0394362 -0.0442416 0.057916 -0.0378663 -0.0545072 0.0493124 0.0629916 0.00863593 -0.0043977 -0.0333982 -0.0426724 -0.142542 0.0103317 0.0172764 0.0839036 -0.0474448 -0.0553268 0.055053 -0.0456378 -0.0244661 -0.0145644 -0.00688595 -0.0424784 -0.119583 0.0610177 -0.0810644 0.0289722 0.0378067 0.0106469 -0.0403765 -0.0625536 0.0384448 0.0319039 0.0224855 0.0770164 0.0124255 0.0944785 -0.0468439 -0.0333496 -0.126223 0.0173999 0.000937446 0.0522766 -0.036304 0.00574705 0.00902488 0.0285291 0.0299418 0.0312339 -0.0517335 -0.0710496 -0.0336742 0.0806504 0.0478125 0.00205903
internal_weight=6935 5116 4003 2615 1819 1113 2064 1322 1388 1280 1231 1189 529 927 553 588 407 581 449 81 741 592 304 1032 660 551 397 660 408 184 442 80 465 218 374 181 324 252 83 237 183 133 392 137 242 391 372 91 108 83 305 324 267 217 742 662 608 283 167 108 335 227 165
internal_count=6935 5116 4003 2615 1819 1113 2064 1322 1388 1280 1231 1189 529 927 553 588 407 581 449 81 741 592 304 1032 660 551 397 660 408 184 442 80 465 218 374 181 324 252 83 237 183 133 392 137 242 391 372 91 108 83 305 324 267 217 742 662 608 283 167 108 335 227 165
is_linear=0
shrinkage=0.06


Tree=2
num_leaves=64
num_cat=0
split_feature=9 9 9 9 7 9 9 1 9 9 1 5 9 9 0 9 9 9 9 9 2 9 9 9 9 3 9 9 9 6 9 9 9 6 2 9 5 6 1 7 2 9 8 2 9 9 9 1 9 9 9 9 9 9 9 9 1 9 9 6 2 0 2
split_gain=1099.69 572.143 669.108 285.482 235.565 187.073 170.844 153.333 94.6445 123.954 81.4147 68.1819 52.9004 68.9433 51.2602 43.1656 100.864 39.9949 38.6404 45.3982 37.1075 36.8168 85.9051 32.0884 55.1431 31.6301 24.9198 33.3193 24.7161 23.5801 23.0559 20.8419 16.7383 16.234 15.8454 15.47 15.3129 15.0613 11.3445 39.1368 9.17033 8.10053 7.63514 6.83068 6.68524 6.3502 5.70207 8.4262 6.52782 4.2329 4.19612 3.21934 5.71396 2.88973 3.86607 4.28089 2.78544 2.57887 7.96865 1.8138 1.7732 1.68045 1.47322
threshold=0.82694086432456981 0.26118339598178869 -1.0429430603981016 -0.01348631316795945 0.6143074929714204 0.3024504035711289 -0.67153990268707264 1.0000000180025095e-35 -1.6894596219062803 -1.373079180717468 1.2065384984016421 -0.64733111858367909 1.102054297924042 0.90947490930557262 0.30122427642345434 1.2675660848617556 1.3075019121170046 -0.63027289509773243 -0.35959677398204798 -0.27972511947154993 0.58884355425834667 -1.4143462181091306 -1.5106359124183653 0.63436147570610057 0.52254116535186779 1.4984139800071719 -1.1667441129684446 -1.249278128147125 1.4539332389831545 -0.39720386266708368 0.21991638094186786 1.6802362799644472 0.5500524938106538 0.038097223732620485 0.17619657516479495 1.1708326339721682 1.7297728657722475 0.038097223732620485 1.0000000180025095e-35 -0.88972023129463185 0.58884355425834667 -1.0704543590545652 -0.18815998733043668 0.78430870175361644 0.7994295358657838 0.93698623776435863 0.39874011278152471 1.2065384984016421 0.44000713527202612 0.68938416242599498 0.027336971834301952 1.5604287981987002 1.6403004527091982 -1.0154317021369932 -0.94665333628654469 -0.90538632869720448 0.1524230241775513 1.3873735666275027 1.4139974117279055 1.2196152210235598 0.80602750182151806 0.19295527786016467 -0.12786052748560903
decision_type=2 2 2 2 2 2 2 2 2 2 2 2 2 2 2 2 2 2 2 2 2 2 2 2 2 2 2 2 2 2 2 2 2 2 2 2 2 2 2 2 2 2 2 2 2 2 2 2 2 2 2 2 2 2 2 2 2 2 2 2 2 2 2
left_child=1 2 8 6 15 20 53 14 -1 11 12 38 13 -6 17 35 40 -8 42 -20 -3 22 -13 24 33 -14 27 -11 57 -16 37 36 -26 -7 -23 -2 43 50 39 -10 -17 -28 -9 -27 49 -15 47 -35 -48 -25 -5 -12 -53 -4 -55 -56 -40 -18 -59 -47 -51 -34 -52
right_child=4 5 3 30 10 23 7 18 9 26 51 21 25 45 29 16 28 -19 19 -21 -22 34 -24 44 32 31 41 -29 -30 -31 -32 -33 61 46 -36 -37 -38 -39 56 -41 -42 -43 -44 -45 -46 59 48 -49 -50 60 62 52 -54 54 55 -57 -58 58 -60 -61 -62 -63 -64
leaf_value=0.025076723626579145 0.0086779525338239235 -0.17163246810436247 0.013361916594672946 0.061205183253230822 0.026521260826740153 -0.0076903695548884562 -0.083898680622447014 -0.0055433505629984342 -0.016071095045655962 -0.027836906767066787 0.067857404958527032 -0.089498661449271266 0.058646321147680286 0.051600987144878929 0.0096750928571820247 -0.035558868838208059 0.0017667492728547325 -0.034645388694452751 0.045364587548884408 0.0063803569960976594 -0.090418557050553239 -0.13831087205468154 -0.026980266225965398 -0.024060706416225951 -0.10724594788117843 0.0054583193432717093 -0.043528598586436859 0.0066066290438175201 0.043107391863033688 -0.034664946984161026 0.022193694171562257 0.045943580976987287 -0.079567755063374837 -0.068626539993286134 -0.082210468434272918 0.042040475888476182 -0.019312788973592461 0.071829280343922691 -0.026547948799414349 -0.092732430740100583 -0.076632256345315411 -0.017660860603959379 -0.033961451380718044 0.036686090442330337 -0.011196884277619813 0.07125979502092708 -0.024674565501768012 -0.039051973777157918 -0.045490703501722268 -0.041538682570004599 0.033167196847498415 0.095775152133528593 0.071173171228659696 0.036783122720509542 0.012622631042112791 0.027449210137128827 -0.0070525055525026154 0.029702807980878598 0.00016975493013084709 0.084113373947995049 -0.026602155659347773 -0.061561502362119734 0.046926461011951505
leaf_weight=82 70 47 59 82 171 49 72 204 59 254 52 201 83 55 124 41 167 340 157 338 43 40 132 114 54 62 202 167 86 65 83 58 44 74 46 180 61 164 78 40 43 58 40 42 56 219 86 76 170 178 47 156 66 136 85 482 41 57 76 111 43 115 190
leaf_count=82 70 47 59 82 171 49 72 204 59 254 52 201 83 55 124 41 167 340 157 338 43 40 132 114 54 62 202 167 86 65 83 58 44 74 46 180 61 164 78 40 43 58 40 42 56 219 86 76 170 178 47 156 66 136 85 482 41 57 76 111 43 115 190
internal_value=-9.66882e-05 -0.0142083 -0.00364384 0.0139828 0.0395557 -0.0515758 0.00378938 -0.0091092 -0.0372212 -0.0411132 0.0565628 -0.0601278 0.0474045 0.0584366 -0.03159 0.0126812 0.00194841 -0.0434351 0.00919154 0.0188116 -0.13425 -0.0742899 -0.0648716 -0.0444297 -0.0524429 0.0272343 -0.0232651 -0.0141908 0.0149431 -0.00567632 0.0517656 0.0153333 -0.0776645 -0.0404915 -0.109594 0.0327708 0.00436134 0.056791 -0.0326931 -0.047663 -0.0572387 -0.0378479 -0.0103217 0.0182988 -0.0306406 0.0725065 -0.0444216 -0.054 -0.038621 -0.0338479 0.0488594 0.0850973 0.088813 0.0264542 0.0275324 0.0252527 -0.0199458 0.00675298 0.012954 0.0758243 -0.0387654 -0.0670105 0.0443487
internal_weight=7073 5217 4068 2668 1856 1149 2102 1340 1400 1318 1136 637 862 556 601 720 470 412 739 495 90 419 333 1059 668 306 681 421 386 189 566 223 213 455 86 250 165 483 218 99 84 260 244 104 391 385 406 150 256 335 319 274 222 762 703 567 119 300 133 330 221 159 237
internal_count=7073 5217 4068 2668 1856 1149 2102 1340 1400 1318 1136 637 862 556 601 720 470 412 739 495 90 419 333 1059 668 306 681 421 386 189 566 223 213 455 86 250 165 483 218 99 84 260 244 104 391 385 406 150 256 335 319 274 222 762 703 567 119 300 133 330 221 159 237
is_linear=0
shrinkage=0.06


Tree=3
num_leaves=64
num_cat=0
split_feature=9 9 9 9 7 9 9 1 9 9 3 9 9 9 0 9 9 4 9 9 9 9 2 7 9 9 9 9 9 3 5 9 9 9 9 9 9 2 9 5 5 9 9 9 2 8 9 9 9 9 9 9 9 9 9 9 9 2 2 2 0 9 2
split_gain=922.707 534.655 564.235 247.474 209.799 161.616 147.271 138.531 92.0222 133.099 77.2748 65.1807 64.1529 82.9878 48.0526 47.8728 85.9015 44.3301 35.083 44.8058 30.3663 47.4845 29.8451 27.9423 24.5296 28.3084 24.0074 30.2041 22.2232 18.6084 15.5449 15.0309 14.6029 22.9661 12.3261 11.1842 10.1518 9.26039 7.48727 7.26043 13.2364 8.292 6.33422 6.29374 6.23087 5.93874 4.85114 4.81744 4.52966 4.4653 3.56922 3.16938 3.155 3.05999 2.26593 2.13573 7.92838 1.86818 1.69742 1.93052 1.25935 1.13821 1.09402
threshold=0.82694086432456981 0.26118339598178869 -1.0429430603981016 -0.01348631316795945 0.56417387723922741 0.3024504035711289 -0.67153990268707264 1.0000000180025095e-35 -1.6757040023803709 -1.6344369649887083 1.9201549887657168 0.90947490930557262 -1.373079180717468 -1.4143462181091306 0.21460897475481036 1.2675660848617556 1.3075019121170046 -0.13390543684363362 -0.35959677398204798 -0.27972511947154993 0.63436147570610057 0.52254116535186779 0.56712579727172863 0.68115335702896129 -1.1667441129684446 -1.249278128147125 1.5338048934936526 1.102054297924042 0.21991638094186786 1.0000000180025095e-35 1.8532593846321108 0.5500524938106538 1.1295656561851504 1.6802362799644472 1.4539332389831545 1.1845883131027224 0.12362667545676233 0.69743552803993236 -1.0704543590545652 -0.3694873303174972 0.21707098931074145 0.3299617618322373 0.7994295358657838 0.97825327515602123 0.87118187546730053 -0.26998245716094965 1.4539332389831545 0.19240503013134005 0.44000713527202612 0.041092643514275558 -1.7032153010368345 -0.69905126094818104 0.67562848329544078 -1.0154317021369932 -0.96040901541709889 1.3873735666275027 1.4139974117279055 -1.365804076194763 0.82774528861045849 -0.95315605401992787 0.19295527786016467 0.85445222258567821 0.78430870175361644
decision_type=2 2 2 2 2 2 2 2 2 2 2 2 2 2 2 2 2 2 2 2 2 2 2 2 2 2 2 2 2 2 2 2 2 2 2 2 2 2 2 2 2 2 2 2 2 2 2 2 2 2 2 2 2 2 2 2 2 2 2 2 2 2 2
left_child=1 2 8 6 15 22 51 14 50 -10 11 61 13 17 29 35 37 -11 45 -20 21 39 -3 -16 25 -14 27 43 36 -8 -28 -23 -12 44 55 -2 49 -17 -26 41 -41 -7 52 57 -34 -9 -29 -38 -42 -5 -1 53 -22 -4 -55 62 -57 -13 59 -54 -33 -6 -18
right_child=4 5 3 28 10 20 7 18 9 12 32 26 24 -15 23 16 34 -19 19 -21 42 31 -24 -25 38 -27 30 46 -30 -31 -32 60 33 -35 -36 -37 47 -39 -40 40 48 -43 -44 -45 -46 -47 -48 -49 -50 -51 -52 -53 58 54 -56 56 -58 -59 -60 -61 -62 -63 -64
leaf_value=0.027584948480129243 0.0062205333567478443 -0.16419966199181296 0.012455640546014082 0.055977791515263643 0.017577004648352924 -0.04157855629920959 -0.028256758561357856 -0.0054541129304069872 -0.11506776976895022 -0.023077477686984545 0.047398240779930691 0.0437582634770593 -0.025539129809106245 -0.10580772145092487 -0.0019187706381821954 -0.036256592351710422 -0.0022572314014126147 -0.062287512899387033 0.043291034374809904 0.0053209049691640038 -0.021276595376504701 -0.10043150437505621 -0.088768627532692837 -0.035606798110529782 -0.041325405784696338 0.0062445510273533211 0.087111206923065509 0.018314446448038021 0.02001534302585891 -0.066155413814374939 0.044755932115381813 -0.074602111021677658 -0.014624674843775259 0.042457001962159804 0.037563645918414275 0.041117982722181298 0.071000669814170678 -0.07682401090133481 -0.016752400921627147 -0.067186022789581967 -0.026208411913080688 -0.0092877956833374697 -0.010097381554936108 0.074525452345873405 0.013897304559041831 -0.030443149601200186 0.04253386816653338 0.048403565913438792 -0.043075463948394517 0.039432702405112124 0.0063753310551768853 0.011461010951487745 -0.026933997227829326 0.035479485190242806 0.025576247803701904 0.028712515517004898 -0.0013709555801055204 0.061911619217088903 -0.025380939788052014 -0.042136690845371971 -0.058608141804304646 0.028714550661004104 0.0081910728443075308
leaf_weight=59 43 43 57 109 56 57 74 212 76 258 52 42 238 79 199 47 104 175 166 340 79 56 42 159 199 174 231 44 83 137 40 44 73 56 52 148 140 40 60 68 96 58 56 225 43 40 109 59 172 167 56 60 48 108 541 55 72 100 55 141 126 114 54
leaf_count=59 43 43 57 109 56 57 74 212 76 258 52 42 238 79 199 47 104 175 166 340 79 56 42 159 199 174 231 44 83 137 40 44 73 56 52 148 140 40 60 68 96 58 56 225 43 40 109 59 172 167 56 60 48 108 541 55 72 100 55 141 126 114 54
internal_value=-5.09704e-05 -0.0129414 -0.00266008 0.0135123 0.0369311 -0.0491756 0.00403808 -0.00805377 -0.0338502 -0.0385417 0.0516784 0.059074 -0.0335324 -0.049521 -0.0304027 0.00847788 -0.00277155 -0.0390315 0.00874063 0.0178383 -0.0426838 -0.0503165 -0.128393 -0.0169383 -0.0212768 -0.0121333 0.0663196 0.0585035 0.0489783 -0.0530599 0.081047 -0.072797 0.0198285 0.0112677 0.0109828 0.0333348 0.0539865 -0.0555693 -0.0357191 -0.0389151 -0.0434128 -0.0255132 -0.0289531 0.0678735 -0.00402346 -0.00952528 0.035733 0.0645765 -0.0371534 0.0461453 0.0174008 0.0249689 -0.032181 0.026099 0.0272763 0.0060186 0.0117799 0.0568859 -0.0356102 -0.0384378 -0.0631598 0.02517 0.00134277
internal_weight=6966 5166 4025 2651 1800 1141 2093 1327 1374 1259 1185 961 1183 512 569 615 424 433 758 506 1056 677 85 358 671 412 791 520 558 211 271 226 224 172 337 191 475 87 259 451 336 115 379 367 116 252 153 199 268 276 115 766 323 706 649 285 127 142 244 189 170 170 158
internal_count=6966 5166 4025 2651 1800 1141 2093 1327 1374 1259 1185 961 1183 512 569 615 424 433 758 506 1056 677 85 358 671 412 791 520 558 211 271 226 224 172 337 191 475 87 259 451 336 115 379 367 116 252 153 199 268 276 115 766 323 706 649 285 127 142 244 189 170 170 158
is_linear=0
shrinkage=0.06


Tree=4
num_leaves=64
num_cat=0
split_feature=9 9 9 9 8 9 9 1 9 9 9 9 9 3 9 9 9 9 9 9 4 5 2 9 9 9 8 9 9 9 2 6 6 2 9 9 5 6 9 2 4 9 9 6 2 9 9 3 9 9 9 9 0 9 9 9 9 9 4 9 9 9 2
split_gain=859.37 458.938 517.239 221.708 161.685 142.701 134.467 103.546 78.7908 125.433 57.9056 56.1234 82.6603 54.2008 66.0704 52.1838 47.4203 50.9192 47.3534 56.7812 35.6408 31.8808 27.5597 25.6004 40.6542 20.9081 20.0522 19.1832 25.6042 17.535 16.3621 14.5546 12.3361 12.074 11.7539 11.2998 11.3513 10.8225 9.96023 7.16522 6.45351 6.21777 5.91709 11.1571 5.46288 5.18642 5.17124 3.66532 3.65949 3.44935 3.23391 3.0436 2.79173 2.63645 2.51286 2.92202 1.78577 1.7088 1.52601 1.4004 3.33866 1.29023 1.173
threshold=0.82694086432456981 0.26118339598178869 -1.0429430603981016 -0.026798253878951069 0.40732413530349737 0.3024504035711289 -0.67153990268707264 0.1524230241775513 -1.6757040023803709 -1.6344369649887083 -0.63027289509773243 -1.373079180717468 -1.4143462181091306 2.0607353448867802 1.5204929709434511 -0.41284452378749842 1.102054297924042 0.92323055863380443 1.2675660848617556 1.3075019121170046 -0.16768633574247357 -1.2030172944068906 0.58884355425834667 0.63436147570610057 0.52254116535186779 1.6403004527091982 1.4301064014434817 -1.1667441129684446 -1.249278128147125 0.21991638094186786 0.15447776764631274 0.038097223732620485 0.10028097406029703 -0.1712960675358772 0.5500524938106538 1.6802362799644472 0.98885804414749157 -0.27283042669296259 0.39874011278152471 0.67571672797203075 1.1456176638603213 -1.0704543590545652 1.4539332389831545 1.2196152210235598 0.089323412626981749 0.44000713527202612 0.7994295358657838 -0.75087112188339222 0.89571923017501842 1.3873735666275027 1.5471168756484988 0.67562848329544078 0.45280016958713537 0.97825327515602123 -0.69905126094818104 -0.78158527612686146 -1.0154317021369932 1.0745429992675783 0.87606266140937816 0.041092643514275558 1.0000000180025095e-35 0.10987100377678873 0.71915432810783397
decision_type=2 2 2 2 2 2 2 2 2 2 2 2 2 2 2 2 2 2 2 2 2 2 2 2 2 2 2 2 2 2 2 2 2 2 2 2 2 2 2 2 2 2 2 2 2 2 2 2 2 2 2 2 2 2 2 2 2 2 2 2 2 2 2
left_child=1 2 8 6 18 22 54 10 52 44 33 12 20 14 16 -12 17 48 40 39 -11 -9 -3 24 32 50 -27 28 -13 31 -14 59 -7 -8 -26 36 -15 -23 47 -20 -2 -29 43 -18 -10 -40 51 -34 -6 -21 -16 -25 -1 -19 55 56 -4 -55 -45 60 -5 -61 -36
right_child=4 5 3 29 13 23 7 21 9 11 15 27 30 35 25 -17 42 53 19 49 -22 37 -24 46 34 26 -28 41 -30 -31 -32 -33 38 -35 62 -37 -38 -39 45 -41 -42 -43 -44 58 -46 -47 -48 -49 -50 -51 -52 -53 -54 57 -56 -57 -58 -59 -60 61 -62 -63 -64
leaf_value=0.0073888771336967666 0.03579597638750618 -0.15385067844390868 0.011818828534727033 0.034558799708528175 0.02106451772657552 -0.014866590472704888 -0.040999699899154467 -0.017488676247497399 -0.087071376399296088 -0.018918280112948598 0.0032677094695942573 -0.024286859306668001 -0.12740289122559303 0.020831542152911425 0.065220456322034201 -0.02675945557774561 0.035685727750196267 0.055941738275920645 -0.033579101487994194 0.0018821583815579171 -0.053294006512880743 0.040579786110520363 -0.081088605444060588 -0.020079015824435786 -0.092602223115307941 0.014834815483176854 0.072548260086653174 -0.038701413106761479 0.0056837295017116152 0.01944974730323468 -0.071475365797678631 0.064599547187487283 -0.066294830422247597 -0.088465615185824312 -0.054272665309494941 0.038564060647040606 -0.014528437980595204 0.017385574710244933 -0.02115851307983499 -0.070655878491517971 0.010036944602220318 -0.014702517930418253 0.033734631470658562 0.014900340439321902 -0.12563511072203171 -0.039957507016686343 -0.010134741203593357 -0.043008177033786114 0.040466601918725406 0.019599491459018781 0.086030692540682269 -0.033532901123484983 0.026813669958535364 0.072802384740114204 0.011184442942512446 0.031526611948948957 0.023481657524165665 0.056219747900962826 0.0017666785392378057 0.034275846723745118 0.054919111755456815 0.046028501987457275 -0.068826154312997503
leaf_weight=58 131 44 56 55 132 81 40 71 40 225 360 259 42 74 53 493 75 101 41 157 212 124 40 87 55 40 48 189 169 83 44 161 61 43 115 51 57 179 82 40 49 51 131 51 42 172 55 57 50 52 194 256 50 199 57 171 475 49 83 133 88 65 52
leaf_count=58 131 44 56 55 132 81 40 71 40 225 360 259 42 74 53 493 75 101 41 157 212 124 40 87 55 40 48 189 169 83 44 161 61 43 115 51 57 179 82 40 49 51 131 51 42 172 55 57 50 52 194 256 50 199 57 171 475 49 83 133 88 65 52
internal_value=0.00021258 -0.0123193 -0.00276315 0.0127325 0.0352195 -0.045615 0.00350334 -0.00813906 -0.0325303 -0.0367035 -0.0187972 -0.0317014 -0.0464158 0.0455128 0.0501178 -0.0140978 0.0413202 0.0525242 0.00478951 -0.0102098 -0.0356784 0.0185138 -0.120564 -0.0396408 -0.0467778 0.0728005 0.0467763 -0.0201288 -0.012467 0.045312 -0.0999393 0.0495409 -0.0363274 -0.0663509 -0.0678437 0.014891 0.0054524 0.0269799 -0.0409479 -0.052527 0.028878 -0.0336838 0.0237194 0.0173111 -0.108099 -0.0339953 -0.0274498 -0.0555021 0.0265868 0.00636264 0.0818463 -0.0301887 0.0165453 0.0659358 0.0235819 0.0245712 0.0222762 0.0697649 0.00683866 0.042263 0.0473826 0.038346 -0.059187
internal_weight=7050 5192 4035 2654 1858 1157 2069 1310 1381 1273 936 1191 523 1388 1206 853 871 531 470 290 437 374 84 1073 675 335 88 668 428 585 86 502 453 83 222 182 131 303 372 81 180 240 340 209 82 254 398 118 182 209 247 343 108 349 759 702 531 248 134 341 143 198 167
internal_count=7050 5192 4035 2654 1858 1157 2069 1310 1381 1273 936 1191 523 1388 1206 853 871 531 470 290 437 374 84 1073 675 335 88 668 428 585 86 502 453 83 222 182 131 303 372 81 180 240 340 209 82 254 398 118 182 209 247 343 108 349 759 702 531 248 134 341 143 198 167
is_linear=0
shrinkage=0.06


Tree=5
num_leaves=64
num_cat=0
split_feature=9 9 9 9 7 9 9 1 9 9 3 9 9 9 4 9 9 9 5 1 9 3 9 9 9 9 9 9 9 9 1 4 6 6 9 5 1 7 9 0 9 9 9 9 9 9 9 9 9 9 3 9 9 3 9 0 9 1 6 3 9 9 9
split_gain=756.769 392.726 460.729 186.95 158.812 117.926 109.951 114.688 67.5324 102.232 66.048 47.8427 70.9415 46.9727 41.7574 38.6813 61.0472 30.4784 29.4256 27.5772 27.0606 25.362 21.3209 28.4842 21.1606 37.2402 18.63 17.4882 22.9564 15.0731 13.9705 20.837 11.6595 11.4929 11.3522 7.98249 7.18517 7.15003 6.59735 5.88411 5.54298 5.04736 4.9261 4.19065 3.88379 3.10568 6.28544 2.94735 2.89833 2.79076 2.55662 2.52629 3.21634 2.344 1.75708 1.3239 1.25794 1.63829 1.03918 0.937603 0.92582 0.89453 0.869745
threshold=0.82694086432456981 0.26118339598178869 -1.0429430603981016 -0.01348631316795945 0.54746168851852428 0.3024504035711289 -0.67153990268707264 1.0000000180025095e-35 -1.6757040023803709 -1.6206812858581541 1.9201549887657168 -1.373079180717468 -1.4143462181091306 0.90947490930557262 -0.94188034534454335 1.2675660848617556 1.3075019121170046 -1.5656585693359373 -1.2338887453079221 0.1524230241775513 -0.41284452378749842 1.0000000180025095e-35 1.5338048934936526 1.102054297924042 0.63436147570610057 0.52254116535186779 0.21991638094186786 -1.1667441129684446 -1.249278128147125 1.6403004527091982 0.41595189273357397 1.1118367314338686 0.10028097406029703 0.038097223732620485 0.5500524938106538 0.24794243276119235 0.94300961494445812 -1.5916000008583067 1.4406213760375979 0.34453167021274572 -1.0704543590545652 0.97825327515602123 0.7994295358657838 1.4406213760375979 0.44000713527202612 1.4139974117279055 1.3873735666275027 -1.7032153010368345 0.027336971834301952 0.68938416242599498 0.79551240801811229 -0.71280694007873524 -0.78158527612686146 -0.89145144820213307 -0.94665333628654469 0.30122427642345434 0.7719181776046754 -0.63816359639167775 1.4061723947525027 0.93609276413917553 0.10987100377678873 0.85445222258567821 0.93698623776435863
decision_type=2 2 2 2 2 2 2 2 2 2 2 2 2 2 2 2 2 2 2 2 2 2 2 2 2 2 2 2 2 2 2 2 2 2 2 2 2 2 2 2 2 2 2 2 2 2 2 2 2 2 2 2 2 2 2 2 2 2 2 2 2 2 2
left_child=1 2 8 6 15 -3 51 14 47 39 13 12 17 61 20 36 -17 -11 -9 -20 -8 -16 23 41 25 32 33 28 -13 -24 -12 -32 -7 48 -27 53 -2 -14 45 -10 -29 62 49 -25 -37 46 59 -1 -5 -26 -28 52 54 -34 -4 -33 57 -51 -45 -18 -50 -6 -15
right_child=4 5 3 26 10 24 7 18 9 11 30 27 37 22 21 16 38 -19 19 -21 -22 -23 29 43 42 34 50 40 -30 -31 31 55 35 -35 -36 44 -38 -39 -40 -41 -42 -43 -44 58 -46 -47 -48 -49 60 56 -52 -53 -54 -55 -56 -57 -58 -59 -60 -61 -62 -63 -64
leaf_value=0.02433275541044631 0.0074054550539169985 -0.11251426719129085 0.025681309668746377 0.050688437620798742 0.015566729836993747 -0.013341156145899211 0.013745650033426026 -0.015102864547363863 -0.10402645239606499 -0.0060681356497209616 0.042927265005596613 -0.023128923648150591 -0.073518893750424086 0.042606304541230204 -0.020156625075947628 -0.050001910352613775 0.0047084955529023247 -0.0429540612129038 0.00053964016280825362 0.026146408930553526 -0.025740465227179706 -0.053675599468798185 0.079338218600250948 0.015214930483121046 -0.020694602088603589 -0.087554120572946842 0.0060540279477488161 -0.036151235377107134 0.0055656704053707309 0.046173797478744137 0.037078036009119103 -0.0094714393470542429 -0.062874665961546061 0.060565381071916446 -0.055252078995108603 -0.022365872628511266 0.036001164500375049 -0.11309246220239778 0.027446034217422661 -0.070195111563039383 -0.014105212130329826 0.066020894205415404 -0.0094418600181999952 0.030694549436631954 -0.038036563558376986 -0.0082900376493732133 0.025133885427245071 0.004658231689768322 0.033500732380624225 -0.019076681642833611 0.026823280592759451 0.011835555099640733 0.031443910956537972 -0.042311214306137775 0.018245004923054319 0.0030327295348048207 -0.040785233593377913 -0.033266108443737029 0.043028540709766291 -0.0052547555323690176 0.043615981624239963 0.025663609341182538 0.055226639139241182
leaf_weight=52 41 80 195 80 53 83 114 148 63 110 58 245 46 59 139 79 116 305 275 336 136 201 214 48 111 58 42 198 169 71 64 78 50 163 159 93 147 40 54 42 54 230 56 75 175 53 55 58 163 45 44 80 143 54 325 49 60 124 58 47 62 112 86
leaf_count=52 41 80 195 80 53 83 114 148 63 110 58 245 46 59 139 79 116 305 275 336 136 201 214 48 111 58 42 198 169 71 64 78 50 163 159 93 147 40 54 42 54 230 56 75 175 53 55 58 163 45 44 80 143 54 325 49 60 124 58 47 62 112 86
internal_value=0.000104693 -0.0116611 -0.00283422 0.0118306 0.0330655 -0.0426028 0.0036158 -0.0065927 -0.0309 -0.0347991 0.0451417 -0.0296431 -0.0436448 0.0519878 -0.026413 0.00743184 -0.00304227 -0.0332152 0.00882889 0.014641 -0.00775177 -0.0400716 0.057733 0.0506803 -0.0372656 -0.04377 0.0427888 -0.0190606 -0.0114302 0.0712665 0.0173847 0.00944513 -0.0338842 0.0475062 -0.0642478 -0.0384197 0.029837 -0.0930136 0.0084909 -0.0912838 -0.0315015 0.0601381 -0.0261453 0.0308626 -0.032702 0.00462684 0.0077907 0.0140943 0.0403519 -0.0288607 0.0168663 0.0221344 0.0233574 -0.0527021 0.0210776 -0.00466099 -0.0327117 -0.0296223 0.0363543 0.00182113 0.0364687 0.0225337 0.0504185
internal_weight=7023 5176 4028 2646 1847 1148 2092 1349 1382 1272 1255 1167 501 1006 590 592 404 415 759 611 250 340 841 556 1068 672 554 666 414 285 249 191 455 468 217 372 188 86 325 105 252 375 396 181 268 271 218 110 305 340 86 743 663 104 520 127 229 169 133 163 225 165 145
internal_count=7023 5176 4028 2646 1847 1148 2092 1349 1382 1272 1255 1167 501 1006 590 592 404 415 759 611 250 340 841 556 1068 672 554 666 414 285 249 191 455 468 217 372 188 86 325 105 252 375 396 181 268 271 218 110 305 340 86 743 663 104 520 127 229 169 133 163 225 165 145
is_linear=0
shrinkage=0.06


Tree=6
num_leaves=64
num_cat=0
split_feature=9 9 9 9 7 9 9 1 9 9 3 9 4 9 9 9 9 4 7 1 9 9 9 9 9 2 9 9 4 9 4 2 9 9 6 9 9 6 1 6 2 2 3 3 9 9 9 3 3 9 9 9 9 7 9 2 9 9 2 2 2 2 6
split_gain=660.486 358.115 407.219 175.128 138.898 116.014 99.2906 90.9826 63.2303 100.384 59.4297 44.4254 40.4846 40.2561 59.4052 36.8837 50.5373 34.5648 24.9905 25.6406 21.1791 25.9342 19.5837 33.6666 18.8962 17.4287 16.6279 16.5415 14.7825 12.446 18.9097 11.9522 11.4333 10.1595 9.8863 8.65798 6.41495 6.29058 5.96283 5.59248 5.4171 4.67094 4.38485 4.29945 4.2431 4.2024 4.06915 3.86295 3.51898 2.99541 2.70264 4.94817 2.57637 2.42687 2.06716 1.92414 1.87138 1.85997 1.32552 1.24667 1.30518 1.06291 0.976438
threshold=0.82694086432456981 0.26118339598178869 -1.0429430603981016 -0.01348631316795945 0.54746168851852428 0.3024504035711289 -0.67153990268707264 1.0000000180025095e-35 -1.6757040023803709 -1.6344369649887083 1.9201549887657168 0.90947490930557262 -1.0432220101356504 -1.373079180717468 -1.4143462181091306 1.2675660848617556 1.2941899895668032 -0.13390543684363362 -1.2740830183029173 0.1524230241775513 1.5338048934936526 1.102054297924042 0.63436147570610057 0.52254116535186779 -0.63027289509773243 0.54540804028511058 -0.41284452378749842 0.20616070926189425 -0.57167378067970265 1.1295656561851504 1.1118367314338686 0.17619657516479495 0.12362667545676233 0.5500524938106538 0.038097223732620485 1.6403004527091982 1.4406213760375979 -1.0190532207489011 0.94300961494445812 0.34902189671993261 0.87118187546730053 0.089323412626981749 0.79551240801811229 1.0766730904579165 1.4406213760375979 0.97825327515602123 0.7994295358657838 -0.46971046924591059 -0.46971046924591059 0.041092643514275558 1.4139974117279055 1.3873735666275027 0.68938416242599498 -1.3910624980926511 -0.78158527612686146 0.52368924021720897 -0.94665333628654469 -1.7032153010368345 -1.3006492257118223 0.80602750182151806 -0.21473368257284162 0.65399897098541271 1.4061723947525027
decision_type=2 2 2 2 2 2 2 2 2 2 2 2 2 2 2 2 2 2 2 2 2 2 2 2 2 2 2 2 2 2 2 2 2 2 2 2 2 2 2 2 2 2 2 2 2 2 2 2 2 2 2 2 2 2 2 2 2 2 2 2 2 2 2
left_child=1 2 8 6 15 25 53 12 57 41 11 -6 26 14 17 38 -17 -11 -9 -20 21 45 23 34 -14 -3 -8 32 48 -12 -31 -16 49 -25 -7 -22 43 -30 -2 47 -32 -10 -29 50 -23 58 52 -36 -15 -5 51 -18 -24 -4 56 -41 -55 -1 -13 60 -54 -51 -46
right_child=4 5 3 27 10 22 7 18 9 13 29 20 24 28 31 16 36 -19 19 -21 35 44 46 33 -26 -27 -28 42 37 30 40 -33 -34 -35 39 -37 -38 -39 -40 55 -42 -43 -44 -45 62 -47 -48 -49 -50 61 -52 -53 59 54 -56 -57 -58 -59 -60 -61 -62 -63 -64
leaf_value=0.022737745387213567 0.0081246761046350011 -0.13878789721465692 0.010900188500194677 0.045998085226331434 0.021067714088985352 -0.0055602168838959189 0.013668389856268505 -0.014787457252808864 -0.076850106832457757 -0.018178814770343402 0.04019844681538385 0.036343075414983238 -0.061677330978680403 -0.011446242780639574 -0.11151485245402266 -0.058080399084950461 0.0022491787015381059 -0.052491112648382444 -0.00076395660552763095 0.024179764281935204 0.074502541800619854 0.012329508558209256 -0.019584712981700135 -0.082524004770537548 -0.028690698939697959 -0.078429296456459088 -0.021854459462920205 0.0065363715172690497 -0.018619090548339459 0.034864320969209071 -0.015489611306041479 -0.06212687649897166 0.057966009398752988 -0.052277468507026519 -0.047373896024766424 0.048285719344959309 0.024510104976156178 -0.033165943642777779 0.034202125800535985 -0.015427160143763536 0.0097279647400724707 -0.11180880904197693 0.030179557613472442 -0.012319746860193844 0.028729747900596028 0.062293160963058473 -0.0097330593766044755 -0.03255283128399894 0.0074029101835728821 0.035488544286683542 -0.0076181890387484368 0.023996911015853568 -0.025234546112197057 0.02503407015335711 0.028576284840270139 -0.03247893612052119 0.017294651636780213 0.0068704675593309929 0.05189404247403144 -0.020752187019517254 -0.03714545659720897 0.023290890302847731 0.040628867640993313
leaf_weight=55 41 40 83 111 172 47 108 148 40 269 57 40 79 64 40 52 131 175 275 321 212 45 116 58 311 40 83 50 372 63 74 41 175 171 125 68 50 154 148 62 51 43 66 63 77 224 58 158 78 128 46 52 61 186 141 42 328 53 99 42 119 43 56
leaf_count=55 41 40 83 111 172 47 108 148 40 269 57 40 79 64 40 52 131 175 275 321 212 45 116 58 311 40 83 50 372 63 74 41 175 171 125 68 50 154 148 62 51 43 66 63 77 224 58 158 78 128 46 52 61 186 141 42 328 53 99 42 119 43 56
internal_value=1.05884e-05 -0.0109553 -0.00253724 0.0112995 0.0310665 -0.0406377 0.00314189 -0.00668168 -0.0288802 -0.0326103 0.0424308 0.0489586 -0.0244529 -0.0281181 -0.0405478 0.00690294 -0.00355959 -0.0317904 0.00721034 0.0126885 0.054769 0.0476372 -0.0353029 -0.0416281 -0.0355133 -0.109949 -0.00180167 0.0406133 -0.0183032 0.015882 0.00833571 -0.0875785 0.0457568 -0.0602637 -0.0316791 0.0683301 0.00487529 -0.0229329 0.0286176 -0.0348287 -0.00520529 -0.0960767 0.0201315 0.00144099 0.0286253 0.0568556 -0.0246348 -0.039243 -0.00111312 0.0380021 0.0052638 0.00852569 -0.0271556 0.0207642 0.0219956 -0.0225572 0.0201385 0.0150855 0.0477105 -0.031006 -0.0332707 0.0325745 0.0340057
internal_weight=6980 5159 4020 2636 1821 1139 2063 1325 1384 1276 1238 993 581 1193 525 583 394 444 744 596 821 541 1059 663 390 80 191 573 668 245 188 81 457 229 434 280 342 526 189 387 125 83 116 292 178 363 396 283 142 282 229 183 338 738 655 104 514 108 139 222 180 171 133
internal_count=6980 5159 4020 2636 1821 1139 2063 1325 1384 1276 1238 993 581 1193 525 583 394 444 744 596 821 541 1059 663 390 80 191 573 668 245 188 81 457 229 434 280 342 526 189 387 125 83 116 292 178 363 396 283 142 282 229 183 338 738 655 104 514 108 139 222 180 171 133
is_linear=0
shrinkage=0.06


Tree=7
num_leaves=64
num_cat=0
split_feature=9 9 9 9 7 9 9 1 9 9 3 9 0 9 9 9 9 9 9 9 7 9 9 9 9 9 9 9 9 5 9 9 6 9 6 5 0 9 9 9 9 0 7 9 9 9 9 4 9 9 9 9 3 0 9 9 9 6 6 0 9 9 6
split_gain=590.472 319.624 349.746 153.501 125.265 99.3908 90.2426 79.9105 53.9803 85.7094 47.7557 39.0615 37.1469 33.6 44.5175 46.322 30.5798 50.4774 23.2014 42.9192 19.4791 17.6849 29.2901 17.1266 22.0278 15.8965 16.5711 14.5349 14.3022 12.6684 11.3752 18.6237 9.93746 9.03348 8.28073 7.38894 6.37651 5.52547 5.37389 5.04196 5.89048 4.90136 4.40031 3.81211 3.65828 3.45978 3.44453 3.34926 3.04629 2.60184 5.30561 2.50246 2.46531 2.3971 2.16298 2.54239 2.312 1.57962 1.46523 1.39063 1.09822 1.06012 1.05632
threshold=0.82694086432456981 0.26118339598178869 -1.0429430603981016 -0.01348631316795945 0.54746168851852428 0.3024504035711289 -0.67153990268707264 1.0000000180025095e-35 -1.6757040023803709 -1.6206812858581541 1.9201549887657168 0.90947490930557262 0.21460897475481036 -1.3593235015869138 -1.5656585693359373 -1.5243915915489195 1.2675660848617556 1.3075019121170046 -0.34628482162952418 -0.27972511947154993 0.68115335702896129 0.63436147570610057 0.52254116535186779 1.5338048934936526 1.102054297924042 -1.1667441129684446 -1.249278128147125 -0.63027289509773243 0.21991638094186786 1.8841308355331423 1.1295656561851504 1.6802362799644472 0.10028097406029703 0.5500524938106538 0.10028097406029703 0.24794243276119235 0.34453167021274572 1.1979002952575686 1.4406213760375979 1.6536123752593996 1.1708326339721682 0.27957032620906835 -1.5080429315567014 -1.0704543590545652 0.93698623776435863 0.44000713527202612 0.7994295358657838 -0.13390543684363362 1.4672452211380007 1.4139974117279055 1.3873735666275027 0.7719181776046754 -0.75087112188339222 0.45280016958713537 -1.0154317021369932 -0.96040901541709889 -0.89163067936897267 1.4061723947525027 1.2196152210235598 0.19295527786016467 0.67562848329544078 0.74440684914588939 1.0000000180025095e-35
decision_type=2 2 2 2 2 2 2 2 2 2 2 2 2 2 2 2 2 2 2 2 2 2 2 2 2 2 2 2 2 2 2 2 2 2 2 2 2 2 2 2 2 2 2 2 2 2 2 2 2 2 2 2 2 2 2 2 2 2 2 2 2 2 2
left_child=1 2 8 6 16 -3 54 12 53 36 11 -6 27 14 -11 -16 37 41 42 -20 -14 22 32 24 44 26 -15 -8 34 -25 -12 39 -7 -24 47 52 -10 -2 49 40 -32 -18 -9 -27 -13 -37 51 -5 -26 50 -19 60 -34 -1 -4 -56 -57 -50 -46 -35 -23 -62 -49
right_child=4 5 3 28 10 21 7 18 9 13 30 23 20 25 15 -17 17 38 19 -21 -22 46 33 29 48 43 -28 -29 -30 -31 31 -33 35 59 -36 45 -38 -39 -40 -41 -42 -43 -44 -45 58 -47 -48 62 57 -51 -52 -53 -54 -55 55 56 -58 -59 -60 -61 61 -63 -64
leaf_value=0.0050874942405657328 0.010551969297230243 -0.10000071390507871 0.0081234292847741588 0.030071519414583841 0.019772750969869749 -0.01110254319384694 -0.073473622880198736 -0.013617898909435155 -0.092919524528763509 -0.0038374024964751628 0.038402404451654069 0.038172444427599671 0.0011400858123416027 -0.019230108302518988 -0.085573761825050623 -0.035326658123607246 -0.06001385389304742 0.0015106746347826774 0.043914657343517648 0.0034906534263169143 -0.027146009589527165 -0.016441711303942345 -0.077975134109628613 0.067973516613025864 0.016032240405856144 -0.031863720612600448 0.0054262697754959973 -0.034334829228217373 0.014604304271678512 0.030514454165609869 -0.010034910097946317 0.036720972983640125 -0.056302224882578446 -0.060154378802277315 0.057334040350147657 -0.017653257918406138 -0.060453373417258253 0.033296678289771078 0.024584604170369471 -0.021383887711094646 0.02079871857266237 -0.029051611147275783 0.0013411319369578177 -0.013315951600670815 0.052273242622613902 -0.033285112209936109 -0.0088012285314892479 0.036552235247923968 0.027170187338040424 -0.0079601507502443658 0.022668760975437432 -0.036733254851966067 -0.036570029285821051 0.022569488462279821 0.028980875711525435 0.012176820998690252 0.021071775048731634 0.0430311490268242 0.06358984693567804 -0.04492367451229403 -0.02817089804805311 -0.017480265523561019 0.046604564073769485
leaf_weight=65 56 86 56 134 174 83 43 154 65 118 62 60 205 223 83 327 40 162 131 334 152 84 57 254 62 191 174 178 77 40 48 58 58 42 111 80 47 131 56 40 40 40 130 53 215 163 56 93 77 50 57 57 54 50 112 144 450 40 93 123 132 54 135
leaf_count=65 56 86 56 134 174 83 43 154 65 118 62 60 205 223 83 327 40 162 131 334 152 84 57 254 62 191 174 178 77 40 48 58 58 42 111 80 47 131 56 40 40 40 130 53 215 163 56 93 77 50 57 57 54 50 112 144 450 40 93 123 132 54 135
internal_value=0.00034117 -0.0100894 -0.00219016 0.0106572 0.0293678 -0.0382939 0.00322519 -0.00622458 -0.026467 -0.030001 0.0400359 0.0458023 -0.0229659 -0.0251511 -0.0363554 -0.0456821 0.00657896 -0.00269779 0.00670802 0.0149487 -0.0109455 -0.033115 -0.0390835 0.0511578 0.0446908 -0.0158798 -0.00843705 -0.0422467 0.0388282 0.0629978 0.0163461 0.00882799 -0.0299646 -0.0568598 0.0427325 -0.0343311 -0.0799509 0.0265778 0.00784167 -0.00399769 0.00405659 -0.0450825 -0.00678978 -0.0279057 0.0531084 -0.0282323 -0.0227549 0.0381096 0.0271866 0.004278 0.00709558 -0.0251104 -0.0471963 0.0128174 0.0196683 0.0205712 0.0189395 0.0329115 0.055885 -0.0491396 -0.0225302 -0.0251772 0.0426818
internal_weight=7019 5164 4035 2639 1855 1129 2089 1327 1396 1281 1263 1015 578 1169 528 410 592 405 749 465 357 1043 660 841 547 641 397 221 550 294 248 186 438 222 473 355 112 187 325 128 88 80 284 244 368 243 383 362 179 269 219 327 112 115 762 706 594 117 308 165 270 186 228
internal_count=7019 5164 4035 2639 1855 1129 2089 1327 1396 1281 1263 1015 578 1169 528 410 592 405 749 465 357 1043 660 841 547 641 397 221 550 294 248 186 438 222 473 355 112 187 325 128 88 80 284 244 368 243 383 362 179 269 219 327 112 115 762 706 594 117 308 165 270 186 228
is_linear=0
shrinkage=0.06


end of trees

feature_importances:
Column_9=324
Column_2=42
Column_6=29
Column_1=23
Column_3=20
Column_4=17
Column_0=15
Column_7=15
Column_5=13
Column_8=6

parameters:
[boosting: gbdt]
[objective: regression]
[metric: l2]
[tree_learner: serial]
[device_type: cpu]
[data_sample_strategy: bagging]
[data: ]
[valid: ]
[num_iterations: 600]
[learning_rate: 0.06]
[num_leaves: 64]
[num_threads: 16]
[seed: 2023]
[deterministic: 0]
[force_col_wise: 0]
[force_row_wise: 0]
[histogram_pool_size: -1]
[max_depth: 8]
[min_data_in_leaf: 40]
[min_sum_hessian_in_leaf: 0.001]
[bagging_fraction: 0.9]
[pos_bagging_fraction: 1]
[neg_bagging_fraction: 1]
[bagging_freq: 1]
[bagging_seed: 26561]
[bagging_by_query: 0]
[feature_fraction: 0.85]
[feature_fraction_bynode: 1]
[feature_fraction_seed: 22040]
[extra_trees: 0]
[extra_seed: 25715]
[early_stopping_round: 0]
[early_stopping_min_delta: 0]
[first_metric_only: 0]
[max_delta_step: 0]
[lambda_l1: 0]
[lambda_l2: 1]
[linear_lambda: 0]
[min_gain_to_split: 0]
[drop_rate: 0.1]
[max_drop: 50]
[skip_drop: 0.5]
[xgboost_dart_mode: 0]
[uniform_drop: 0]
[drop_seed: 17353]
[top_rate: 0.2]
[other_rate: 0.1]
[min_data_per_group: 100]
[max_cat_threshold: 32]
[cat_l2: 10]
[cat_smooth: 10]
[max_cat_to_onehot: 4]
[top_k: 20]
[monotone_constraints: ]
[monotone_constraints_method: basic]
[monotone_penalty: 0]
[feature_contri: ]
[forcedsplits_filename: ]
[refit_decay_rate: 0.9]
[cegb_tradeoff: 1]
[cegb_penalty_split: 0]
[cegb_penalty_feature_lazy: ]
[cegb_penalty_feature_coupled: ]
[path_smooth: 0]
[interaction_constraints: ]
[verbosity: 1]
[saved_feature_importance_type: 0]
[use_quantized_grad: 0]
[num_grad_quant_bins: 4]
[quant_train_renew_leaf: 0]
[stochastic_rounding: 1]
[linear_tree: 0]
[max_bin: 255]
[max_bin_by_feature: ]
[min_data_in_bin: 3]
[bin_construct_sample_cnt: 200000]
[data_random_seed: 6644]
[is_enable_sparse: 1]
[enable_bundle: 1]
[use_missing: 1]
[zero_as_missing: 0]
[feature_pre_filter: 1]
[pre_partition: 0]
[two_round: 0]
[header: 0]
[label_column: ]
[weight_column: ]
[group_column: ]
[ignore_column: ]
[categorical_feature: ]
[forcedbins_filename: ]
[precise_float_parser: 0]
[parser_config_file: ]
[objective_seed: 2023]
[num_class: 1]
[is_unbalance: 0]
[scale_pos_weight: 1]
[sigmoid: 1]
[boost_from_average: 1]
[reg_sqrt: 0]
[alpha: 0.9]
[fair_c: 1]
[poisson_max_delta_step: 0.7]
[tweedie_variance_power: 1.5]
[lambdarank_truncation_level: 30]
[lambdarank_norm: 1]
[label_gain: ]
[lambdarank_position_bias_regularization: 0]
[eval_at: ]
[multi_error_top_k: 1]
[auc_mu_weights: ]
[num_machines: 1]
[local_listen_port: 12400]
[time_out: 120]
[machine_list_filename: ]
[machines: ]
[gpu_platform_id: -1]
[gpu_device_id: -1]
[gpu_use_dp: 0]
[num_gpu: 1]

end of parameters

pandas_categorical:null
