tree
version=v4
num_class=1
num_tree_per_iteration=1
label_index=0
max_feature_idx=9
objective=regression
feature_names=Column_0 Column_1 Column_2 Column_3 Column_4 Column_5 Column_6 Column_7 Column_8 Column_9
feature_infos=[-4.9281487464904785:0.63685661554336548] [-2.6146364212036133:3.7100627422332764] [-5.1990861892700195:1.272971510887146] [-2.2269694805145264:2.5527749061584473] [-5.5711894035339355:1.3641557693481445] [-1.9902403354644775:2.1465384960174561] [-1.982926607131958:1.6860036849975586] [-2.3018357753753662:1.4582350254058838] [-2.4405524730682373:1.9915002584457397] [-1.7305047512054443:1.7332621812820435]
tree_sizes=5632 5644 5642 5661 5652 5635 5649 5656 5655

Tree=0
num_leaves=64
num_cat=0
split_feature=9 9 9 9 8 9 9 1 9 9 9 9 3 9 9 9 4 0 9 9 9 9 9 9 9 1 9 9 9 6 6 6 9 9 9 6 5 5 9 9 4 9 3 9 9 9 9 3 9 9 0 8 9 9 9 3 6 4 9 9 0 9 9
split_gain=1413.2 714.006 883.194 357.232 257.426 223.802 219.49 193.266 125.334 202.302 91.3397 127.608 90.4032 95.3065 79.0113 88.209 65.4845 63.798 60.6524 82.4421 43.906 55.9772 43.2501 42.6043 67.9073 37.1657 33.1516 30.6905 41.3429 26.6332 20.8186 20.2765 18.0528 17.8633 15.8969 14.3434 13.7723 11.2556 10.2602 8.41903 7.94443 7.44296 7.41084 7.11639 6.66598 6.11576 5.19608 5.06652 4.78186 4.75207 4.46617 3.84678 3.54402 4.97824 4.89081 3.40975 2.65467 2.07723 1.70467 1.42114 1.40775 1.12837 1.30344
threshold=0.82694086432456981 0.26118339598178869 -1.0429430603981016 -0.01348631316795945 0.40732413530349737 0.3024504035711289 -0.67153990268707264 1.0000000180025095e-35 -1.6757040023803709 -1.6344369649887083 -1.373079180717468 -1.4143462181091306 2.0607353448867802 1.5338048934936526 1.2675660848617556 1.3075019121170046 -0.13390543684363362 0.30122427642345434 1.102054297924042 0.90947490930557262 -0.35959677398204798 -0.27972511947154993 -0.63027289509773243 0.63436147570610057 0.52254116535186779 1.2065384984016421 0.21991638094186786 -1.1667441129684446 -1.249278128147125 -0.39720386266708368 0.10028097406029703 0.038097223732620485 0.5500524938106538 1.6802362799644472 1.4539332389831545 1.2196152210235598 0.98885804414749157 0.24794243276119235 -1.0704543590545652 0.7994295358657838 1.1456176638603213 0.97825327515602123 0.79551240801811229 -0.50647184252738942 -1.7032153010368345 0.44000713527202612 0.027336971834301952 -0.75087112188339222 0.67562848329544078 1.3873735666275027 0.30122427642345434 -1.5155026316642759 -1.0154317021369932 -0.94665333628654469 -0.90538632869720448 0.79551240801811229 1.4683561325073244 0.87606266140937816 1.0745429992675783 1.6403004527091982 0.19295527786016467 0.7719181776046754 0.74440684914588939
decision_type=2 2 2 2 2 2 2 2 2 2 2 2 2 2 2 2 2 2 2 2 2 2 2 2 2 2 2 2 2 2 2 2 2 2 2 2 2 2 2 2 2 2 2 2 2 2 2 2 2 2 2 2 2 2 2 2 2 2 2 2 2 2 2
left_child=1 2 8 6 14 -3 52 17 44 50 11 16 13 18 40 42 -11 22 19 -6 43 -22 -8 24 30 -15 31 28 -12 -19 -7 46 -26 36 35 -20 -14 47 -29 48 -2 -21 -16 -9 -1 -39 -5 -32 -25 -17 -10 -13 -4 -54 -55 -28 -36 -37 -43 -27 -34 62 -50
right_child=4 5 3 26 12 23 7 20 9 10 27 51 33 25 15 49 -18 29 34 41 21 -23 -24 39 32 59 55 38 -30 -31 37 -33 60 -35 56 57 -38 45 -40 -41 -42 58 -44 -45 -46 -47 -48 -49 61 -51 -52 -53 53 54 -56 -57 -58 -59 -60 -61 -62 -63 -64
leaf_value=0.028037481296714833 0.038748948878975363 -0.12627135826475269 0.012573330225100477 0.057313569912231396 0.025313716520298082 -0.015515175342154477 -0.077447155111244226 -0.01539129832144346 -0.1293158991314704 -0.023329793859851938 -0.026187521203429084 -0.089042179818816611 0.019332158443821159 0.042855908048542821 -0.070928625436059642 0.0018412127765478092 -0.062189242663625528 0.0078100698283248508 0.037035792550148709 0.057612362707396947 0.041634513084794392 0.0055957822605554016 -0.033566942269115371 -0.021032005803582925 -0.098154181199071669 0.089774315482121544 0.0085559611678798966 -0.040994600311595651 0.0063147601701605358 -0.03132488415023961 -0.068450248017564413 0.068113100524956185 -0.073989734739195498 0.040917118725133088 0.03641512882106885 0.017649792849783741 -0.01338085962089056 -0.026505679151247061 -0.016024737640292035 -0.010648016565563276 0.013541562028926755 0.077013662225052501 -0.038500632473577143 0.0020122964323566164 0.0033509758244635803 -0.043199241828895042 0.041694830198036457 -0.04439807968130606 -0.035752562138785506 0.019381415789450428 -0.096697930395260451 -0.11988945601788221 0.034588577953761301 0.012916872847229303 0.025907157687608783 0.028818211740931281 0.052689104946229436 0.0044432553205860309 0.061257050372242626 0.073701185952102025 -0.058915678666827939 -0.042815231941598891 -0.025515848820310143
leaf_weight=54 121 84 55 83 158 84 68 152 40 269 252 42 73 65 40 151 183 123 74 129 157 340 328 86 54 188 40 200 159 66 55 165 44 47 122 47 56 92 54 57 44 196 40 95 55 167 234 53 144 51 48 43 143 89 481 45 41 81 48 54 123 52 57
leaf_count=54 121 84 55 83 158 84 68 152 40 269 252 42 73 65 40 151 183 123 74 129 157 340 328 86 54 188 40 200 159 66 55 165 44 47 122 47 56 92 54 57 44 196 40 95 55 167 234 53 144 51 48 43 143 89 481 45 41 81 48 54 123 52 57
internal_value=-8.32096e-05 -0.0133386 -0.00348302 0.01341 0.0377604 -0.0480652 0.0038807 -0.00841574 -0.0356375 -0.0399863 -0.0345654 -0.0498993 0.0484423 0.0533376 0.00477201 -0.0113035 -0.0391653 -0.0298937 0.0450045 0.0558041 0.00848958 0.017041 -0.041278 -0.0418018 -0.0494882 0.0774331 0.0485842 -0.0221266 -0.0136288 -0.00594902 -0.0382124 0.0536634 -0.0722232 0.0148695 0.0291837 0.0196514 0.0051375 -0.0433511 -0.0357697 -0.0286665 0.0321491 0.0686174 -0.0553901 -0.00871647 0.0157247 -0.0373942 0.0459517 -0.0571624 -0.0316559 0.00634336 -0.112811 -0.10586 0.0251426 0.0260932 0.023905 0.0194934 0.0408049 0.00939179 0.0741767 0.0865058 -0.063304 -0.0351702 -0.0329903
internal_weight=7041 5215 4063 2664 1826 1152 2097 1329 1399 1290 1202 537 1379 1203 447 282 452 585 896 531 744 497 396 1068 672 307 567 665 411 189 451 482 221 176 365 202 129 367 254 396 165 373 80 247 109 259 317 108 339 202 88 85 768 713 570 85 163 128 244 242 167 253 201
internal_count=7041 5215 4063 2664 1826 1152 2097 1329 1399 1290 1202 537 1379 1203 447 282 452 585 896 531 744 497 396 1068 672 307 567 665 411 189 451 482 221 176 365 202 129 367 254 396 165 373 80 247 109 259 317 108 339 202 88 85 768 713 570 85 163 128 244 242 167 253 201
is_linear=0
shrinkage=1


Tree=1
num_leaves=64
num_cat=0
split_feature=9 9 9 9 8 9 9 1 9 9 9 9 9 9 4 4 2 9 1 9 9 9 9 9 9 9 9 9 9 9 8 2 6 6 9 9 6 2 9 4 9 6 2 9 9 9 0 9 9 9 9 9 9 9 9 1 6 2 2 0 2 2 2
split_gain=1228.39 636.642 768.876 314.812 235.579 193.991 189.09 176.939 107.855 188.413 76.2024 79.9605 74.9828 114.38 52.9985 47.1031 46.2469 40.3171 42.5073 34.9941 109.287 92.3578 79.6208 71.0222 32.0486 61.0854 30.0333 29.7831 29.3597 36.1325 23.1609 19.5811 18.5345 17.6299 16.8546 12.1527 12.7905 10.0224 9.60499 8.74727 7.80824 6.57529 6.21858 6.21159 5.62082 5.29905 4.5907 4.13448 3.9358 4.60456 3.87067 3.81978 3.32718 3.47319 2.90187 2.73736 2.0619 1.92633 1.81799 1.71332 1.63983 1.45311 1.34261
threshold=0.82694086432456981 0.26118339598178869 -1.0429430603981016 -0.01348631316795945 0.45278316736221319 0.3024504035711289 -0.67153990268707264 1.0000000180025095e-35 -1.6757040023803709 -1.6344369649887083 1.2675660848617556 1.3075019121170046 -1.373079180717468 -1.4143462181091306 -1.0432220101356504 -0.16768633574247357 0.56712579727172863 -0.50647184252738942 0.1524230241775513 1.5204929709434511 1.6403004527091982 1.6935482025146487 1.102054297924042 0.93698623776435863 0.63436147570610057 0.52254116535186779 0.21991638094186786 -0.63027289509773243 -1.1667441129684446 -1.249278128147125 0.86189281940460216 0.21963211894035342 0.038097223732620485 0.038097223732620485 0.5500524938106538 1.4539332389831545 1.2196152210235598 0.61056235432624828 -1.0704543590545652 1.1456176638603213 0.89571923017501842 0.34902189671993261 -0.01926855510100722 0.7994295358657838 1.5471168756484988 -1.7032153010368345 0.30122427642345434 1.3873735666275027 1.1845883131027224 1.4139974117279055 0.027336971834301952 0.68938416242599498 -0.71280694007873524 -1.0154317021369932 -0.96040901541709889 1.2065384984016421 1.2196152210235598 -0.12786052748560903 0.52368924021720897 0.19295527786016467 0.80602750182151806 0.78430870175361644 -0.21473368257284162
decision_type=2 2 2 2 2 2 2 2 2 2 2 2 2 2 2 2 2 2 2 2 2 2 2 2 2 2 2 2 2 2 2 2 2 2 2 2 2 2 2 2 2 2 2 2 2 2 2 2 2 2 2 2 2 2 2 2 2 2 2 2 2 2 2
left_child=1 2 8 6 10 16 52 14 45 42 39 37 13 15 30 -11 -3 -9 -19 22 44 46 23 40 25 32 33 -16 29 -14 -8 -15 -7 50 -27 36 -24 -12 -30 -2 -6 55 -10 51 -21 -1 -22 61 -38 -50 -5 -26 53 -4 -55 -34 -25 -52 -43 -36 62 -13 -53
right_child=4 5 3 26 19 24 7 17 9 12 11 47 28 31 27 -17 -18 18 -20 20 21 -23 35 56 43 34 -28 -29 38 -31 -32 -33 41 -35 59 -37 48 -39 -40 -41 -42 58 -44 -45 -46 -47 -48 -49 49 -51 57 60 -54 54 -56 -57 -58 -59 -60 -61 -62 -63 -64
leaf_value=0.025784910856573667 0.036040879115962342 -0.15766280520529974 0.012698647931472146 0.054314734437797642 0.021374050167496089 -0.0072588313023935862 0.0069103503357390034 -0.014479595564461004 -0.086452436872891017 -0.020154423083382552 -0.033190258238010292 -0.0017690936062605873 -0.024429172049371565 -0.12631844362107719 -0.06673301604184273 -0.052666265048661245 -0.078550422573234982 -0.00019384247171225157 0.026703441502383126 0.063278823861709008 -0.013991492262317074 0.069655147567391398 0.03215378347761285 0.063795042065305452 -0.022479591118769911 -0.094180061381596791 0.018920117602737128 -0.03160295056920908 -0.039220217549180619 0.0058641033396424702 -0.030240124813281002 -0.072682229047868308 -0.04658985846963163 0.065053871311015962 -0.070813679827584172 0.034778181982921881 -0.0048366773630613875 -0.069982435427060938 -0.015362129442949304 0.013383193015460933 0.042239943538841446 -0.022381467532653077 -0.12051220781662886 -0.01099906146374284 0.085830204998669418 0.0036573106323235802 0.0071381758130155508 0.017382469102097998 0.024463528378846799 0.003641963472205495 0.02935951597160763 -0.029899438188383077 0.014100799764747974 0.033940203189849853 0.024553320465143771 -0.033790577801180562 0.075376059183286978 0.042693692308081233 -0.036561191313796572 -0.055399349115548592 -0.024408223687909372 0.0080588524409380378 -0.040575582689859654
leaf_weight=53 148 41 54 78 121 51 121 149 41 232 40 103 244 40 75 217 40 268 324 51 44 79 80 217 108 51 86 322 196 164 63 40 213 160 44 141 45 40 56 62 75 64 50 48 183 55 59 57 46 62 44 65 80 109 499 70 108 183 44 123 42 58 109
leaf_count=53 148 41 54 78 121 51 121 149 41 232 40 103 244 40 75 217 40 268 324 51 44 79 80 217 108 51 86 322 196 164 63 40 213 160 44 141 45 40 56 62 75 64 50 48 183 55 59 57 46 62 44 65 80 109 499 70 108 183 44 123 42 58 109
internal_value=9.29756e-05 -0.0124552 -0.00315058 0.0128138 0.0353726 -0.0458871 0.00384186 -0.00749602 -0.0332151 -0.0372623 0.00644955 -0.0098007 -0.0318957 -0.0459175 -0.0281302 -0.0359494 -0.120029 0.00869883 0.0145472 0.0465665 0.0586435 0.0293502 0.0408938 0.0535272 -0.0399572 -0.0465966 0.046354 -0.0383906 -0.0206045 -0.0122679 -0.00590435 -0.100729 -0.0357717 0.0513763 -0.0682808 0.0231992 0.0160735 -0.0522232 -0.0340001 0.0294466 0.0295323 -0.0394628 -0.106273 -0.0280843 0.0812053 0.0146532 -0.00193583 0.00593457 0.00751131 0.0126535 0.044012 -0.0305739 0.0240251 0.0252014 0.0262891 -0.0435541 0.0678629 0.0402492 -0.0284408 -0.0598579 -0.0344988 0.0017993 -0.036781
internal_weight=6935 5116 4003 2615 1819 1113 2064 1322 1388 1280 508 298 1189 529 581 449 81 741 592 1311 416 182 895 521 1032 660 551 397 660 408 184 80 442 465 218 374 233 80 252 210 196 391 91 372 234 108 103 218 153 108 305 324 742 662 608 283 325 227 108 167 216 161 174
internal_count=6935 5116 4003 2615 1819 1113 2064 1322 1388 1280 508 298 1189 529 581 449 81 741 592 1311 416 182 895 521 1032 660 551 397 660 408 184 80 442 465 218 374 233 80 252 210 196 391 91 372 234 108 103 218 153 108 305 324 742 662 608 283 325 227 108 167 216 161 174
is_linear=0
shrinkage=0.05


Tree=2
num_leaves=64
num_cat=0
split_feature=9 9 9 9 7 9 9 1 9 9 1 9 9 9 9 0 9 9 6 2 9 9 9 9 9 3 9 9 9 9 6 9 9 2 9 6 9 6 6 2 9 8 9 9 9 1 9 2 9 9 9 9 9 9 9 9 9 2 9 2 2 0 2
split_gain=1146.8 596.596 697.226 297.624 245.362 194.494 178.202 160.004 98.3499 128.864 85.6496 70.3746 76.8801 55.986 72.4294 52.9294 45.7555 105.552 44.7493 43.1376 41.5116 40.1883 46.4843 33.3997 57.4987 30.5861 28.8313 25.9956 34.7408 25.2728 24.3264 24.0788 21.6892 18.2515 17.3732 17.0311 16.0942 15.7448 15.3288 9.99831 8.46177 7.5069 6.97318 6.45919 5.82735 8.62772 6.84473 5.77545 4.41054 4.37244 3.30721 5.06922 3.01319 4.01885 4.3559 2.76303 8.40276 2.18463 1.83874 1.7635 1.42592 1.41268 1.37395
threshold=0.82694086432456981 0.26118339598178869 -1.0429430603981016 -0.01348631316795945 0.6143074929714204 0.3024504035711289 -0.67153990268707264 1.0000000180025095e-35 -1.6894596219062803 -1.373079180717468 1.2065384984016421 -1.4143462181091306 -1.6206812858581541 1.102054297924042 0.90947490930557262 0.30122427642345434 1.2675660848617556 1.3075019121170046 -1.7652760744094846 0.56712579727172863 -0.63027289509773243 -0.35959677398204798 -0.27972511947154993 0.63436147570610057 0.52254116535186779 1.4984139800071719 -1.5656585693359373 -1.1667441129684446 -1.249278128147125 1.4539332389831545 -0.39720386266708368 0.21991638094186786 1.6802362799644472 0.17619657516479495 0.5500524938106538 0.038097223732620485 1.1708326339721682 0.038097223732620485 1.2196152210235598 0.58884355425834667 -1.0704543590545652 -0.18815998733043668 0.7994295358657838 0.97825327515602123 0.39874011278152471 1.2065384984016421 0.44000713527202612 0.78430870175361644 0.67562848329544078 0.027336971834301952 1.5604287981987002 1.6403004527091982 -1.0154317021369932 -0.94665333628654469 -0.90538632869720448 1.3873735666275027 1.4139974117279055 -1.365804076194763 1.0745429992675783 -0.12786052748560903 0.84946307539939891 0.19295527786016467 -1.1920572519302366
decision_type=2 2 2 2 2 2 2 2 2 2 2 2 2 2 2 2 2 2 2 2 2 2 2 2 2 2 2 2 2 2 2 2 2 2 2 2 2 2 2 2 2 2 2 2 2 2 2 2 2 2 2 2 2 2 2 2 2 2 2 2 2 2 2
left_child=1 2 8 6 16 19 52 15 -1 11 13 12 18 14 -6 20 36 39 -10 -3 -8 41 -23 24 35 -15 -14 28 -11 55 -17 37 38 -13 -26 -7 -2 49 -27 -18 -29 -9 48 57 45 -37 -46 -40 -25 -5 -12 -52 -4 -54 -55 -19 -57 -16 -45 -51 62 -36 -50
right_child=4 5 3 31 10 23 7 21 9 27 50 33 26 25 43 30 17 29 -20 -21 -22 22 -24 42 34 32 -28 40 -30 -31 -32 -33 -34 -35 61 44 -38 -39 47 -41 -42 -43 -44 58 46 -47 -48 -49 60 59 51 -53 53 54 -56 56 -58 -59 -60 -61 -62 -63 -64
leaf_value=0.021265177590301238 0.0075673338648876258 -0.14991139147016738 0.011376193633865722 0.052073650367288705 0.022504708894290206 -0.0064575468185357754 -0.071271401347771088 -0.0048053865852515877 -0.036336932983249429 -0.023685978774492647 0.057908957887370632 -0.11865855331827956 -0.010540619770554774 0.048760727309577527 0.039836951545098934 0.0080513314388692379 -0.030028578386242899 0.0014799795721912581 -0.096366750813545066 -0.077443936435466126 -0.029455398597284785 0.038394974430292092 0.0055211702853463218 -0.018753472338853914 -0.091203246333382351 0.027084749682340772 -0.04104193695282686 -0.037047638588818939 0.0056228834568866574 0.03641587471824953 -0.029479244125611856 0.018865729880053552 0.039282217773340518 -0.068904989196899094 -0.067089723745981864 -0.058222121914227813 0.035928532073675599 0.061140999902378437 -0.014486549427179066 -0.065707532113248659 -0.015016608903089824 -0.028289848616028707 -0.0095372225239611502 0.069758389792849679 -0.02101499523496491 -0.033267039670185614 -0.038776526399697475 0.0084167073046873247 -0.024848165498538452 0.027726828337957463 0.081248513148848428 0.061468262294196156 0.031295202444069574 0.010874874905011683 0.023344460239645488 0.025461946524165831 0.00018900528598528405 0.056583699226379396 0.054569037532319835 0.040051391338490692 -0.022714198203107647 -0.052645242933569286 -0.036351694421070384
leaf_weight=82 70 44 59 82 171 49 72 204 49 254 52 40 105 83 40 124 41 167 93 46 340 157 338 87 54 49 304 202 167 86 65 83 58 46 44 74 180 164 73 43 58 40 56 198 86 76 170 43 43 47 156 66 136 85 482 57 76 99 48 190 42 115 163
leaf_count=82 70 44 59 82 171 49 72 204 49 254 52 40 105 83 40 124 41 167 93 46 340 157 338 87 54 49 304 202 167 86 65 83 58 46 44 74 180 164 73 43 58 40 56 198 86 76 170 43 43 47 156 66 136 85 482 57 76 99 48 190 42 115 163
internal_value=-7.45366e-05 -0.0120834 -0.00309355 0.0119008 0.0336694 -0.0438815 0.00322749 -0.00775035 -0.0316566 -0.0349628 0.0481337 -0.051119 -0.0444029 0.0403064 0.0497635 -0.0268876 0.010813 0.00160474 -0.0760512 -0.114131 -0.0369179 0.00782851 0.0160042 -0.0378093 -0.0446222 0.0230167 -0.0332563 -0.0197976 -0.0120741 0.0126826 -0.00494323 0.044049 0.0132599 -0.0931441 -0.0660844 -0.0344522 0.0280492 0.0483287 0.00393113 -0.048851 -0.0322094 -0.00875505 -0.0260858 0.0617811 -0.0378067 -0.0458823 -0.0329147 -0.00599718 -0.0288155 0.0415713 0.0725221 0.0756699 0.0225172 0.0234347 0.0214976 0.00578067 0.0111295 0.0520835 0.0670275 0.037734 -0.0322559 -0.0570368 -0.0340821
internal_weight=7073 5217 4068 2668 1856 1149 2102 1340 1400 1318 1136 637 551 862 556 601 720 470 142 90 412 739 495 1059 668 306 409 681 421 386 189 566 223 86 213 455 250 483 165 84 260 244 391 385 406 150 256 116 335 319 274 222 762 703 567 300 133 139 246 237 248 159 206
internal_count=7073 5217 4068 2668 1856 1149 2102 1340 1400 1318 1136 637 551 862 556 601 720 470 142 90 412 739 495 1059 668 306 409 681 421 386 189 566 223 86 213 455 250 483 165 84 260 244 391 385 406 150 256 116 335 319 274 222 762 703 567 300 133 139 246 237 248 159 206
is_linear=0
shrinkage=0.05


Tree=3
num_leaves=64
num_cat=0
split_feature=9 9 9 9 7 9 9 1 9 4 3 9 1 9 9 0 9 9 9 9 9 9 7 9 9 9 9 9 1 9 5 9 9 9 9 9 9 9 0 5 5 9 9 9 8 5 5 9 9 9 9 9 9 9 9 9 9 9 9 1 0 9 9
split_gain=983.398 569.045 601.023 263.257 223.473 171.792 156.781 147.488 95.1691 142.466 78.7809 69.2807 61.1922 51.5776 91.8608 49.522 37.2622 46.7801 32.3461 120.456 32.327 50.5897 28.83 26.0812 30.1797 24.7292 32.7167 23.6442 20.8817 19.7337 16.3053 15.9351 14.4765 23.6985 12.8876 12.0093 10.5895 7.98338 7.83282 7.74476 13.8061 8.7639 6.72455 6.27374 5.95657 5.82591 5.45597 5.19015 5.05013 4.84776 4.66856 4.35241 3.34248 3.21052 3.24346 2.41896 2.31444 8.55473 1.33295 1.24215 1.04977 1.03711 0.872555
threshold=0.82694086432456981 0.26118339598178869 -1.0429430603981016 -0.01348631316795945 0.56417387723922741 0.3024504035711289 -0.67153990268707264 1.0000000180025095e-35 -1.6757040023803709 -0.13390543684363362 1.9201549887657168 0.90947490930557262 1.0000000180025095e-35 1.2675660848617556 1.3075019121170046 0.21460897475481036 -0.35959677398204798 -0.27972511947154993 -1.373079180717468 -1.4143462181091306 0.63436147570610057 0.52254116535186779 0.68115335702896129 -1.1667441129684446 -1.249278128147125 1.5338048934936526 1.102054297924042 0.21991638094186786 -0.37463472038507456 -0.63027289509773243 1.8532593846321108 0.5500524938106538 1.1295656561851504 1.6802362799644472 1.4539332389831545 1.1845883131027224 0.12362667545676233 -1.0704543590545652 0.27957032620906835 -0.3694873303174972 0.21707098931074145 0.3299617618322373 0.7994295358657838 0.97825327515602123 -0.26998245716094965 -0.67820259928703297 1.7297728657722475 0.19240503013134005 1.4539332389831545 0.44000713527202612 0.041092643514275558 -1.7032153010368345 0.67562848329544078 -0.69905126094818104 -1.0154317021369932 -0.96040901541709889 1.3873735666275027 1.4139974117279055 0.7719181776046754 -0.63816359639167775 0.19295527786016467 0.85445222258567821 0.93698623776435863
decision_type=2 2 2 2 2 2 2 2 2 2 2 2 2 2 2 2 2 2 2 2 2 2 2 2 2 2 2 2 2 2 2 2 2 2 2 2 2 2 2 2 2 2 2 2 2 2 2 2 2 2 2 2 2 2 2 2 2 2 2 2 2 2 2
left_child=1 2 8 6 13 -3 53 15 51 18 11 61 28 35 38 29 44 -18 19 45 21 39 -17 24 -20 26 43 36 -11 -8 -27 -23 -12 46 56 -2 50 -25 -15 41 -41 -7 52 62 -9 -10 -34 -38 -28 -42 -5 -1 -22 54 -4 -56 -16 -58 59 -54 -33 -6 -13
right_child=4 5 3 27 10 20 7 16 9 12 32 25 -14 14 34 22 17 -19 23 -21 42 31 -24 37 -26 30 48 -29 -30 -31 -32 60 33 -35 -36 -37 47 -39 -40 40 49 -43 -44 -45 -46 -47 -48 -49 -50 -51 -52 -53 58 -55 55 -57 57 -59 -60 -61 -62 -63 -64
leaf_value=0.023687915404637657 0.0053943556564098058 -0.11033842522910862 0.01071839706815683 0.04811799897388979 0.015447493590283813 -0.035684952216929404 -0.074277317523956304 -0.0047647394939487539 -0.011319758279177432 -0.058969719198367167 0.040540452470194624 0.042104206398382027 -0.030477487944486195 -0.063958525657653809 0.0011442655168470792 -0.002025873736711219 0.037009867000976346 0.0046778800520401375 -0.021977713738400569 -0.090992852784693254 -0.018309921791078525 -0.086313796461674211 -0.030543983168900016 -0.03553401429578662 0.0053700861311517661 0.074552070341426233 0.015735696895668904 0.017210030494745645 -0.097749749101974356 -0.036825651531276031 0.038391851926813041 -0.06356172230508593 0.0068348786191028705 0.036946422528279455 0.032080601605604282 0.035529912321284517 0.060979789136149355 -0.014389773058231737 -0.032569799683195476 -0.057565671745417782 -0.022560878315479638 -0.00801917794594636 -0.0087024977332667303 0.063983426526584453 -0.025622561347398272 -0.026761903952947766 -0.014927125752903524 0.041462751502792043 0.036336173902858392 -0.037100716053395176 0.034002847401868729 0.0042147579259778321 -0.019527834440980638 0.010131174313728928 0.03049677931660906 0.021971481483183952 0.024855579316083874 -0.0011854303439390171 -0.037979068118950417 -0.030446881785684707 -0.050627422297564076 0.024400596320629121 0.053581004423253677
leaf_weight=59 43 85 57 109 56 57 46 212 103 61 52 58 80 41 158 199 166 340 238 79 79 56 159 199 174 231 44 83 107 165 40 44 67 56 52 148 140 60 46 68 96 58 56 225 40 158 49 59 109 172 167 56 41 60 108 541 55 72 57 146 126 114 84
leaf_count=59 43 85 57 109 56 57 46 212 103 61 52 58 80 41 158 199 166 340 238 79 79 56 159 199 174 231 44 83 107 165 40 44 67 56 52 148 140 60 46 68 96 58 56 225 40 158 49 59 109 172 167 56 41 60 108 541 55 72 57 146 126 114 84
internal_value=-3.59986e-05 -0.0111257 -0.00228666 0.0116227 0.0317798 -0.0422768 0.00347968 -0.0069171 -0.0291124 -0.0330882 0.0444634 0.0506867 -0.0669951 0.00730821 -0.00242224 -0.0261339 0.00752357 0.0153369 -0.0247128 -0.0372781 -0.0366992 -0.0432619 -0.0147415 -0.0182998 -0.0104429 0.0569116 0.0502953 0.0421056 -0.0841012 -0.0453023 0.0693755 -0.0625984 0.0176578 0.0105454 0.00943073 0.0288089 0.0464104 -0.0307099 -0.0479209 -0.0334551 -0.037326 -0.0219212 -0.0248934 0.0584206 -0.00816369 -0.0207343 -0.00240671 0.0554296 0.0305525 -0.0319956 0.0397309 0.0143234 -0.0276649 0.0214764 0.0224248 0.0234349 0.0052004 0.0101983 -0.0306067 -0.0281695 -0.0543273 0.0215589 0.0492205
internal_weight=6966 5166 4025 2651 1800 1141 2093 1327 1374 1259 1185 961 248 615 424 569 758 506 1011 340 1056 677 358 671 412 791 520 558 168 211 271 226 224 172 337 191 475 259 87 451 336 115 379 367 252 261 116 199 153 268 276 115 323 766 706 649 285 127 244 187 170 170 142
internal_count=6966 5166 4025 2651 1800 1141 2093 1327 1374 1259 1185 961 248 615 424 569 758 506 1011 340 1056 677 358 671 412 791 520 558 168 211 271 226 224 172 337 191 475 259 87 451 336 115 379 367 252 261 116 199 153 268 276 115 323 766 706 649 285 127 244 187 170 170 142
is_linear=0
shrinkage=0.05


Tree=4
num_leaves=64
num_cat=0
split_feature=6 5 8 4 8 1 8 6 1 0 8 3 3 1 1 5 6 5 3 1 1 4 1 6 1 6 1 6 4 1 4 4 1 1 1 4 3 3 8 3 3 2 4 4 0 4 6 3 0 6 6 4 5 3 4 6 5 5 1 4 5 4 5
split_gain=853.469 353.339 361.441 329.188 160.788 134.06 89.7817 72.1832 61.2054 59.5067 67.1307 48.2976 63.4029 44.99 38.3736 37.9113 34.647 28.253 27.8478 25.2993 39.5065 22.2769 21.2869 28.8127 21.2612 20.1302 59.684 20.0824 19.0676 16.3708 37.1914 16.3238 15.5646 15.4281 14.3418 23.359 14.1116 13.0362 33.2389 12.8194 11.9049 11.7935 11.1696 10.1837 10.1137 12.3511 9.78576 9.67622 9.6741 14.6647 9.18116 8.34383 7.83658 6.88073 6.87512 6.87207 6.0282 5.57994 5.53158 4.84015 3.97224 3.64647 3.62486
threshold=0.97087427973747265 -0.46210168302059168 0.15731298178434375 -0.16768633574247357 0.47096353769302374 0.1524230241775513 -1.3109450936317442 -0.95686948299407948 -1.4287564754486082 0.43114647269248968 -0.019971305504441258 2.0607353448867802 1.0766730904579165 0.41595189273357397 1.0000000180025095e-35 0.37142825126647955 1.2196152210235598 1.0814723968505862 -1.4537760615348814 1.2065384984016421 0.1524230241775513 -0.33589969575405115 -0.63816359639167775 -0.95686948299407948 -1.4287564754486082 0.10028097406029703 1.0000000180025095e-35 0.038097223732620485 0.2700809538364411 1.2065384984016421 1.0442760586738589 -0.57167378067970265 0.1524230241775513 -0.90169563889503468 -1.4287564754486082 1.0780558586120608 1.6389943361282351 -0.75087112188339222 -0.57908928394317616 -0.18854984268546102 0.3737714439630509 -0.1712960675358772 -0.032564855180680745 0.80919095873832714 0.06303309835493566 -0.47033214569091791 1.2818019390106203 0.3737714439630509 0.25791636854410177 -0.1484599597752094 1.4061723947525027 0.034307916648685939 0.24794243276119235 0.79551240801811229 1.1118367314338686 1.4683561325073244 0.58752840757370006 0.95798584818840038 -0.63816359639167775 0.33764275908470159 -1.0486600399017332 0.23630111664533618 1.1740867495536806
decision_type=2 2 2 2 2 2 2 2 2 2 2 2 2 2 2 2 2 2 2 2 2 2 2 2 2 2 2 2 2 2 2 2 2 2 2 2 2 2 2 2 2 2 2 2 2 2 2 2 2 2 2 2 2 2 2 2 2 2 2 2 2 2 2
left_child=1 2 3 6 16 48 21 44 -3 10 25 12 18 14 33 32 -2 51 24 20 -14 22 23 -1 -6 26 -5 42 -27 -18 53 -24 41 -10 62 43 55 -35 -39 -23 -12 -16 -7 -36 -8 -46 -38 -44 49 -4 -37 56 -53 -31 -13 -22 -15 -56 -9 -29 -60 -54 -20
right_child=4 8 5 9 11 27 7 58 13 -11 40 54 19 17 15 -17 29 -19 34 -21 36 39 31 -25 -26 28 -28 59 -30 30 -32 -33 -34 37 35 50 46 38 -40 -41 -42 -43 47 -45 45 -47 -48 -49 -50 -51 -52 52 61 -55 57 -57 -58 -59 60 -61 -62 -63 -64
leaf_value=-0.016180868797887979 0.027417695287564034 0.01802979505050983 -0.035684200601888379 -0.070879159494182151 0.028284376561641695 0.036910925634442288 -0.025300161558531861 0.020978050785029505 -0.018602982677147363 0.0025079098530113699 -0.030100916968746429 0.028635016778627266 0.062915184624267359 -0.0050273053348064423 -0.026533336962827225 -0.027011703851087011 0.018691813528892539 -0.05692805660557803 0.052192673333194273 0.066375873984445721 0.027566984101482062 -0.056993204692032111 -0.010370188503870155 0.011764471743337281 -0.018316509601815294 -0.049527627229690556 -0.02443132505584986 0.034045738399028781 -0.095527240903631072 0.0084817291076210027 -0.039894543853230206 -0.031452547868936316 0.027182767532911958 -0.027693302039279305 0.031605317249474393 0.032121725570648275 0.028800796684143801 -0.078943464999849153 -0.03512388579885882 -0.019495706414839008 0.004196425322063115 0.0046399570369560807 0.014321485617174912 0.0070909675452168336 0.010424288832147417 -0.0099406150490760643 -0.0035001640457932542 0.032487080246210102 0.0010501087083233686 0.0015529405065747195 0.065888018870637541 -0.051620385737011311 -0.020257217079316353 -0.0084327125817814721 0.020237493794411421 0.05558656776214347 -0.031995300914753569 -0.0020913456560164279 0.0027548614391234034 0.053943538778078032 0.016571188267484747 -0.036740212168382566 0.036757173352852106
leaf_weight=185 145 66 70 176 49 282 69 467 163 59 52 51 164 40 43 217 83 213 108 241 45 42 221 182 47 40 116 49 66 166 64 158 50 242 70 46 55 54 226 52 48 97 160 107 100 283 40 139 78 42 41 75 54 93 45 50 43 71 85 135 135 114 81
leaf_count=185 145 66 70 176 49 282 69 467 163 59 52 51 164 40 43 217 83 213 108 241 45 42 221 182 47 40 116 49 66 166 64 158 50 242 70 46 55 54 226 52 48 97 160 107 100 283 40 139 78 42 41 75 54 93 45 50 43 71 85 135 135 114 81
internal_value=0.000178192 -0.0102443 -0.0011445 -0.0110174 0.0292079 0.025057 -0.00145294 0.00769038 -0.0289525 -0.044936 -0.0505506 0.0387276 0.0423941 -0.0308635 -0.0249866 -0.0127818 0.00652849 -0.0427017 0.0300453 0.0537186 0.044939 -0.0138453 -0.0109235 -0.00232811 0.00551574 -0.0597369 -0.0525736 0.0343843 -0.078794 -0.000980981 -0.00607831 -0.0192188 0.00352655 -0.032209 0.0352201 0.0274974 0.0291745 -0.0364139 -0.0438257 -0.0366735 -0.0137596 -0.00505497 0.0297246 0.016909 -0.00781742 -0.00461011 0.0153056 0.0228465 -0.0124809 -0.0218301 0.0486025 -0.033261 -0.0379607 0.00239913 0.0135081 0.0427395 -0.0192132 0.00666964 0.01789 0.0488573 0.0112697 -0.0315933 0.0458057
internal_weight=7050 5188 3491 2536 1862 955 1979 1139 1697 557 498 1311 1144 1631 1092 407 551 539 549 595 354 840 746 367 96 398 292 765 106 406 323 379 190 685 453 264 190 522 280 94 100 140 581 177 452 383 95 299 190 112 87 326 243 259 167 95 83 116 687 184 220 168 189
internal_count=7050 5188 3491 2536 1862 955 1979 1139 1697 557 498 1311 1144 1631 1092 407 551 539 549 595 354 840 746 367 96 398 292 765 106 406 323 379 190 685 453 264 190 522 280 94 100 140 581 177 452 383 95 299 190 112 87 326 243 259 167 95 83 116 687 184 220 168 189
is_linear=0
shrinkage=0.05


Tree=5
num_leaves=64
num_cat=0
split_feature=9 9 9 9 7 9 9 1 9 9 3 9 9 9 9 9 9 9 4 5 1 9 9 9 9 9 9 9 9 1 9 9 6 6 9 7 1 9 9 9 1 9 9 9 9 9 9 9 9 9 3 9 9 3 7 6 9 9 1 6 3 9 9
split_gain=842.44 441.03 515.157 211.937 177.605 136.378 126.877 125.08 78.7996 121.488 70.8218 59.7477 79.9755 52.5867 46.6589 68.7769 44.2083 70.0104 39.4062 30.1757 31.8097 23.5566 42.5874 23.0281 33.4638 21.86 26.186 20.0397 16.9866 13.978 23.5029 13.7662 13.3053 13.0527 9.05651 8.61032 8.36393 7.11937 6.76884 5.49671 8.62753 5.40185 5.3666 4.99348 4.56669 3.69341 7.29979 3.60827 3.4977 3.44464 2.90524 2.39486 3.67433 2.35237 1.86776 1.66637 1.16435 1.12269 1.32566 1.02824 0.75245 0.693892 0.545181
threshold=0.82694086432456981 0.26118339598178869 -1.0429430603981016 -0.01348631316795945 0.54746168851852428 0.3024504035711289 -0.67153990268707264 1.0000000180025095e-35 -1.6757040023803709 -1.6344369649887083 1.9201549887657168 -1.373079180717468 -1.4143462181091306 0.90947490930557262 -0.63027289509773243 -0.41284452378749842 1.2675660848617556 1.3075019121170046 -0.13390543684363362 -1.2338887453079221 0.1524230241775513 0.63436147570610057 0.52254116535186779 1.5338048934936526 1.102054297924042 -1.1667441129684446 -1.249278128147125 0.21991638094186786 1.6403004527091982 0.41595189273357397 1.6802362799644472 0.5500524938106538 0.10028097406029703 0.038097223732620485 0.39874011278152471 -1.5916000008583067 0.94300961494445812 1.4406213760375979 -1.0704543590545652 1.6536123752593996 0.67948076128959667 0.7994295358657838 0.93698623776435863 0.44000713527202612 1.4406213760375979 1.4139974117279055 1.3873735666275027 -1.7032153010368345 0.68938416242599498 0.027336971834301952 -0.89145144820213307 -0.71280694007873524 -0.78158527612686146 0.79551240801811229 -1.2239483594894407 1.2196152210235598 0.10987100377678873 0.7719181776046754 -0.63816359639167775 1.4061723947525027 0.93609276413917553 0.85445222258567821 0.66187280416488659
decision_type=2 2 2 2 2 2 2 2 2 2 2 2 2 2 2 2 2 2 2 2 2 2 2 2 2 2 2 2 2 2 2 2 2 2 2 2 2 2 2 2 2 2 2 2 2 2 2 2 2 2 2 2 2 2 2 2 2 2 2 2 2 2 2
left_child=1 2 8 6 16 -3 51 14 47 -10 13 12 18 61 -8 -16 36 -18 -11 -9 -21 22 32 24 42 26 -13 33 -25 -12 39 -24 -7 49 50 -14 -2 45 -27 40 -31 48 -15 -36 -26 46 60 -1 62 -5 -34 52 54 -29 -4 -44 -51 58 -50 -46 -19 -6 -23
right_child=4 5 3 27 10 21 7 19 9 11 29 25 35 23 15 -17 17 37 -20 20 -22 41 31 28 44 38 -28 53 -30 30 -32 -33 34 -35 43 -37 -38 -39 -40 -41 -42 -43 55 -45 59 -47 -48 -49 57 56 -52 -53 -54 -55 -56 -57 -58 -59 -60 -61 -62 -63 -64
leaf_value=0.022753960090988089 0.0062889574649965477 -0.10022301128720519 0.0089406902009310837 0.045021464832035119 0.014386649812675185 -0.011424915788423581 -0.05776927554092947 -0.012734700880644706 -0.091643587528885184 -0.017953300737317338 0.037058264711650753 -0.020048212576482441 -0.065495366809215957 0.037895400300621988 0.0033352989913380173 -0.03372315624434697 -0.04475285998778418 0.0037706255693880156 -0.048261646060524764 -0.0002522534479900007 0.022663129899838735 -0.021396940111600121 -0.078082948923110962 0.069554271795028863 0.013085065591053999 -0.032609630728037513 0.0054885728787356881 0.0068073415847191981 0.040240229604144889 -0.01244631119418976 0.034466885139925345 -0.048539724312722687 -0.055077425601347443 0.053609502769824936 -0.018108307128517652 -0.10149014606708434 0.031987217489655155 0.023856476653705945 -0.012330019074407492 -0.018108798799718297 0.018253097909844803 -0.0084335119528859328 0.05244058736655266 -0.033274111836032141 0.026714710097171759 -0.0076358701499110023 0.02255236538725772 0.0046050020880302632 -0.018324686781219814 0.029426046483582116 -0.036930166978816514 0.011352725837517667 0.027952998685133124 0.023488896679547098 0.019671740403245618 0.062769144713276562 0.038729951353300186 -0.035469766034454599 -0.029245449721813199 0.037058107005590105 -0.0036687547690235078 0.022001624338131034 -0.013689283051274041
leaf_weight=52 41 80 47 80 53 83 83 148 76 260 58 245 46 59 223 284 79 116 184 275 336 57 58 214 48 198 169 42 71 42 61 159 52 163 85 40 147 54 54 40 48 56 218 175 75 53 55 58 45 163 60 80 143 44 473 98 62 60 124 58 47 112 54
leaf_count=52 41 80 47 80 53 83 83 148 76 260 58 245 46 59 223 284 79 116 184 275 336 57 58 214 48 198 169 42 71 42 61 159 52 163 85 40 147 54 54 40 48 56 218 175 75 53 55 58 45 163 60 80 143 44 473 98 62 60 124 58 47 112 54
internal_value=9.46793e-05 -0.0102503 -0.00245529 0.0104671 0.0290751 -0.0375747 0.00317828 -0.00596017 -0.0271864 -0.0306963 0.0397173 -0.0267501 -0.0392723 0.0456254 -0.0232092 -0.0174488 0.0064853 -0.00284559 -0.0305937 0.00746103 0.0123658 -0.0327926 -0.0385117 0.0506909 0.0445786 -0.016741 -0.00963567 0.0379356 0.0624177 0.0157605 0.00913384 -0.056758 -0.0297042 0.042014 -0.033741 -0.0832112 0.0264457 0.00744713 -0.0283299 -0.00292558 0.00394737 -0.0230149 0.053118 -0.0284044 0.0266918 0.00410169 0.00697715 0.0133122 -0.0253848 0.0356621 -0.0457685 0.0197559 0.0207512 0.015514 0.0187208 0.0558317 0.0321498 -0.0289664 -0.0264625 0.0314683 0.00161624 0.019657 -0.017803
internal_weight=7023 5176 4028 2646 1847 1148 2092 1349 1382 1272 1255 1196 530 1006 590 507 592 404 444 759 611 1068 672 841 556 666 414 554 285 249 191 217 455 468 372 86 188 325 252 130 90 396 375 260 181 271 218 110 340 305 112 743 663 86 520 316 225 229 169 133 163 165 111
internal_count=7023 5176 4028 2646 1847 1148 2092 1349 1382 1272 1255 1196 530 1006 590 507 592 404 444 759 611 1068 672 841 556 666 414 554 285 249 191 217 455 468 372 86 188 325 252 130 90 396 375 260 181 271 218 110 340 305 112 743 663 86 520 316 225 229 169 133 163 165 111
is_linear=0
shrinkage=0.05


Tree=6
num_leaves=64
num_cat=0
split_feature=9 9 9 9 8 9 9 1 9 9 3 9 9 9 4 9 9 9 9 4 2 9 1 9 9 9 1 9 9 9 9 2 9 6 6 9 5 4 6 9 9 6 2 9 9 9 3 9 9 2 3 9 3 9 9 9 9 2 2 9 2 4 2
split_gain=751.326 410.253 465.708 202.379 138.941 136.316 116.787 101.737 75.0818 120.309 46.6905 59.7228 46.004 71.8737 45.4876 42.0691 46.0542 40.3349 47.5258 36.0722 28.1821 26.0883 29.9492 22.355 39.2848 20.8435 18.9165 18.6255 23.2019 18.1674 17.8289 15.4129 12.5553 11.312 11.2398 10.3429 8.54457 6.62704 6.16771 5.92253 5.08118 12.1927 5.01706 4.58576 4.45113 4.18227 4.10741 3.28061 2.99597 2.90091 3.26477 2.54059 2.47325 2.41917 2.34019 2.59675 2.59308 1.73024 1.62074 1.52115 1.3594 1.12237 1.04354
threshold=0.82694086432456981 0.26118339598178869 -1.0429430603981016 -0.01348631316795945 0.40732413530349737 0.3024504035711289 -0.67153990268707264 1.0000000180025095e-35 -1.6757040023803709 -1.6344369649887083 2.0607353448867802 1.5204929709434511 -1.373079180717468 -1.4143462181091306 -1.0432220101356504 1.102054297924042 0.90947490930557262 1.2675660848617556 1.2941899895668032 -0.13390543684363362 0.54540804028511058 -0.50647184252738942 0.1524230241775513 0.63436147570610057 0.52254116535186779 -0.63027289509773243 1.2065384984016421 -1.1667441129684446 -1.249278128147125 0.21991638094186786 -0.41284452378749842 0.17619657516479495 0.5500524938106538 0.038097223732620485 0.038097223732620485 1.6802362799644472 0.98885804414749157 1.1456176638603213 0.34902189671993261 -1.0704543590545652 1.4406213760375979 1.2196152210235598 0.089323412626981749 0.7994295358657838 1.3873735666275027 0.97825327515602123 -0.46971046924591059 0.68938416242599498 0.027336971834301952 0.76258990168571483 0.79551240801811229 1.4139974117279055 0.79551240801811229 -1.7032153010368345 -0.69905126094818104 -1.0154317021369932 -0.96040901541709889 0.52368924021720897 -0.12786052748560903 1.0745429992675783 0.80602750182151806 0.70784932374954235 0.30650527775287634
decision_type=2 2 2 2 2 2 2 2 2 2 2 2 2 2 2 2 2 2 2 2 2 2 2 2 2 2 2 2 2 2 2 2 2 2 2 2 2 2 2 2 2 2 2 2 2 2 2 2 2 2 2 2 2 2 2 2 2 2 2 2 2 2 2
left_child=1 2 8 6 17 20 54 14 53 42 11 15 13 19 30 16 -6 37 -19 -11 -3 -9 -23 24 33 -16 -13 28 -14 34 -8 -15 -26 -7 48 36 -12 -2 46 -29 41 -17 -10 47 49 62 -35 -25 -5 50 -20 -43 -31 -1 55 -4 -57 -40 -50 -47 -49 -42 -18
right_child=4 5 3 29 10 23 7 21 9 12 35 26 27 31 25 40 45 18 44 -21 -22 22 -24 43 32 -27 -28 39 -30 52 -32 -33 -34 38 -36 -37 -38 -39 57 -41 61 51 -44 -45 -46 59 -48 60 58 -51 -52 -53 -54 -55 -56 56 -58 -59 -60 -61 -62 -63 -64
leaf_value=0.021492962605719056 0.028482625476317483 -0.12886317008879128 0.0086475190171902937 0.04301732530196508 0.018672832338957165 -0.0047882517782757844 0.011620365905173876 -0.012566692460228332 -0.070062278102083916 -0.016445813083555551 0.01500638272128489 0.035708815476107526 -0.019044759666811177 -0.10170499587931284 -0.054412823779275643 0.028546426501649787 0.03614137453898307 -0.052184573341161014 0.00080401458426554136 -0.045664875596147875 -0.066354510769611449 -0.0012861242998674837 0.021176968882820623 -0.017033422017135685 -0.074356718285609108 -0.025535015028510362 0.064371402502844219 -0.030851403820277446 0.0052366399483882494 0.0058536110390421184 -0.01903257209009358 -0.055275699780100877 -0.046426781882033794 -0.041743649490591554 0.050802355703143842 0.03018354644717754 -0.01109866586344486 0.0065327537730716333 -0.014418792133293454 -0.012024229864722916 0.031554972440004346 0.0079660778305074877 -0.10077524009076032 -0.0087050125350133841 0.014764286901801824 0.057550906267746421 -0.028969245790591781 -0.029708600230515005 0.021421068822118371 0.0066871226469557444 -0.015568565229292619 -0.0074140819382261152 0.022932818953109824 0.0064169099209485233 0.0082790145931660019 0.027338349857720837 0.018808510886869016 -0.028018612366949403 0.033247724668337746 0.04441859531402588 -0.018761226019367232 0.021436027666129689 0.047760279411854956
leaf_weight=55 127 40 53 83 163 47 108 148 40 269 72 81 253 40 79 70 61 49 68 175 40 275 321 116 58 311 246 200 160 41 83 41 171 125 167 52 54 48 62 55 49 68 43 58 49 188 158 180 43 62 54 43 45 53 52 115 518 42 194 49 42 100 68
leaf_count=55 127 40 53 83 163 47 108 148 40 269 72 81 253 40 79 70 61 49 68 175 40 275 321 116 58 311 246 200 160 41 83 41 171 125 167 52 54 48 62 55 49 68 43 58 49 188 158 180 43 62 54 43 45 53 52 115 518 42 194 49 42 100 68
internal_value=1.44288e-05 -0.00973196 -0.00222363 0.0101073 0.0276167 -0.0362068 0.00279948 -0.0060788 -0.0256998 -0.0290872 0.0356061 0.0391891 -0.0249896 -0.0360625 -0.0217389 0.0321973 0.040937 0.00374533 -0.00795237 -0.0280391 -0.0988139 0.00616319 0.0108275 -0.0313885 -0.03702 -0.0315088 0.057402 -0.0162463 -0.00964799 0.0363673 -0.00172977 -0.0791644 -0.0537933 -0.0280663 0.0401108 0.0116467 0.00381921 0.0225334 -0.0308737 -0.0268535 0.0181058 0.0123639 -0.0869841 -0.0218904 0.00153294 0.0507746 -0.0347388 -0.0241206 0.0343903 -0.00205138 -0.00651052 0.001995 0.0149513 0.0142213 0.0187261 0.0195048 0.0203988 -0.0201256 0.031201 0.0550338 -0.0277309 0.0249519 0.0425863
internal_weight=6980 5159 4020 2636 1821 1139 2063 1325 1384 1276 1364 1186 1193 525 581 859 529 457 282 444 80 744 596 1059 663 390 327 668 413 573 191 81 229 434 487 178 126 175 387 255 330 181 83 396 233 366 283 338 320 184 122 111 86 108 738 686 633 104 237 237 222 149 129
internal_count=6980 5159 4020 2636 1821 1139 2063 1325 1384 1276 1364 1186 1193 525 581 859 529 457 282 444 80 744 596 1059 663 390 327 668 413 573 191 81 229 434 487 178 126 175 387 255 330 181 83 396 233 366 283 338 320 184 122 111 86 108 738 686 633 104 237 237 222 149 129
is_linear=0
shrinkage=0.05


Tree=7
num_leaves=64
num_cat=0
split_feature=9 9 9 9 7 9 9 1 9 9 3 9 9 9 0 9 9 4 9 9 9 9 7 9 9 9 9 9 9 5 9 9 6 9 6 5 9 9 0 9 9 9 7 9 9 4 9 9 9 9 9 9 3 9 9 9 6 9 0 6 1 6 9
split_gain=685.887 374.923 409.544 180.798 145.551 120.292 107.863 90.9757 65.87 105.094 54.2008 45.8296 44.0879 59.81 40.7563 36.7878 60.4236 33.2777 25.4886 46.8882 20.6038 34.8109 20.4142 19.3128 26.9937 18.1271 20.7152 16.3387 15.7539 15.5569 12.5209 19.8496 11.6756 11.3542 9.41989 8.49824 6.6601 5.96336 5.85143 4.75877 6.19825 4.5502 4.50052 4.1638 3.99543 3.96377 3.75928 3.5802 3.3009 6.74757 3.03941 2.88215 2.85361 1.88131 2.76192 2.64366 1.36461 1.35584 1.19788 1.15722 0.867292 0.79278 0.673109
threshold=0.82694086432456981 0.26118339598178869 -1.0429430603981016 -0.01348631316795945 0.54746168851852428 0.3024504035711289 -0.67153990268707264 1.0000000180025095e-35 -1.6757040023803709 -1.6344369649887083 1.9201549887657168 0.90947490930557262 -1.373079180717468 -1.4143462181091306 0.21460897475481036 1.2675660848617556 1.3075019121170046 -0.13390543684363362 -0.34628482162952418 -0.27972511947154993 0.63436147570610057 0.52254116535186779 0.68115335702896129 1.5338048934936526 1.102054297924042 -1.1667441129684446 -1.249278128147125 -0.63027289509773243 0.21991638094186786 1.8532593846321108 1.1295656561851504 1.6802362799644472 0.10028097406029703 0.5500524938106538 0.10028097406029703 0.24794243276119235 1.1979002952575686 1.4406213760375979 0.27957032620906835 1.6536123752593996 1.1708326339721682 -1.0704543590545652 -1.5080429315567014 0.93698623776435863 0.7994295358657838 -0.13390543684363362 0.44000713527202612 1.4406213760375979 1.4139974117279055 1.3873735666275027 -1.7032153010368345 0.67562848329544078 -0.75087112188339222 -1.0154317021369932 -0.96040901541709889 -0.89163067936897267 1.2196152210235598 0.7719181776046754 0.19295527786016467 1.0000000180025095e-35 -0.63816359639167775 1.4061723947525027 0.85445222258567821
decision_type=2 2 2 2 2 2 2 2 2 2 2 2 2 2 2 2 2 2 2 2 2 2 2 2 2 2 2 2 2 2 2 2 2 2 2 2 2 2 2 2 2 2 2 2 2 2 2 2 2 2 2 2 2 2 2 2 2 2 2 2 2 2 2
left_child=1 2 8 6 15 -3 53 14 50 -10 11 62 13 17 27 36 38 -11 42 -20 21 32 -16 24 43 26 -14 -8 34 -25 -12 39 -7 -23 45 52 -2 48 -17 40 -32 -27 -9 -13 51 -5 -37 -26 49 -18 -1 -22 -34 -4 -55 -56 -45 60 -35 -47 -53 -49 -6
right_child=4 5 3 28 10 20 7 18 9 12 30 23 25 -15 22 16 37 -19 19 -21 44 33 -24 29 47 41 -28 -29 -30 -31 31 -33 35 58 -36 46 -38 -39 -40 -41 -42 -43 -44 56 -46 59 -48 61 -50 -51 -52 57 -54 54 55 -57 -58 -59 -60 -61 -62 -63 -64
leaf_value=0.020574624614234559 0.0095211278528726673 -0.091091017630593532 0.0088525561378909306 0.02714403385365451 0.012622174816287794 -0.0098276879418075884 -0.06499097116968848 -0.011727736277445671 -0.080524350286916249 -0.015454415113095249 0.034206801215334544 0.034626448313232326 -0.017565976735018193 -0.073636762899013206 0.00023926303278907991 -0.05482162905902397 0.0012993504619475832 -0.043232526317941118 0.03824365606926608 0.003033827402031244 -0.014299091549918933 -0.070966560573413454 -0.02389501113371522 0.06144420150282507 0.011300628301170138 -0.029071437635381399 0.0048785765321393108 -0.030408339175348843 0.013916125478079687 0.029104137315880508 -0.0082319063236651838 0.032338483598462107 -0.050468666674727103 -0.053069998497186716 0.051529487222433092 -0.016142262552899342 0.030326337049799885 0.021729523835605696 -0.026617556907699399 -0.016774908907529786 0.018127638558152973 -0.012182636302033509 0.00088089142769632006 0.047365150690354685 -0.0079328238008249743 0.033158431372585451 -0.029748902753813242 0.024144681055604675 -0.0075838991970408193 0.021182290157945507 0.0042925387326007087 -0.015924186996985661 -0.032778322209011425 0.025928526562927046 0.011159187941330261 0.019091626582409107 0.056892497615611305 -0.032539628754402028 -0.040645561090880827 0.042029743986752105 -0.024937547044507388 0.03328304547550423 0.019808097969458885
leaf_weight=56 56 86 56 134 56 83 43 154 85 267 62 60 249 80 205 40 162 182 131 334 84 57 152 247 44 191 174 178 77 47 48 58 58 42 111 80 131 56 40 40 40 53 130 215 56 93 163 80 50 57 59 42 54 112 144 450 93 57 123 135 144 55 118
leaf_count=56 56 86 56 134 56 83 43 154 85 267 62 60 249 80 205 40 162 182 131 334 84 57 152 247 44 191 174 178 77 47 48 58 58 42 111 80 131 56 40 40 40 53 130 215 56 93 163 80 50 57 59 42 54 112 144 450 93 57 123 135 144 55 118
internal_value=0.000301105 -0.00906702 -0.00193761 0.00964766 0.0263712 -0.034523 0.00292616 -0.00568317 -0.0238297 -0.0270829 0.0359541 0.0410737 -0.0232207 -0.0339961 -0.0205688 0.00590041 -0.00257841 -0.0267852 0.00581612 0.0130139 -0.0297759 -0.0351444 -0.0100744 0.0459076 0.0401808 -0.0146367 -0.00834373 -0.0373995 0.0351255 0.0563904 0.0149201 0.00834262 -0.0268618 -0.051292 0.0385415 -0.0308056 0.0241797 0.0070312 -0.0412223 -0.00269691 0.00381876 -0.0254677 -0.00597334 0.047943 -0.0204572 0.0344281 -0.0253539 0.024045 0.00390218 0.00654712 0.0123302 -0.0225714 -0.0423049 0.0179068 0.0186115 0.0171906 0.0504167 -0.0253606 -0.0441088 0.0385718 -0.0229983 0.0280851 0.0175807
internal_weight=7019 5164 4035 2639 1855 1129 2089 1327 1396 1281 1263 1015 1196 529 578 592 405 449 749 465 1043 660 357 841 547 667 423 221 550 294 248 186 438 222 473 355 187 325 80 128 88 244 284 368 383 362 243 179 269 219 115 327 112 762 706 594 308 243 165 228 186 135 174
internal_count=7019 5164 4035 2639 1855 1129 2089 1327 1396 1281 1263 1015 1196 529 578 592 405 449 749 465 1043 660 357 841 547 667 423 221 550 294 248 186 438 222 473 355 187 325 80 128 88 244 284 368 383 362 243 179 269 219 115 327 112 762 706 594 308 243 165 228 186 135 174
is_linear=0
shrinkage=0.05


Tree=8
num_leaves=64
num_cat=0
split_feature=9 9 9 9 9 8 9 1 9 9 3 9 9 9 9 9 0 2 9 9 6 9 9 9 9 9 1 3 9 9 5 9 9 6 6 9 2 9 5 3 9 2 9 9 5 9 6 9 9 9 3 6 2 1 9 0 9 9 2 9 9 9 9
split_gain=618.086 336.709 377.094 161.931 115.517 110.132 99.4859 90.9046 62.4047 101.947 40.5459 40.9806 40.465 55.205 38.481 42.0646 36.9668 33.6447 30.3119 36.1556 24.9369 21.252 44.5869 18.2528 18.2439 28.9374 18.1842 16.6922 15.9201 19.3048 12.9568 12.402 11.2148 10.8673 9.7054 8.92059 8.85922 7.33879 7.10688 6.83788 9.1401 5.32348 4.92616 4.22172 4.18984 4.17419 6.26892 3.93121 3.81602 2.99221 2.48619 2.46922 2.27114 2.15252 2.06379 1.84923 1.83729 3.58511 1.82439 1.52761 1.38161 2.77502 1.43981
threshold=0.82694086432456981 0.26118339598178869 -1.0429430603981016 -0.026798253878951069 0.3024504035711289 0.47096353769302374 -0.67153990268707264 1.0000000180025095e-35 -1.6757040023803709 -1.6344369649887083 2.0607353448867802 1.5204929709434511 -1.373079180717468 -1.4143462181091306 1.2675660848617556 1.2941899895668032 0.21460897475481036 0.56712579727172863 1.102054297924042 0.92323055863380443 -1.6409085988998411 -0.34628482162952418 -0.27972511947154993 -0.3862206488847732 0.63436147570610057 0.52254116535186779 1.2065384984016421 0.092610801570117487 -1.1667441129684446 -1.249278128147125 1.5754156112670901 0.21991638094186786 1.6802362799644472 0.038097223732620485 0.10028097406029703 0.5500524938106538 0.2847875058650971 0.39874011278152471 0.98885804414749157 1.4984139800071719 1.1708326339721682 0.089323412626981749 -1.0704543590545652 0.44000713527202612 -1.1721458435058592 1.4539332389831545 1.2196152210235598 0.7994295358657838 1.3873735666275027 0.67562848329544078 -0.75087112188339222 1.2196152210235598 0.76258990168571483 -2.2193431854248042 1.3341258168220522 0.45280016958713537 -0.71280694007873524 -0.78158527612686146 0.71915432810783397 -0.83660796284675587 0.041092643514275558 1.0000000180025095e-35 0.10987100377678873
decision_type=2 2 2 2 2 2 2 2 2 2 2 2 2 2 2 2 2 2 2 2 2 2 2 2 2 2 2 2 2 2 2 2 2 2 2 2 2 2 2 2 2 2 2 2 2 2 2 2 2 2 2 2 2 2 2 2 2 2 2 2 2 2 2
left_child=1 2 8 6 17 14 56 16 55 41 11 18 13 20 39 -16 27 -3 19 53 -11 44 -23 -18 25 34 30 -8 29 -14 -13 33 38 60 -6 -27 -15 50 -12 58 -41 -10 -30 -39 -9 46 -20 49 52 -26 -36 -21 54 -7 -17 -1 57 59 -2 -4 61 -5 -62
right_child=5 4 3 31 24 10 7 21 9 12 32 26 28 36 15 48 23 -19 45 51 -22 22 -24 -25 47 35 -28 -29 42 -31 -32 -33 -34 -35 37 -37 -38 43 -40 40 -42 -43 -44 -45 -46 -47 -48 -49 -50 -51 -52 -53 -54 -55 -56 -57 -58 -59 -60 -61 62 -63 -64
leaf_value=0.0066961733860865479 0.024405680944600813 -0.11877134468820361 0.017309940968952661 0.024589777023277498 -0.0098028317364047719 0.027964787460539653 -0.021292069669387945 -0.010562551070621339 -0.061910837597963286 -0.0031603891186115121 0.013106642213057388 0.048159271843579349 -0.016907856954517318 -0.087133088388613292 -0.046851939763515621 -0.013547910508983161 -0.00073120477779700264 -0.054157055134148625 0.024699425856109528 0.043359359022987334 -0.03161832071929277 0.036848095960136669 0.0023727122311640509 -0.023454916613319748 -0.013243509923247085 -0.06629178888267942 0.058070823491920436 -0.049058356172725803 -0.027962092292242842 0.004708631064375828 0.0095146970505394588 0.014001962862605881 0.028190939757480937 0.045854959852365124 -0.047389455437660218 -0.041833518046972364 -0.05127938027892795 -0.014461549015048845 -0.011980657737124069 -0.0025206541919033047 0.025545384539443938 -0.091842835882435678 -0.011168906444218011 -0.028671121207416474 0.0017152793486960806 0.023897732299475269 0.0046255812502931804 -0.0069821171252572511 0.012736471852899264 -0.02431517091681026 -0.030992980148377165 0.054152085003899599 0.006278178706042358 0.014975150082578033 -0.0001921288533537071 0.019652612034517986 0.0097739487571830291 0.024946457431845679 0.038580950694840133 0.010534617074855925 0.0236606073664858 0.040313724308838082 0.03351411781058862
leaf_weight=62 78 44 411 54 80 45 102 149 40 98 54 48 254 41 51 45 204 42 60 240 362 133 313 155 86 53 241 121 191 173 40 82 52 165 59 171 41 80 57 55 60 45 59 172 129 130 109 55 66 253 55 101 66 128 78 51 83 143 40 112 140 80 64
leaf_count=62 78 44 411 54 80 45 102 149 40 98 54 48 254 41 51 45 204 42 60 240 362 133 313 155 86 53 241 121 191 173 40 82 52 165 59 171 41 80 57 55 60 45 59 172 129 130 109 55 66 253 55 101 66 128 78 51 83 143 40 112 140 80 64
internal_value=-5.15342e-05 -0.00886141 -0.00208918 0.00907843 -0.0327301 0.0248167 0.00246577 -0.00586518 -0.0228872 -0.0259753 0.032665 0.0359934 -0.0222416 -0.0324192 0.0057894 -0.00586548 -0.020561 -0.0882007 0.0298985 0.0372646 -0.0255756 0.00596039 0.0127129 -0.0105802 -0.0281679 -0.0332036 0.0509183 -0.0365098 -0.0140576 -0.00815935 0.0308978 0.0322637 0.00926895 0.035207 -0.0257371 -0.0478894 -0.07004 -0.0291838 0.000232028 0.0210555 0.0122165 -0.0786409 -0.0240592 -0.0242351 -0.00487956 0.0171536 0.0118558 -0.0195424 0.00248281 -0.0215536 -0.0398172 0.046705 -0.00114602 0.0184953 -0.00514824 0.0126649 0.0169805 0.0178627 0.0294947 0.0158819 0.0298891 0.0342063 0.0269003
internal_weight=7051 5207 4057 2640 1150 1844 2055 1306 1417 1304 1305 1142 1219 542 539 306 582 86 813 514 460 724 446 359 1064 670 329 223 677 427 88 585 163 503 446 224 82 366 111 233 115 85 250 252 278 299 169 394 255 339 114 341 189 173 123 113 749 666 118 523 338 134 204
internal_count=7051 5207 4057 2640 1150 1844 2055 1306 1417 1304 1305 1142 1219 542 539 306 582 86 813 514 460 724 446 359 1064 670 329 223 677 427 88 585 163 503 446 224 82 366 111 233 115 85 250 252 278 299 169 394 255 339 114 341 189 173 123 113 749 666 118 523 338 134 204
is_linear=0
shrinkage=0.05


end of trees

feature_importances:
Column_9=335
Column_6=43
Column_1=40
Column_2=31
Column_3=29
Column_4=27
Column_5=22
Column_0=18
Column_8=13
Column_7=9

parameters:
[boosting: gbdt]
[objective: regression]
[metric: l2]
[tree_learner: serial]
[device_type: cpu]
[data_sample_strategy: bagging]
[data: ]
[valid: ]
[num_iterations: 600]
[learning_rate: 0.05]
[num_leaves: 64]
[num_threads: 16]
[seed: 2023]
[deterministic: 0]
[force_col_wise: 0]
[force_row_wise: 0]
[histogram_pool_size: -1]
[max_depth: 8]
[min_data_in_leaf: 40]
[min_sum_hessian_in_leaf: 0.001]
[bagging_fraction: 0.9]
[pos_bagging_fraction: 1]
[neg_bagging_fraction: 1]
[bagging_freq: 1]
[bagging_seed: 26561]
[bagging_by_query: 0]
[feature_fraction: 0.8]
[feature_fraction_bynode: 1]
[feature_fraction_seed: 22040]
[extra_trees: 0]
[extra_seed: 25715]
[early_stopping_round: 0]
[early_stopping_min_delta: 0]
[first_metric_only: 0]
[max_delta_step: 0]
[lambda_l1: 0]
[lambda_l2: 1]
[linear_lambda: 0]
[min_gain_to_split: 0]
[drop_rate: 0.1]
[max_drop: 50]
[skip_drop: 0.5]
[xgboost_dart_mode: 0]
[uniform_drop: 0]
[drop_seed: 17353]
[top_rate: 0.2]
[other_rate: 0.1]
[min_data_per_group: 100]
[max_cat_threshold: 32]
[cat_l2: 10]
[cat_smooth: 10]
[max_cat_to_onehot: 4]
[top_k: 20]
[monotone_constraints: ]
[monotone_constraints_method: basic]
[monotone_penalty: 0]
[feature_contri: ]
[forcedsplits_filename: ]
[refit_decay_rate: 0.9]
[cegb_tradeoff: 1]
[cegb_penalty_split: 0]
[cegb_penalty_feature_lazy: ]
[cegb_penalty_feature_coupled: ]
[path_smooth: 0]
[interaction_constraints: ]
[verbosity: 1]
[saved_feature_importance_type: 0]
[use_quantized_grad: 0]
[num_grad_quant_bins: 4]
[quant_train_renew_leaf: 0]
[stochastic_rounding: 1]
[linear_tree: 0]
[max_bin: 255]
[max_bin_by_feature: ]
[min_data_in_bin: 3]
[bin_construct_sample_cnt: 200000]
[data_random_seed: 6644]
[is_enable_sparse: 1]
[enable_bundle: 1]
[use_missing: 1]
[zero_as_missing: 0]
[feature_pre_filter: 1]
[pre_partition: 0]
[two_round: 0]
[header: 0]
[label_column: ]
[weight_column: ]
[group_column: ]
[ignore_column: ]
[categorical_feature: ]
[forcedbins_filename: ]
[precise_float_parser: 0]
[parser_config_file: ]
[objective_seed: 2023]
[num_class: 1]
[is_unbalance: 0]
[scale_pos_weight: 1]
[sigmoid: 1]
[boost_from_average: 1]
[reg_sqrt: 0]
[alpha: 0.9]
[fair_c: 1]
[poisson_max_delta_step: 0.7]
[tweedie_variance_power: 1.5]
[lambdarank_truncation_level: 30]
[lambdarank_norm: 1]
[label_gain: ]
[lambdarank_position_bias_regularization: 0]
[eval_at: ]
[multi_error_top_k: 1]
[auc_mu_weights: ]
[num_machines: 1]
[local_listen_port: 12400]
[time_out: 120]
[machine_list_filename: ]
[machines: ]
[gpu_platform_id: -1]
[gpu_device_id: -1]
[gpu_use_dp: 0]
[num_gpu: 1]

end of parameters

pandas_categorical:null
