tree
version=v4
num_class=1
num_tree_per_iteration=1
label_index=0
max_feature_idx=9
objective=regression
feature_names=Column_0 Column_1 Column_2 Column_3 Column_4 Column_5 Column_6 Column_7 Column_8 Column_9
feature_infos=[-4.9281487464904785:0.63685661554336548] [-2.6146364212036133:3.7100627422332764] [-5.1990861892700195:1.272971510887146] [-2.2269694805145264:2.5527749061584473] [-5.5711894035339355:1.3641557693481445] [-1.9902403354644775:2.1465384960174561] [-1.982926607131958:1.6860036849975586] [-2.3018357753753662:1.4582350254058838] [-2.4405524730682373:1.9915002584457397] [-1.7305047512054443:1.7332621812820435]
tree_sizes=11091 11112 11103 11130 11156 11133 11163 11135

Tree=0
num_leaves=128
num_cat=0
split_feature=9 9 9 9 8 9 9 1 9 9 9 9 3 9 9 9 4 0 9 9 2 3 9 9 9 9 9 9 9 1 9 9 9 9 2 6 6 6 9 9 9 9 2 6 3 5 9 0 2 5 9 3 9 4 9 9 8 9 6 9 6 5 9 3 8 9 9 9 3 9 2 9 9 9 9 9 2 6 9 2 0 2 4 1 9 9 9 2 2 0 9 3 9 9 0 2 9 0 3 9 9 2 2 6 0 9 9 9 3 2 9 6 8 2 2 2 2 1 5 2 9 3 2 6 1 9 1
split_gain=1413.2 714.006 883.194 357.232 257.426 223.802 219.49 193.266 125.334 202.302 91.3397 127.608 90.4032 95.3065 79.0113 88.209 65.4845 63.798 60.6524 82.4421 47.7837 46.9068 43.906 55.9772 50.3201 43.2501 44.2232 42.6043 67.9073 37.1657 33.1516 30.6905 41.3429 28.2588 27.0729 26.6332 20.8186 20.2765 18.6406 18.0528 17.8633 15.8969 14.9082 14.3434 14.07 13.7723 13.3448 12.7563 12.2982 11.2556 10.2602 8.84971 8.59573 7.94443 7.44296 7.11639 17.4797 6.66598 6.61255 6.11576 6.32284 5.36486 5.19608 5.06652 4.85491 4.82329 6.49927 4.75207 4.26002 4.16167 4.12813 3.87063 3.54402 4.97824 4.89081 4.23065 2.93261 2.65467 2.61948 2.58994 2.57984 2.25596 2.07723 2.24656 2.02496 1.93931 1.77628 1.77427 1.77032 1.71961 1.70467 1.5619 1.42114 1.4161 1.40775 1.33459 1.2883 1.20474 1.1087 1.05865 1.00226 0.9487 0.90523 0.896596 1.55605 0.896386 1.00289 0.859786 0.838457 0.820391 0.811389 0.646925 0.636794 0.616081 0.59117 0.529704 0.509804 0.48084 0.465674 0.425229 0.40646 0.382893 0.357535 0.231348 0.252684 0.224478 0.208819
threshold=0.82694086432456981 0.26118339598178869 -1.0429430603981016 -0.01348631316795945 0.40732413530349737 0.3024504035711289 -0.67153990268707264 1.0000000180025095e-35 -1.6757040023803709 -1.6344369649887083 -1.373079180717468 -1.4143462181091306 2.0607353448867802 1.5338048934936526 1.2675660848617556 1.3075019121170046 -0.13390543684363362 0.30122427642345434 1.102054297924042 0.90947490930557262 0.56712579727172863 -1.0320318043231962 -0.35959677398204798 -0.27972511947154993 -0.13329377770423886 -0.63027289509773243 -0.41284452378749842 0.63436147570610057 0.52254116535186779 1.2065384984016421 0.21991638094186786 -1.1667441129684446 -1.249278128147125 1.6403004527091982 0.13275895640254023 -0.39720386266708368 0.10028097406029703 0.038097223732620485 -0.23978930711746213 0.5500524938106538 1.6802362799644472 1.4539332389831545 0.34994289278984075 1.2196152210235598 0.65493208169937145 0.98885804414749157 -0.58900588750839222 0.34453167021274572 0.78430870175361644 0.24794243276119235 -1.0704543590545652 -0.18854984268546102 0.81318518519401561 1.1456176638603213 0.97825327515602123 -0.50647184252738942 0.27095514535903936 -1.7032153010368345 -1.7030923366546629 0.44000713527202612 0.53557908535003673 -1.1104029417037962 0.027336971834301952 -0.75087112188339222 -0.43817384541034693 -1.5106359124183653 -1.4556132555007932 1.3873735666275027 2.2013156414031987 0.24742772430181506 0.045885797590017326 0.67562848329544078 -1.0154317021369932 -0.94665333628654469 -0.90538632869720448 -0.71280694007873524 0.7408721148967744 1.4683561325073244 -0.78158527612686146 0.69743552803993236 0.19295527786016467 -1.1920572519302366 0.87606266140937816 1.2065384984016421 -0.83660796284675587 0.66187280416488659 0.41249577701091772 -0.12786052748560903 -1.3440858125686643 0.1279941909015179 1.0745429992675783 1.4984139800071719 1.6403004527091982 0.10987100377678873 0.19295527786016467 0.78430870175361644 -0.31966094672679896 0.21460897475481036 0.3737714439630509 0.85445222258567821 -0.43946841359138483 -0.12786052748560903 0.71915432810783397 1.0000000180025095e-35 0.27957032620906835 -0.080046016722917543 -0.10666989907622336 -0.89163067936897267 -0.61029079556465138 -0.51878973841667164 0.46751846373081213 -1.0190532207489011 -1.2109395265579221 0.56712579727172863 0.76258990168571483 -0.84456461668014515 0.34994289278984075 -0.37463472038507456 -0.95604565739631642 0.52368924021720897 -1.4831245541572569 0.79551240801811229 0.58884355425834667 -1.1434266567230222 -0.37463472038507456 -1.125477075576782 -1.1652276515960691
decision_type=2 2 2 2 2 2 2 2 2 2 2 2 2 2 2 2 2 2 2 2 2 2 2 2 2 2 2 2 2 2 2 2 2 2 2 2 2 2 2 2 2 2 2 2 2 2 2 2 2 2 2 2 2 2 2 2 2 2 2 2 2 2 2 2 2 2 2 2 2 2 2 2 2 2 2 2 2 2 2 2 2 2 2 2 2 2 2 2 2 2 2 2 2 2 2 2 2 2 2 2 2 2 2 2 2 2 2 2 2 2 2 2 2 2 2 2 2 2 2 2 2 2 2 2 2 2 2
left_child=1 2 8 6 14 20 72 17 57 47 11 16 13 18 53 48 58 25 19 99 -3 42 55 44 97 70 46 28 36 33 37 32 108 -15 -13 61 79 62 -28 -30 45 43 -18 91 96 68 80 -10 -16 63 111 64 71 114 88 109 118 -1 -11 86 110 -19 -5 -38 -23 -60 120 95 -14 -32 -8 85 -4 -74 89 78 81 101 84 -7 -27 -73 -45 -84 107 -29 -51 -64 -21 -75 126 -20 -31 102 -41 98 -24 119 -17 -6 -63 -43 -89 104 -26 106 -105 -76 123 -9 -61 -33 -68 115 -2 -34 -117 -78 -57 -25 -67 -40 -111 124 -12 -113 -56
right_child=4 5 3 30 12 27 7 22 9 10 31 34 40 29 15 67 21 35 41 54 -22 51 23 24 103 26 38 52 39 92 69 50 113 -35 -36 -37 49 -39 121 94 -42 77 -44 82 -46 -47 -48 -49 -50 59 -52 -53 -54 -55 90 56 -58 -59 65 60 -62 100 87 -65 -66 66 112 -69 -70 -71 -72 76 73 74 75 -77 117 -79 -80 -81 -82 -83 83 -85 -86 -87 -88 93 -90 -91 -92 -93 -94 -95 -96 -97 -98 -99 -100 -101 -102 -103 -104 105 -106 -107 -108 -109 -110 122 -112 125 -114 -115 -116 116 -118 -119 -120 -121 -122 -123 -124 -125 -126 -127 -128
leaf_value=0.028037481296714833 0.035459614592163576 -0.16538840323652329 0.012573330225100477 0.057313569912231396 0.019147864152914567 -0.0087020163113670293 -0.059260771985119184 -0.0226692821559379 -0.1280690951575883 -0.0022876016237718846 -0.026526768288459127 -0.13725748206853655 0.030412530308665975 0.076608427917661412 -0.037633622025373438 0.0030622430639391418 -0.06765423020402378 -0.01033067027712088 0.045551446719171752 0.044701943870917436 -0.08606265239867085 -0.043189195005507039 0.040253881042222509 -0.031546759569759102 0.012294209149818278 -0.032912340289382759 -0.061130795316184601 -0.026508389171757161 -0.098154181199071669 0.089774315482121544 0.027551349050575075 -0.034111253765300546 0.0023881273034096566 0.010771887110489821 -0.076886181154350433 -0.03132488415023961 -0.068450248017564413 0.068113100524956185 -0.033113118433420387 -0.073989734739195498 0.040917118725133088 0.045176962711162963 -0.11542962153684529 0.017649792849783741 0.013710743764391334 -0.01338085962089056 0.0088011382830371233 -0.081629466706810261 -0.078828991678740676 -0.035001413588216075 -0.016024737640292035 -0.059443377997747598 -0.002834319746645983 0.013541562028926755 0.07126410613491635 0.011596299001233469 -0.028980016906398714 0.0033509758244635803 -0.039811287899723713 -0.041869489530597909 -0.026473173991997598 0.01980691010698889 0.031128917444169062 -0.04439807968130606 -0.015828736152280001 -0.017245039049015868 -0.039163233827722924 0.019381415789450428 0.0061164092435602637 0.0043082774559261485 -0.08991728102842754 -0.026468721883294837 0.034588577953761301 0.0039153895497290158 0.019910928111539938 0.015700592632429775 -0.021393261709649041 0.052689104946229436 0.033735602037415498 -0.027102683739660044 -0.013554498808381813 -0.040849175601854922 0.012147683234284645 -0.0043629567946663374 0.019178049693622225 -0.010284210035260441 -0.019999585819946677 0.043651022490397574 0.061898241933021667 0.018312066661403649 0.061257050372242626 0.028862917490698164 0.073701185952102025 0.0518069923656291 -0.058915678666827939 0.007726481843216549 0.054427549421698848 -0.014837064971372219 -0.0077963512554041717 0.02857157467536111 0.0090257210014625163 0.032837548203863455 0.032119482639170714 0.017657757388504489 0.025176607958117769 0.014100765571773319 0.031178583271827768 0.030955509834689046 -0.032850049843250795 -0.011103346861640544 -0.054028568619470758 -0.037822136668738529 -0.02777175801493692 0.00091633353150935169 0.046545523059659255 0.01330076444171009 0.0053873568642425424 -0.030094527589080593 0.020849256959436947 -0.021414623760751934 -0.010276724741638609 -0.023730933614546385 -0.017407906683085221 -0.018782024852854864 -0.019635669600311233 -0.046109277686189512 0.082676947582769986
leaf_weight=54 89 41 55 83 57 54 30 32 57 33 141 39 39 31 47 51 41 30 34 35 43 30 43 40 110 38 116 56 54 188 55 53 31 34 46 66 55 165 53 44 47 32 37 47 36 56 53 31 33 38 54 37 30 44 104 32 30 55 52 51 46 39 45 53 38 41 31 51 34 30 38 44 143 34 30 88 48 41 144 30 35 139 43 38 106 30 54 89 94 55 48 40 54 58 123 58 78 31 42 101 54 90 42 31 31 31 36 113 48 81 70 56 54 40 32 51 37 49 33 30 58 33 39 31 32 91 92
leaf_count=54 89 41 55 83 57 54 30 32 57 33 141 39 39 31 47 51 41 30 34 35 43 30 43 40 110 38 116 56 54 188 55 53 31 34 46 66 55 165 53 44 47 32 37 47 36 56 53 31 33 38 54 37 30 44 104 32 30 55 52 51 46 39 45 53 38 41 31 51 34 30 38 44 143 34 30 88 48 41 144 30 35 139 43 38 106 30 54 89 94 55 48 40 54 58 123 58 78 31 42 101 54 90 42 31 31 31 36 113 48 81 70 56 54 40 32 51 37 49 33 30 58 33 39 31 32 91 92
internal_value=-8.32096e-05 -0.0133386 -0.00348302 0.01341 0.0377604 -0.0480652 0.0038807 -0.00841574 -0.0356375 -0.0399863 -0.0345654 -0.0498993 0.0484423 0.0533376 0.00477201 -0.0113035 -0.0391653 -0.0298937 0.0450045 0.0558041 -0.126271 -0.0621892 0.00848958 0.017041 0.00559578 -0.041278 -0.0335669 -0.0418018 -0.0494882 0.0774331 0.0485842 -0.0221266 -0.0136288 0.0428559 -0.10586 -0.00594902 -0.0382124 0.0536634 -0.048016 -0.0722232 0.0148695 0.0291837 -0.0914911 0.0196514 0.0416345 0.0051375 -0.0102069 -0.112811 -0.0553901 -0.0433511 -0.0357697 -0.0397644 -0.0286665 0.0321491 0.0686174 -0.00871647 0.0020123 0.0157247 -0.0233298 -0.0373942 -0.0431992 0.00781007 0.0459517 -0.0571624 -0.0283505 -0.0262501 -0.0222231 0.00634336 0.0193322 0.0194934 -0.0774472 -0.0307704 0.0251426 0.0260932 0.023905 0.0259072 -0.033676 0.0408049 0.0281469 -0.0155152 -0.0239397 -0.0375542 0.00939179 0.00444326 0.0247929 -0.021032 -0.0265057 0.0416948 0.0576124 0.0129169 0.0741767 0.0370358 0.0865058 0.0440334 -0.063304 0.00184121 0.0497619 -0.0238436 -0.00187236 0.0253137 0.0137095 0.0364151 0.0402253 0.0180842 0.0152839 0.0219181 0.0252744 0.0287929 -0.0261875 -0.0153913 -0.0492888 -0.0409946 -0.0323333 0.00631476 0.0387489 0.00810656 0.0100715 -0.0260509 0.0165387 -0.0275671 -0.0133061 -0.0298271 -0.0132792 -0.0244673 -0.0253723 -0.0432291 0.0770137
internal_weight=7041 5215 4063 2664 1826 1152 2097 1329 1399 1290 1202 537 1379 1203 447 282 452 585 896 531 84 183 744 497 340 396 328 1068 672 307 567 665 411 65 85 189 451 482 202 221 176 365 78 202 157 129 126 88 80 367 254 105 396 165 373 247 95 109 269 259 167 123 317 108 68 236 184 202 73 85 68 366 768 713 570 481 280 163 393 84 73 183 128 81 249 86 92 234 129 89 244 74 242 189 167 151 121 101 93 158 93 122 131 239 141 98 67 143 252 152 121 200 85 159 121 119 88 97 65 70 99 86 120 204 173 147 196
internal_count=7041 5215 4063 2664 1826 1152 2097 1329 1399 1290 1202 537 1379 1203 447 282 452 585 896 531 84 183 744 497 340 396 328 1068 672 307 567 665 411 65 85 189 451 482 202 221 176 365 78 202 157 129 126 88 80 367 254 105 396 165 373 247 95 109 269 259 167 123 317 108 68 236 184 202 73 85 68 366 768 713 570 481 280 163 393 84 73 183 128 81 249 86 92 234 129 89 244 74 242 189 167 151 121 101 93 158 93 122 131 239 141 98 67 143 252 152 121 200 85 159 121 119 88 97 65 70 99 86 120 204 173 147 196
is_linear=0
shrinkage=1


Tree=1
num_leaves=128
num_cat=0
split_feature=9 9 9 9 7 9 9 1 9 9 1 9 9 9 9 9 9 9 9 4 2 1 7 1 9 9 9 9 9 9 9 2 7 6 6 9 9 9 4 9 9 0 9 6 0 2 9 0 2 0 9 9 9 9 6 6 9 9 1 9 9 6 9 9 9 0 9 9 0 9 7 2 9 9 9 9 6 9 9 2 6 9 0 2 4 2 2 8 2 2 9 2 9 9 7 6 2 9 9 9 9 9 2 6 6 2 9 9 7 9 2 9 9 8 9 2 9 0 9 2 2 2 9 9 9 2 9
split_gain=1229.51 636.432 769.74 314.998 273.888 193.956 189.378 177.318 108.005 188.065 76.8742 75.3539 113.907 72.6804 75.1066 63.1929 101.469 52.534 77.8057 47.4693 41.2884 40.4865 40.3326 39.5219 37.5769 32.1082 60.9936 30.0179 29.3372 36.1874 24.9302 22.9675 22.866 18.2849 17.6267 17.499 28.2163 35.3051 17.4599 16.8546 15.4315 13.5251 13.2305 14.5192 12.6045 12.0062 11.4057 11.3381 11.2468 10.4577 10.0141 9.6136 7.3911 7.09835 22.7559 6.8923 6.31467 6.31184 9.8277 6.73155 6.25391 5.79183 5.29905 4.63707 5.49027 3.95029 3.86901 3.82892 3.50628 3.50414 3.31764 3.13316 2.97733 3.44112 2.95336 4.13564 2.5389 2.53222 7.86946 4.2549 1.76772 1.72246 1.71332 1.68537 1.4879 1.39779 1.62976 1.35667 1.32941 1.28938 1.14993 1.01495 0.99643 0.757294 0.741104 0.733795 0.728301 0.728297 0.717973 2.02258 0.695087 0.640276 0.624684 0.532443 0.487791 0.476752 0.54059 0.458051 0.403332 0.648926 0.395508 0.373923 0.348365 0.33359 0.305827 0.273773 0.242042 0.22265 1.02481 0.21141 0.208381 0.207043 0.196119 0.361947 0.191577 0.172682 0.157846
threshold=0.82694086432456981 0.26118339598178869 -1.0429430603981016 -0.01348631316795945 0.54746168851852428 0.3024504035711289 -0.67153990268707264 1.0000000180025095e-35 -1.6757040023803709 -1.6344369649887083 1.2065384984016421 -1.373079180717468 -1.4143462181091306 1.102054297924042 0.90947490930557262 1.2675660848617556 1.3075019121170046 -0.63027289509773243 -0.41284452378749842 -0.13390543684363362 0.56712579727172863 1.0000000180025095e-35 -1.2740830183029173 0.1524230241775513 1.5204929709434511 0.63436147570610057 0.52254116535186779 0.21991638094186786 -1.1667441129684446 -1.249278128147125 -1.5243915915489195 0.089323412626981749 -1.3576400279998777 0.038097223732620485 0.038097223732620485 1.6935482025146487 1.6403004527091982 1.5204929709434511 -0.73988714814186085 0.5500524938106538 -0.23978930711746213 0.25791636854410177 -0.13329377770423886 -0.45938761532306666 0.34453167021274572 -0.1712960675358772 1.1845883131027224 0.25791636854410177 -0.45363435149192805 0.30122427642345434 1.4539332389831545 -1.0704543590545652 0.93698623776435863 1.1708326339721682 1.2196152210235598 -1.7030923366546629 0.7994295358657838 0.39874011278152471 1.2065384984016421 0.44000713527202612 1.6403004527091982 0.53557908535003673 -1.7032153010368345 -1.5106359124183653 -1.4556132555007932 0.17130158096551898 0.027336971834301952 0.67562848329544078 0.30122427642345434 0.24742772430181506 0.96524789929389965 0.32822409272193914 -0.71280694007873524 -1.0154317021369932 -0.96040901541709889 -0.78158527612686146 0.10028097406029703 1.3873735666275027 1.4139974117279055 0.63228118419647228 1.2196152210235598 -1.6069256067275999 0.19295527786016467 -0.12786052748560903 -0.33589969575405115 0.84946307539939891 -0.21473368257284162 0.64370137453079235 0.78430870175361644 0.58884355425834667 0.85445222258567821 0.63228118419647228 0.10987100377678873 0.13738234341144565 0.76471036672592174 0.28683815896511083 -0.58394512534141529 1.3474377393722536 -0.93289768695831288 -0.90538632869720448 0.46751846373081213 0.64811712503433239 0.71915432810783397 -0.52157138288021077 -1.0190532207489011 0.45853486657142645 -1.194255471229553 -1.2630338072776792 0.99867027997970592 -0.080046016722917543 0.045885797590017326 -1.4831245541572569 -0.83660796284675587 -1.2109395265579221 0.7719181776046754 -0.084422904998064027 -1.125477075576782 0.10634049400687219 -1.2905451655387876 0.76258990168571483 -0.23645249009132382 0.56712579727172863 -0.1865415424108505 -0.21316542476415631 -0.31966094672679896 0.30650527775287634 -1.3455678224563596
decision_type=2 2 2 2 2 2 2 2 2 2 2 2 2 2 2 2 2 2 2 2 2 2 2 2 2 2 2 2 2 2 2 2 2 2 2 2 2 2 2 2 2 2 2 2 2 2 2 2 2 2 2 2 2 2 2 2 2 2 2 2 2 2 2 2 2 2 2 2 2 2 2 2 2 2 2 2 2 2 2 2 2 2 2 2 2 2 2 2 2 2 2 2 2 2 2 2 2 2 2 2 2 2 2 2 2 2 2 2 2 2 2 2 2 2 2 2 2 2 2 2 2 2 2 2 2 2 2
left_child=1 2 8 6 15 20 72 17 62 44 13 12 19 14 90 46 49 45 32 55 -3 30 96 41 -12 26 33 34 29 107 71 -14 65 -7 66 36 37 53 70 -28 47 42 43 -24 -10 -8 -2 -20 -43 -17 77 104 -16 54 87 -11 67 58 89 95 -26 100 -1 -57 111 -19 -5 101 -38 -29 -25 -21 73 -4 -75 84 -60 88 -79 -80 -54 -23 -41 -68 98 86 -69 -15 97 -35 -6 -45 102 -36 125 -59 -9 -18 -76 -100 -61 -27 -85 -34 -30 106 120 117 109 -96 -92 -65 -101 -66 -88 -99 -106 -13 126 -48 -31 -98 123 -42 -72 -40 -119
right_child=4 5 3 27 10 25 7 22 9 11 24 28 31 35 52 16 50 18 40 21 -22 81 23 38 60 56 39 69 51 105 -32 -33 103 57 93 -37 68 -39 94 82 122 48 -44 91 -46 -47 119 -49 -50 -51 -52 -53 80 -55 -56 63 -58 59 76 61 -62 -63 -64 64 113 -67 83 85 -70 -71 124 -73 -74 74 75 -77 -78 78 79 -81 -82 -83 -84 92 -86 -87 114 -89 -90 -91 110 -93 -94 -95 108 -97 121 115 99 112 -102 -103 -104 -105 116 -107 -108 -109 -110 -111 -112 -113 -114 -115 -116 -117 -118 118 -120 -121 -122 -123 -124 -125 -126 -127 -128
leaf_value=0.025784910856573667 0.0079722337703016111 -0.15575351828620548 0.012698647931472146 0.054314734437797642 0.01767387636528726 -0.0074690877092787288 -0.042050739755440096 -0.021602003011972674 -0.12136542584936499 -0.0021266713839124987 0.035110242851078513 -0.01989454640873841 -0.13188009725676642 0.020561516860945393 0.046433444783605379 -0.065979505633866342 -0.0077598114343621115 -0.032599739335915624 -0.059836830418734326 -0.077378060356263198 -0.080511821479332168 -0.035214397915311765 0.0086229955853331219 0.026376877461249632 0.084604885255968265 -0.02696271711780179 -0.094180061381596791 0.026219563395307777 -0.032619874611496923 0.0073522640126092095 -0.044649684539234097 -0.074094937547393477 0.010760983521911495 -0.067910946740044484 0.055468978703022004 0.058792313933372503 -0.013567317689635925 0.06634072776024158 0.016641741573359025 -0.070813679827584172 -0.024856263778426431 -0.0065595579998833798 0.015549862046685556 -0.030883306365902141 -0.076884007804534027 -0.083463941415150955 0.035467210356542406 -0.025842110444177203 0.029611398582755213 -0.027684333043233041 0.033153676790626425 -0.015362129442949304 0.063945801749892298 0.030979753108251663 -0.019667942640491022 -0.038485858808936818 -0.010864360896604402 -0.028653256233894465 -0.021509251959862249 -0.039575792009180245 0.06245799890711462 -0.023915786627266143 0.0036573106323235802 -0.016911210156977177 -0.036394565878435974 -0.010953755243910386 0.029876070188151468 -0.029203122435137632 0.005950465943554745 0.0049140576092946914 0.03839787271889774 -0.1096166630878168 0.014604828101985249 0.033940203189849853 0.024745825241351951 0.031859682421659083 -0.042075202632241133 0.025767087233516409 0.01307144272415077 -0.011275863167094557 0.074873640427463931 -0.019030580401304179 -0.055399349115548592 0.041669175624847413 0.027164710206078725 -0.024387789399109103 -0.036639269741102203 0.035069783338729073 0.0077695766631592769 -0.048752014711499217 0.033221664559096101 -0.018623585270132241 0.049468918504386117 0.068752003088593486 0.027938823262229562 -0.0179566954455848 -0.010671460181429912 -0.0015267091337591411 0.0084546772937756035 0.02426129345382963 -0.050938728589278004 -0.016781192216670737 0.030459913340481842 0.017791528270269433 -0.035869202443531582 0.0023513489415765637 0.0026978287573105521 -0.017349893083014795 0.014263668295108911 0.017230089242721715 0.024443416953086855 -0.01003584026891206 0.018340662859867667 -0.026960001703140869 -0.046302603142602108 0.0044828784738295815 -0.043965319568111054 -0.027808506184435908 -0.035286495788022877 0.04333781782461673 0.013350641035607883 -0.015599677919648414 -0.022139534551431153 -0.032854476957409472 0.049385820279518766 0.011332104739642912 -0.022318208249858942
leaf_weight=53 40 41 54 78 56 51 35 30 58 36 62 34 35 45 57 53 32 33 104 30 40 36 42 35 184 30 51 56 49 34 43 45 83 44 49 33 41 51 32 44 54 34 45 58 33 44 93 35 56 30 37 56 222 83 38 55 48 32 30 54 58 44 55 39 31 60 44 79 50 30 32 33 80 109 57 141 40 52 33 37 113 39 123 94 93 43 86 33 58 31 31 33 57 111 31 52 77 42 47 55 64 52 32 47 55 62 34 30 32 42 74 55 106 52 34 33 92 46 31 48 34 42 33 53 59 61 103
leaf_count=53 40 41 54 78 56 51 35 30 58 36 62 34 35 45 57 53 32 33 104 30 40 36 42 35 184 30 51 56 49 34 43 45 83 44 49 33 41 51 32 44 54 34 45 58 33 44 93 35 56 30 37 56 222 83 38 55 48 32 30 54 58 44 55 39 31 60 44 79 50 30 32 33 80 109 57 141 40 52 33 37 113 39 123 94 93 43 86 33 58 31 31 33 57 111 31 52 77 42 47 55 64 52 32 47 55 62 34 30 32 42 74 55 106 52 34 33 92 46 31 48 34 42 33 53 59 61 103
internal_value=8.37992e-05 -0.0124701 -0.00316704 0.0128063 0.0353796 -0.0458965 0.00383172 -0.00751479 -0.0332485 -0.0372984 0.0487801 -0.0319367 -0.0459931 0.041539 0.0530549 0.00728993 -0.00365335 -0.028171 -0.0221189 -0.0360451 -0.120032 -0.0557936 0.00869739 0.0145469 0.070652 -0.0399672 -0.0466127 0.0463564 -0.0206178 -0.0122842 -0.07561 -0.100692 -8.32778e-05 -0.0357957 0.0513775 0.0244153 0.0209264 0.0295744 0.0262685 -0.0682808 -0.0396684 0.000330969 -0.00764935 -0.0155562 -0.106246 -0.0658713 0.031782 -0.0515227 0.0160249 -0.0526322 0.00901705 -0.0340082 0.0648566 0.0198673 0.0117193 -0.0225497 -0.0280834 -0.039462 -0.0479995 -0.0342557 0.0795758 -0.0402693 0.0146532 -0.025696 -0.0215279 -0.0188997 0.0440138 -0.0305931 -0.00289515 0.0189293 0.0407862 -0.0957139 0.0240304 0.0251457 0.0262285 0.0244794 -0.0336883 0.00580105 0.0112325 0.000224595 0.0678438 -0.0271599 -0.0598579 0.0402516 0.0214921 -0.033817 -0.0357223 0.0270659 0.00174157 -0.0607376 0.0240973 -0.0266882 0.0425704 0.0650539 0.0168714 -0.0223207 -0.0144855 -0.00156763 0.0194066 0.0178321 -0.046115 -0.0207861 0.0390846 0.0134192 -0.0392307 0.00586158 0.00795171 -0.0244548 0.0198645 0.0220937 0.0273241 -0.0130364 0.0205005 -0.0308751 -0.0397373 0.0011417 -0.041199 -0.0253654 -0.0262832 0.0384329 0.0105015 -0.0125263 -0.0276169 -0.0290855 0.0459813 0.0133167 -0.0241873
internal_weight=6935 5116 4003 2615 1819 1113 2064 1322 1388 1280 1231 1189 529 927 553 588 407 581 502 449 81 181 741 592 304 1032 660 551 660 408 106 80 223 442 465 374 341 250 324 218 279 268 178 133 91 79 181 139 90 83 324 252 392 199 116 268 372 391 145 246 242 162 108 232 177 93 305 324 91 86 126 63 742 662 608 499 70 287 122 70 335 75 167 227 358 242 199 78 165 75 161 91 183 160 198 84 149 107 265 208 118 82 126 130 196 164 102 244 105 73 105 94 161 83 120 75 147 214 180 141 68 119 140 107 91 93 149
internal_count=6935 5116 4003 2615 1819 1113 2064 1322 1388 1280 1231 1189 529 927 553 588 407 581 502 449 81 181 741 592 304 1032 660 551 660 408 106 80 223 442 465 374 341 250 324 218 279 268 178 133 91 79 181 139 90 83 324 252 392 199 116 268 372 391 145 246 242 162 108 232 177 93 305 324 91 86 126 63 742 662 608 499 70 287 122 70 335 75 167 227 358 242 199 78 165 75 161 91 183 160 198 84 149 107 265 208 118 82 126 130 196 164 102 244 105 73 105 94 161 83 120 75 147 214 180 141 68 119 140 107 91 93 149
is_linear=0
shrinkage=0.05


Tree=2
num_leaves=128
num_cat=0
split_feature=9 9 9 9 7 9 9 1 9 9 1 9 9 9 9 9 9 9 9 6 9 9 2 9 9 9 3 9 9 9 9 9 9 9 7 9 2 9 6 6 9 1 6 9 2 6 3 9 0 2 7 7 9 9 9 9 2 2 9 6 9 3 9 9 9 5 7 9 9 9 9 9 9 2 5 9 2 3 3 9 9 2 9 9 2 0 0 9 3 2 2 6 9 0 9 3 3 6 9 2 9 3 0 2 9 2 2 2 3 9 2 6 9 2 8 9 6 9 6 1 2 7 2 2 2 2 3
split_gain=1148.01 597.437 698.424 298.134 245.753 194.653 178.675 160.524 98.477 129.238 84.8882 70.7772 76.0128 55.094 71.6679 51.0816 73.0023 45.172 105.111 43.1446 40.2507 43.4178 38.6291 37.1058 33.4485 57.2759 29.5787 26.2894 26.0792 34.7741 25.1193 24.5226 85.4367 24.1946 22.384 21.4578 21.1581 17.3732 16.8379 15.7038 15.1031 16.2158 14.5631 13.8949 13.4231 11.7242 11.5944 10.857 10.2691 10.2344 9.75603 14.7221 8.49652 8.4868 7.06287 6.5647 5.93283 7.23704 5.63547 5.54138 4.79477 4.7105 4.67156 4.32475 4.31866 4.25876 3.46463 3.02515 3.99163 4.01697 3.09546 2.78526 8.025 3.07331 2.57059 2.42202 2.33859 2.23993 2.21723 2.00892 1.99976 1.94448 1.87117 1.80171 1.5639 1.41848 1.41268 1.36436 1.65055 1.33968 1.23881 1.13563 1.13102 1.11273 1.04239 0.999938 0.970528 0.927976 0.946118 0.907786 0.873501 0.845127 0.833924 0.821123 0.803146 0.724844 0.715394 0.711449 0.676363 0.62585 0.590522 0.547735 0.546961 0.444995 0.443663 0.435868 0.434681 0.426988 0.391028 0.35125 0.317365 0.316059 0.262199 0.2616 0.23929 0.237803 0.215877
threshold=0.82694086432456981 0.26118339598178869 -1.0429430603981016 -0.01348631316795945 0.6143074929714204 0.3024504035711289 -0.67153990268707264 1.0000000180025095e-35 -1.6894596219062803 -1.373079180717468 1.2065384984016421 -1.4143462181091306 -1.6206812858581541 1.102054297924042 0.90947490930557262 -0.63027289509773243 -0.41284452378749842 1.2675660848617556 1.3075019121170046 -1.7652760744094846 -0.35959677398204798 -0.27972511947154993 0.58884355425834667 -0.13329377770423886 0.63436147570610057 0.52254116535186779 1.4984139800071719 1.6935482025146487 -1.1667441129684446 -1.249278128147125 1.4539332389831545 -1.5656585693359373 -1.5106359124183653 0.21991638094186786 -1.3576400279998777 -1.3868348598480222 0.24135091900825503 0.5500524938106538 0.038097223732620485 0.038097223732620485 1.1708326339721682 0.41595189273357397 -1.6409085988998411 -0.23978930711746213 -0.1712960675358772 1.2196152210235598 0.65493208169937145 1.5471168756484988 0.25791636854410177 0.80602750182151806 0.46390463411808019 -1.2072371840476988 -1.0704543590545652 1.5204929709434511 0.7994295358657838 0.97825327515602123 0.87118187546730053 -0.084422904998064027 1.6403004527091982 0.34902189671993261 -0.61651721596717823 -0.46971046924591059 -1.4556132555007932 0.027336971834301952 0.67562848329544078 -0.24600152671337125 1.1657853722572329 -1.0154317021369932 -0.94665333628654469 -0.90538632869720448 -0.71280694007873524 1.3873735666275027 1.4139974117279055 0.63228118419647228 0.15532734990119937 0.44000713527202612 0.52368924021720897 0.79551240801811229 -0.61029079556465138 -0.78158527612686146 -0.83660796284675587 -1.365804076194763 1.0745429992675783 0.66187280416488659 -0.12786052748560903 0.1279941909015179 0.19295527786016467 0.44000713527202612 0.092610801570117487 0.84946307539939891 -1.1920572519302366 1.5927295684814455 -0.31966094672679896 0.21460897475481036 0.10987100377678873 -1.172612130641937 -0.46971046924591059 1.0000000180025095e-35 -0.080046016722917543 0.76258990168571483 -0.10666989907622336 0.23319111764431003 0.45280016958713537 0.19791434705257419 0.85445222258567821 0.71915432810783397 0.84946307539939891 0.43681606650352484 0.79551240801811229 -0.1865415424108505 0.56712579727172863 -1.0190532207489011 -0.87787500023841847 -0.97487434744834889 -1.2109395265579221 0.13738234341144565 -0.52157138288021077 0.7719181776046754 -1.205610394477844 -1.4287564754486082 -0.47535316646099085 -0.78945198655128468 0.52368924021720897 0.045885797590017326 0.56712579727172863 0.34994289278984075 0.65493208169937145
decision_type=2 2 2 2 2 2 2 2 2 2 2 2 2 2 2 2 2 2 2 2 2 2 2 2 2 2 2 2 2 2 2 2 2 2 2 2 2 2 2 2 2 2 2 2 2 2 2 2 2 2 2 2 2 2 2 2 2 2 2 2 2 2 2 2 2 2 2 2 2 2 2 2 2 2 2 2 2 2 2 2 2 2 2 2 2 2 2 2 2 2 2 2 2 2 2 2 2 2 2 2 2 2 2 2 2 2 2 2 2 2 2 2 2 2 2 2 2 2 2 2 2 2 2 2 2 2 2
left_child=1 2 8 6 17 22 67 15 102 11 13 12 19 14 104 44 34 40 49 -10 50 46 -3 93 25 38 53 45 29 96 71 78 36 39 60 -13 -33 -27 -7 63 41 -2 -21 48 -8 -28 92 -12 -18 -19 51 120 111 -15 64 81 57 -47 -49 61 -17 65 95 -5 83 -40 -60 -4 -69 85 79 99 -73 -74 -67 -61 -77 -35 107 80 112 -16 119 -26 -65 -70 -39 88 -63 90 -66 -59 -22 122 105 -34 118 103 100 101 -99 -20 -1 -25 -6 -86 -42 -14 109 -45 113 -30 -71 -31 -64 -41 -36 -92 -11 -57 -9 -53 -23 -106 -122 -115 -101
right_child=4 5 3 33 10 24 7 20 9 28 47 35 31 26 55 16 43 18 30 42 21 23 -24 97 54 37 27 -29 52 110 -32 32 62 77 116 -37 -38 86 59 115 106 -43 -44 108 -46 56 -48 58 -50 -51 -52 121 -54 -55 -56 82 -58 91 66 75 -62 87 114 84 89 74 -68 68 69 70 -72 72 73 -75 -76 76 -78 -79 -80 -81 -82 -83 -84 -85 94 -87 -88 -89 -90 -91 117 -93 -94 -95 -96 -97 -98 98 -100 126 -102 -103 -104 -105 123 -107 -108 -109 -110 -111 -112 -113 -114 125 -116 -117 -118 -119 -120 -121 124 -123 -124 -125 -126 -127 -128
leaf_value=0.014354595103684595 0.03527234480265648 -0.14598298159738382 0.011376193633865722 0.052073650367288705 0.017192457692097811 -0.0066706852030474694 -0.038613454240541432 -0.018513122946023943 -0.03687894543632865 -0.023995512243414271 0.042784128405831082 -0.1118775532956709 -0.011789394385840108 0.029445675093876689 0.040150583735326442 -0.034781503725436425 -0.056645245139521586 -0.034600992991843008 0.003321534902788699 -0.11195704219704967 0.036125166104598476 -0.028154295241194113 -0.076927412165836859 0.018538642302155496 -0.024216985101239725 -0.091203246333382351 0.027274602830410007 0.054830854047428483 -0.030803644288055321 0.0019186475779861213 0.036369305746308693 -0.057921261787414552 -0.0098444440272740189 0.0093106095899680736 0.01041492722614343 -0.056196247377703269 -0.10591357819736005 -0.067089723745981864 -0.030914016971082398 0.052939345476762302 0.032884357935447889 -0.012687409622594716 -0.066844166070222852 -0.032211131570131883 -0.080119745342098939 0.010051612944440231 0.011863709556766683 0.081401964870549876 -0.023700169525930986 -0.072134691284548844 -0.033628552902818604 0.010288504595237394 -0.015016608903089824 0.062919800736485648 -0.0094621454283856515 0.063090928111757552 0.014949200202577881 -0.010501667342203506 0.045561789070075798 -0.015121296071447432 -0.01060723073738204 -0.026256076668699585 -0.0351025944406336 0.028218827427675328 -0.025155253386632964 -0.06427457569675013 0.072620531997165158 0.03129330538485172 0.0030641836305970657 0.021559736276404902 0.014479494522410361 0.025203885060959847 0.011785504446529291 -0.0082297637296671229 -0.045351953970061414 -0.024240618119848539 -0.043084479552326783 0.026139113980721919 -0.023182970965563349 0.030311041120169819 0.017175114546613447 0.056253192543983456 0.054469696721252125 -0.0088220492936670787 0.039655558545338483 0.016379972705441826 -0.052645242933569286 -0.042791605287907174 -0.040597000114015631 -0.022947209389057272 -0.033647531734294252 -0.024301287974230947 0.049165631607174881 -0.012083337588175652 0.046997361277279104 -0.020142422074404281 -0.031536817289888858 0.016133162695350072 0.01234826429613999 0.0089124416247667645 0.028381868228316311 -0.0056642975645478481 0.025539070129394534 0.010230026877188422 0.030522229113886436 0.029162014439338593 0.042107853719166352 -0.0018601500867482497 -0.020457999116700629 -0.021717293886467814 0.00040186726702294052 -0.039108282466729483 0.029278322868049145 0.011003164789181646 -0.0253890050309045 0.064483991186175732 0.016570695550604302 -0.042102672807548362 -0.018595274544875081 0.073921455340138803 -0.010163034906459822 0.01800002737625225 -0.019456314920417727 0.022987759397143412 -0.015398946075245393 0.0056453330530367128 0.0029972811636980626
leaf_weight=33 30 47 59 82 58 49 38 30 49 137 32 56 40 37 40 30 107 54 49 58 43 34 43 49 56 54 49 32 53 30 86 69 71 37 82 30 39 44 32 52 132 40 35 68 48 37 35 176 33 30 33 30 58 46 56 83 41 33 30 31 65 74 32 47 43 43 36 136 33 56 87 57 33 43 62 46 32 46 32 137 115 99 48 31 94 52 115 50 36 42 118 31 79 30 56 38 39 32 34 33 39 54 49 90 30 40 48 33 45 31 41 149 87 58 55 112 54 45 78 115 73 36 30 83 42 38 31
leaf_count=33 30 47 59 82 58 49 38 30 49 137 32 56 40 37 40 30 107 54 49 58 43 34 43 49 56 54 49 32 53 30 86 69 71 37 82 30 39 44 32 52 132 40 35 68 48 37 35 176 33 30 33 30 58 46 56 83 41 33 30 31 65 74 32 47 43 43 36 136 33 56 87 57 33 43 62 46 32 46 32 137 115 99 48 31 94 52 115 50 36 42 118 31 79 30 56 38 39 32 34 33 39 54 49 90 30 40 48 33 45 31 41 149 87 58 55 112 54 45 78 115 73 36 30 83 42 38 31
internal_value=-8.42362e-05 -0.0120995 -0.00310328 0.011904 0.0336776 -0.04392 0.00322323 -0.00776917 -0.0316909 -0.0349992 0.0481534 -0.0511789 -0.0444439 0.0403604 0.0497425 -0.0269375 -0.0209003 0.010803 0.0016535 -0.0759147 0.00783499 0.016017 -0.114198 0.00588376 -0.0378453 -0.0446632 0.0232067 0.0136084 -0.019812 -0.0120762 0.0127081 -0.033359 -0.0405428 0.0440797 -1.06751e-05 -0.093323 -0.0760645 -0.0660844 -0.0345123 0.0483696 0.0279289 0.00807407 -0.0958708 -0.0378319 -0.0624344 0.0064524 0.0376573 0.0724342 -0.0491028 -0.0486968 -0.00876144 -0.00473199 -0.0322438 0.0485258 -0.0261132 0.061697 -0.000873218 -0.00737977 0.0761626 -0.0378478 -0.018524 -0.0414734 -0.0206829 0.04162 -0.0288602 -0.04859 0.0611847 0.0225385 0.0234579 0.0215267 0.0233019 0.00582691 0.0111972 0.000501267 -0.0536345 -0.0276816 -0.0324189 0.0188374 -0.012374 0.0252036 0.022385 0.0519392 0.0669779 -0.018894 0.0377995 0.0113061 -0.0570368 -0.0351159 -0.0312729 -0.0322664 -0.0340464 -0.0174569 0.0449005 -0.0206645 0.0400093 -0.013585 -0.0236936 0.016154 0.01981 0.00150879 0.0231621 -0.00139865 0.0212652 0.0132705 0.0226251 0.0367624 0.035563 -0.00738663 -0.026611 -0.0291752 0.00562923 -0.0370918 0.0264264 0.00731364 -0.0293201 0.0611665 0.0129622 -0.0362243 -0.0221315 0.0697212 -0.0136173 0.0147007 -0.0244392 0.0252383 -0.0121915 0.00896242 0.00613748
internal_weight=7073 5217 4068 2668 1856 1149 2102 1340 1400 1318 1136 637 551 862 556 601 515 720 470 142 739 495 90 338 1059 668 306 223 681 421 386 409 304 566 231 86 108 213 455 483 250 70 93 284 86 191 157 274 140 84 244 211 260 83 391 385 142 101 242 406 95 297 196 319 335 137 66 762 703 567 482 300 133 76 105 109 78 83 105 395 258 139 246 87 237 85 159 160 110 248 206 64 122 94 190 109 254 244 105 167 71 103 82 139 171 134 180 73 144 99 167 202 143 126 87 164 136 163 215 198 145 66 64 113 115 96 64
internal_count=7073 5217 4068 2668 1856 1149 2102 1340 1400 1318 1136 637 551 862 556 601 515 720 470 142 739 495 90 338 1059 668 306 223 681 421 386 409 304 566 231 86 108 213 455 483 250 70 93 284 86 191 157 274 140 84 244 211 260 83 391 385 142 101 242 406 95 297 196 319 335 137 66 762 703 567 482 300 133 76 105 109 78 83 105 395 258 139 246 87 237 85 159 160 110 248 206 64 122 94 190 109 254 244 105 167 71 103 82 139 171 134 180 73 144 99 167 202 143 126 87 164 136 163 215 198 145 66 64 113 115 96 64
is_linear=0
shrinkage=0.05


Tree=3
num_leaves=128
num_cat=0
split_feature=9 9 9 9 7 9 9 1 9 9 3 9 9 9 9 9 4 4 3 9 9 9 9 9 2 1 9 9 9 9 9 0 2 8 3 9 3 9 9 9 3 5 0 9 7 7 9 9 5 5 9 3 9 9 0 9 0 9 4 5 9 9 9 9 1 9 4 9 2 7 3 3 9 9 9 9 9 9 2 8 9 9 9 2 0 2 9 2 9 9 7 3 0 9 0 1 2 5 9 2 2 9 9 2 7 2 9 2 3 2 3 8 9 9 5 1 2 9 2 3 2 9 2 2 2 2 9
split_gain=984.245 570.15 602.069 263.352 223.496 171.633 156.589 147.568 95.2695 136.829 78.0384 68.1607 88.7299 62.6918 50.877 91.4974 47.1602 45.7526 39.4661 37.5107 43.4805 35.0776 32.3409 50.4334 31.8006 27.0903 42.6003 26.0665 30.309 23.8465 23.6413 23.6043 20.3212 18.6114 16.3687 15.9351 15.4219 14.9255 13.5519 12.821 11.2495 10.6101 10.295 9.71443 9.17119 15.0579 8.5146 8.02007 7.86673 12.7555 8.26672 7.80317 7.39685 6.80782 6.25012 6.0609 6.04504 5.95363 5.29259 16.8381 4.44016 4.24206 4.27503 4.19751 4.02695 3.74509 3.46289 3.27888 3.14351 2.77681 2.66216 2.36752 2.36705 4.72812 2.07423 1.94326 1.9352 7.12469 2.76704 1.80139 1.73926 3.97193 2.96734 1.6215 1.61359 1.60115 1.58732 1.50571 1.41855 1.40157 1.31453 1.14848 1.10206 1.0692 1.04977 0.83123 0.672943 0.586814 1.36876 0.582154 0.576635 0.558981 0.557702 0.49688 0.470807 0.404388 0.398157 0.396432 0.391944 0.320754 0.316078 0.291694 0.288087 0.281494 0.249544 0.249163 0.242807 0.205362 0.181923 0.169968 0.169172 0.164239 0.136341 0.116492 0.112787 0.105609 0.0634869
threshold=0.82694086432456981 0.26118339598178869 -1.0429430603981016 -0.01348631316795945 0.56417387723922741 0.3024504035711289 -0.67153990268707264 1.0000000180025095e-35 -1.6757040023803709 -1.6344369649887083 2.0607353448867802 -1.373079180717468 -1.4143462181091306 0.90947490930557262 1.2675660848617556 1.3075019121170046 -1.0432220101356504 -0.13390543684363362 -1.0320318043231962 -0.35959677398204798 -0.27972511947154993 -0.13329377770423886 0.63436147570610057 0.52254116535186779 0.56712579727172863 1.2065384984016421 1.102054297924042 -1.1667441129684446 -1.249278128147125 1.5204929709434511 0.21991638094186786 0.21460897475481036 0.13275895640254023 0.86189281940460216 1.4984139800071719 0.5500524938106538 1.0000000180025095e-35 1.6802362799644472 1.1708326339721682 1.4539332389831545 0.65493208169937145 0.95798584818840038 0.30122427642345434 0.12362667545676233 0.46390463411808019 -1.2740830183029173 1.5204929709434511 -1.0704543590545652 -0.3694873303174972 0.21707098931074145 0.3299617618322373 -0.18854984268546102 -0.63027289509773243 0.7994295358657838 0.32287797331810003 0.20616070926189425 0.32287797331810003 0.97825327515602123 -0.57167378067970265 -0.52384456992149342 0.041092643514275558 0.44000713527202612 0.49502982199192053 -1.7032153010368345 0.1524230241775513 -0.23978930711746213 -1.1438745856285093 0.67562848329544078 0.52368924021720897 -1.3910624980926511 0.79551240801811229 1.0766730904579165 -1.5106359124183653 -1.4556132555007932 -0.78158527612686146 0.41249577701091772 1.4139974117279055 1.3873735666275027 0.65399897098541271 -0.36998800933361048 -0.94665333628654469 -1.0154317021369932 -0.90538632869720448 0.82774528861045849 0.21460897475481036 -1.365804076194763 -0.83660796284675587 -0.95315605401992787 -0.31966094672679896 1.0745429992675783 -1.3576400279998777 -0.46971046924591059 0.1279941909015179 0.46751846373081213 0.19295527786016467 -2.2193431854248042 0.11104118451476098 -0.55471602082252491 -0.10666989907622336 0.56712579727172863 -0.54050752520561207 0.096115332096815123 -0.87787500023841847 -0.084422904998064027 -0.80616319179534901 -0.90971946716308583 0.75816252827644359 0.82774528861045849 0.092610801570117487 0.34994289278984075 -0.89145144820213307 -1.2109395265579221 0.85445222258567821 -1.4831245541572569 -0.95604565739631642 -1.4287564754486082 0.37166170775890356 -0.3862206488847732 0.26306973397731787 -0.46971046924591059 0.58884355425834667 -0.72656258940696705 -0.49707196652889246 0.80602750182151806 0.39337947964668279 0.34994289278984075 1.2276302576065066
decision_type=2 2 2 2 2 2 2 2 2 2 2 2 2 2 2 2 2 2 2 2 2 2 2 2 2 2 2 2 2 2 2 2 2 2 2 2 2 2 2 2 2 2 2 2 2 2 2 2 2 2 2 2 2 2 2 2 2 2 2 2 2 2 2 2 2 2 2 2 2 2 2 2 2 2 2 2 2 2 2 2 2 2 2 2 2 2 2 2 2 2 2 2 2 2 2 2 2 2 2 2 2 2 2 2 2 2 2 2 2 2 2 2 2 2 2 2 2 2 2 2 2 2 2 2 2 2 2
left_child=1 2 8 6 14 24 69 16 63 54 13 12 17 95 38 42 33 64 56 44 40 84 23 48 -3 26 57 28 91 -27 43 36 -14 66 46 -25 -18 41 -2 71 88 -12 -16 60 45 100 -28 108 50 -50 -7 79 -38 67 -10 114 -19 85 59 90 -5 75 93 -1 72 -61 -8 110 -36 116 -32 76 -11 113 80 -51 77 103 -78 -20 81 -71 92 87 -22 -15 102 -69 -21 115 -33 -13 -82 -63 -37 -6 -68 118 -99 105 -9 122 -84 -17 -47 -30 -89 126 -29 -107 -24 -75 -97 -74 -45 -59 -4 -54 -23 -83 -102 -76 -62 -105 -35 -67 -40
right_child=4 5 3 30 10 22 7 19 9 11 37 27 32 25 15 39 31 18 51 20 21 97 53 35 -26 29 34 47 99 -31 70 58 -34 124 68 94 52 -39 107 -41 -42 -43 -44 55 -46 104 -48 -49 49 61 -52 -53 117 -55 -56 -57 -58 89 -60 65 101 62 -64 -65 -66 125 96 83 -70 74 -72 -73 73 111 121 -77 78 -79 -80 -81 82 119 86 -85 -86 -87 -88 106 -90 -91 -92 -93 -94 -95 -96 112 -98 98 -100 -101 120 -103 -104 123 -106 109 -108 -109 -110 -111 -112 -113 -114 -115 -116 -117 -118 -119 -120 -121 -122 -123 -124 -125 -126 -127 -128
leaf_value=0.023533704802393914 -0.0015397624898469077 -0.1411301068284295 0.010609897099547433 0.048225496682253753 0.029749377840949644 -0.035250073889720034 -0.00509886672584022 -0.019585264824105032 -0.11106608674881308 -0.031669122886589983 0.017275498902168254 -0.02043350869428041 -0.11868638521746587 0.038511798963990325 -0.060820125682013372 -0.0015683018998242917 -0.027330631521596972 -0.093983240884750394 -0.03034090407553219 0.034189970252361701 -0.023866372867284911 0.015364880859640174 -0.014612023470302424 -0.086313796461674211 -0.07625290016795315 0.033873225827800467 0.029234116496342534 -0.037197261967529087 0.0019405627928790637 0.074306370785545611 0.0074487440916709601 -0.0070090948180424884 -0.064605641572974451 -0.022664504335261883 0.0056497294702610281 -0.06356172230508593 -0.080387291312217724 0.03542913349034886 0.028612723325689635 0.032086743470632804 0.01117068640132611 -0.012970605319173174 -0.024104202016623638 0.048377245105803018 -0.032772235634426279 0.0094945524107007424 0.060677831016835715 -0.014389773058231737 -0.056882126219030743 -0.031887237691297768 -0.0083644667304894442 -0.051783378693190489 -0.043438994649209473 -0.0086311083156288722 -0.074438357833893062 0.032564006265132658 -0.060920364492469362 0.059726663643405557 -0.040612501498650422 -0.043588476104939239 0.025893270698460664 -0.035981961813839995 -0.025375258668015401 0.0044033905148114028 -0.0030385581378141071 -0.02766209278375872 0.01842874219979752 -0.024197456225448725 0.02410789965859814 0.012345467389048058 0.025563836826218503 -0.006054126364178956 -0.014684193737402158 -0.0330653996477204 0.029418530639517926 -0.016840665885492375 0.0097082448737429716 0.024595438768821105 -0.010319395188023063 -0.013207012282155857 0.0030984080057929863 0.02385804824092809 0.020366610432493278 -0.022204180088426388 -0.0099531005081885011 0.053071608726340952 0.016704568981721596 -0.032516772445777185 0.047536140680313116 0.05200512816711348 0.007037716340874473 -0.031155793566037628 0.014886299519037659 -0.048499375581741333 -0.050627422297564076 0.016193092620947907 0.0086719255101807575 0.011574140224605799 0.023059458957251276 0.00030217697415289217 -0.010016200641948213 0.039897441367308301 0.027986345619990912 0.0030217085570956653 0.018210973910605298 0.010811881414584576 -0.04082159557763268 0.040031862575957117 -0.029189427109021282 0.0048157278081635019 -0.022073150445253421 -0.024349608217124587 0.02188967354157392 -0.0085706848854368387 0.060888770008258687 0.069887581011196506 0.016289106964938006 -0.055656807683408263 0.01090267430473533 0.030920500547256109 -0.014598640752956272 0.022424028381224603 0.033387883815420676 0.0068659467894273511 -0.03063447965729621 -0.020605237580634456 0.034971595216276394
leaf_weight=59 31 43 53 109 30 57 40 32 46 54 57 205 37 42 55 39 55 42 30 46 68 54 41 56 42 46 52 155 31 238 39 35 42 31 53 44 35 47 59 52 36 57 32 31 32 33 41 60 68 40 58 32 37 56 30 30 35 83 43 46 32 54 59 56 31 30 32 48 41 48 44 39 36 30 115 56 34 55 33 36 32 33 57 55 33 100 110 91 84 48 30 33 54 59 126 56 46 49 65 43 78 53 86 38 38 61 50 46 44 39 38 53 84 54 138 110 43 43 71 105 39 30 82 47 30 36 55
leaf_count=59 31 43 53 109 30 57 40 32 46 54 57 205 37 42 55 39 55 42 30 46 68 54 41 56 42 46 52 155 31 238 39 35 42 31 53 44 35 47 59 52 36 57 32 31 32 33 41 60 68 40 58 32 37 56 30 30 35 83 43 46 32 54 59 56 31 30 32 48 41 48 44 39 36 30 115 56 34 55 33 36 32 33 57 55 33 100 110 91 84 48 30 33 54 59 126 56 46 49 65 43 78 53 86 38 38 61 50 46 44 39 38 53 84 54 138 110 43 43 71 105 39 30 82 47 30 36 55
internal_value=-2.64177e-05 -0.0111208 -0.00227328 0.0116482 0.0318031 -0.0423023 0.00350366 -0.00688678 -0.0291224 -0.0331002 0.0444873 -0.028867 -0.0426009 0.0495724 0.00733022 -0.00233407 -0.0261087 -0.0335625 -0.0532528 0.00755776 0.0153971 0.00511879 -0.0367271 -0.0432913 -0.110333 0.0550945 0.0486069 -0.0183398 -0.0104848 0.0678992 0.0421366 -0.0358407 -0.0911016 -0.00482365 0.0288058 -0.0625984 -0.0498482 0.0120388 0.0286844 0.00949523 0.0362923 0.00217116 -0.0477428 0.0464412 -0.00818174 -0.00447283 0.0435944 -0.0307464 -0.0334992 -0.0373995 -0.0218794 -0.0316978 -0.060289 -0.0249186 -0.0977623 0.0551055 -0.0799284 0.0581746 -0.0248402 -0.0208019 0.0400178 -0.0322631 -0.0370606 0.0143363 -0.0200527 -0.0324653 0.00677879 -0.0277071 0.0138697 0.0214893 0.0172419 0.00527548 -0.0223527 -0.0192794 0.0226418 -0.0233742 0.00708888 0.00978903 -0.000162807 -0.0213318 0.0210741 0.0250999 0.0187979 -0.0306227 -0.0194626 0.0490646 0.0215365 -0.0329427 0.0431107 0.0633174 -0.000517549 -0.0220444 0.0105861 -0.0428857 -0.0543273 0.0216717 0.0128573 0.0155446 0.0182664 0.00536205 -0.0134769 0.0344056 0.0251116 0.00307744 0.0143478 0.00700806 -0.0357285 0.0345135 -0.0355815 0.00854422 -0.018432 -0.027856 0.019742 -0.0111506 0.0588918 0.0658483 0.0132954 -0.0506121 0.012937 0.0294154 -0.0116545 0.0281349 0.0315276 0.00520247 -0.027015 -0.0241779 0.031958
internal_weight=6966 5166 4025 2651 1800 1141 2093 1327 1374 1259 1185 1183 512 1024 615 424 569 433 175 758 506 340 1056 677 85 854 570 671 412 284 558 390 79 179 187 226 170 161 191 337 166 114 87 475 252 220 93 259 451 336 115 98 115 379 76 199 77 383 220 177 276 268 172 115 258 112 118 323 94 766 83 285 227 173 670 96 246 179 67 66 525 186 339 244 101 142 253 189 130 241 65 238 86 113 170 170 78 239 114 174 149 167 143 124 71 131 141 160 199 100 79 83 140 90 169 193 96 80 125 138 117 145 114 85 61 66 114
internal_count=6966 5166 4025 2651 1800 1141 2093 1327 1374 1259 1185 1183 512 1024 615 424 569 433 175 758 506 340 1056 677 85 854 570 671 412 284 558 390 79 179 187 226 170 161 191 337 166 114 87 475 252 220 93 259 451 336 115 98 115 379 76 199 77 383 220 177 276 268 172 115 258 112 118 323 94 766 83 285 227 173 670 96 246 179 67 66 525 186 339 244 101 142 253 189 130 241 65 238 86 113 170 170 78 239 114 174 149 167 143 124 71 131 141 160 199 100 79 83 140 90 169 193 96 80 125 138 117 145 114 85 61 66 114
is_linear=0
shrinkage=0.05


Tree=4
num_leaves=128
num_cat=0
split_feature=9 9 9 9 8 9 9 1 9 9 9 9 3 9 9 9 9 9 0 4 9 9 9 9 9 2 9 9 1 9 9 9 9 9 9 6 2 9 9 6 9 9 5 9 6 9 3 0 5 2 9 9 9 4 9 9 9 6 6 9 4 9 9 3 3 9 9 3 0 9 9 0 2 9 9 2 9 2 9 4 3 9 2 9 9 2 2 2 3 6 2 6 0 2 9 9 9 9 8 3 6 9 9 2 3 4 2 6 2 9 2 3 3 2 9 6 1 0 5 6 2 1 2 0 2 6 8
split_gain=937.297 498.879 564.9 240.133 174.624 154.515 141.235 120.296 83.7951 132.555 62.2325 89.2869 55.2976 68.6952 52.1483 61.5564 44.8732 54.9244 42.8182 38.8964 33.3833 36.5854 34.7749 31.4606 33.0406 29.8665 27.8269 44.0731 24.7846 25.1481 23.1452 42.5013 20.9726 20.8482 28.0255 18.6167 17.8261 13.1797 13.1252 12.8479 12.7709 12.2636 11.9995 11.7491 11.7612 9.34513 9.18107 9.12952 9.04492 9.01135 8.07584 13.203 6.75953 6.62192 5.71488 5.06164 4.99551 4.62461 4.45141 4.0028 3.97945 3.81468 3.74001 3.68748 3.52417 3.32422 3.25574 2.85889 2.463 2.43882 3.09758 2.25508 2.22513 2.03832 2.86541 1.81927 1.62924 1.52288 1.51667 1.50816 1.55324 1.36473 1.17674 1.06473 2.00324 1.05954 1.3354 1.04765 1.03486 0.94391 0.933925 0.907869 1.32455 0.890917 0.871427 0.825217 0.810206 0.788179 0.785246 0.783592 0.758687 0.749671 0.7462 0.723549 0.635141 0.627793 0.564497 0.558223 0.522985 0.48783 0.487584 0.477119 0.449338 0.39085 0.318279 0.30064 0.289358 0.283202 0.27806 0.275441 0.251574 0.249784 0.241904 0.233215 0.222978 0.185001 0.172991
threshold=0.82694086432456981 0.26118339598178869 -1.0429430603981016 -0.01348631316795945 0.40732413530349737 0.3024504035711289 -0.67153990268707264 1.0000000180025095e-35 -1.6757040023803709 -1.6344369649887083 -1.373079180717468 -1.4143462181091306 2.0607353448867802 1.5338048934936526 1.2675660848617556 1.3075019121170046 1.102054297924042 0.90947490930557262 0.30122427642345434 -0.16768633574247357 -0.35959677398204798 -0.27972511947154993 -0.13329377770423886 -0.63027289509773243 -0.41284452378749842 0.58884355425834667 0.63436147570610057 0.52254116535186779 1.0000000180025095e-35 -1.5243915915489195 1.6403004527091982 1.6935482025146487 0.20616070926189425 -1.1667441129684446 -1.249278128147125 -0.39720386266708368 0.089323412626981749 0.12362667545676233 -0.23978930711746213 0.10028097406029703 0.5500524938106538 1.6802362799644472 0.98885804414749157 1.4539332389831545 1.2196152210235598 0.39874011278152471 0.65493208169937145 0.32287797331810003 -1.1721458435058592 0.80602750182151806 -0.399532601237297 -0.50647184252738942 -1.0704543590545652 1.1456176638603213 0.7994295358657838 0.44000713527202612 0.97825327515602123 -1.6409085988998411 0.53557908535003673 0.041092643514275558 -0.70610728859901417 -1.4556132555007932 1.3873735666275027 -0.75087112188339222 0.79551240801811229 -1.7032153010368345 0.67562848329544078 2.2013156414031987 0.17130158096551898 -1.0154317021369932 -0.96040901541709889 0.17130158096551898 0.045885797590017326 -0.89163067936897267 -0.69905126094818104 0.69743552803993236 0.66187280416488659 -0.19301487505435941 -0.93289768695831288 0.87606266140937816 1.6389943361282351 1.0745429992675783 -1.3440858125686643 -0.78158527612686146 -0.83660796284675587 0.82774528861045849 -0.21473368257284162 0.71915432810783397 1.4984139800071719 -0.83249902725219715 0.78430870175361644 1.0000000180025095e-35 0.27957032620906835 0.56712579727172863 -0.31966094672679896 -0.080046016722917543 -0.10666989907622336 -0.43946841359138483 -0.66545820236206044 -0.61029079556465138 0.28683815896511083 0.46751846373081213 0.85445222258567821 0.71915432810783397 0.3737714439630509 -0.13390543684363362 -0.58394512534141529 0.10028097406029703 0.45853486657142645 -1.194255471229553 -0.86628291010856617 1.4984139800071719 -0.32913015782833094 -0.41019880771636957 -0.72656258940696705 -1.205610394477844 -0.37463472038507456 0.1279941909015179 -0.95604565739631642 0.84650379419326793 0.61056235432624828 -1.1652276515960691 -0.32332566380500788 0.21460897475481036 -0.43191657960414881 -1.0190532207489011 -1.2109395265579221
decision_type=2 2 2 2 2 2 2 2 2 2 2 2 2 2 2 2 2 2 2 2 2 2 2 2 2 2 2 2 2 2 2 2 2 2 2 2 2 2 2 2 2 2 2 2 2 2 2 2 2 2 2 2 2 2 2 2 2 2 2 2 2 2 2 2 2 2 2 2 2 2 2 2 2 2 2 2 2 2 2 2 2 2 2 2 2 2 2 2 2 2 2 2 2 2 2 2 2 2 2 2 2 2 2 2 2 2 2 2 2 2 2 2 2 2 2 2 2 2 2 2 2 2 2 2 2 2 2
left_child=1 2 8 6 14 25 69 18 65 47 11 19 13 16 53 49 17 102 23 61 50 46 112 72 48 -3 27 39 29 98 -15 -32 37 34 99 60 -13 59 123 75 -29 42 67 44 88 63 94 -10 71 -16 51 106 110 111 66 100 82 -30 101 -5 97 68 90 -41 -34 -1 76 -14 -11 -4 -71 -25 -8 78 83 -7 -28 -45 -72 -46 -81 121 -19 84 -75 86 -68 -42 -18 -80 104 92 -24 -70 -22 96 -93 -20 -21 115 -47 -57 -6 105 -17 124 -9 -39 109 122 -35 -2 -23 -37 -85 116 -12 -110 -53 120 -88 -58 -36 -26 -61 -112 -63
right_child=4 5 3 32 12 26 7 20 9 10 33 36 41 30 15 62 43 56 35 28 21 22 91 24 38 -27 54 40 57 -31 31 -33 64 52 108 113 -38 107 -40 45 87 -43 -44 77 79 55 -48 -49 -50 -51 -52 118 -54 -55 -56 58 81 -59 -60 103 -62 126 -64 -65 -66 -67 85 -69 93 70 73 -73 -74 74 -76 -77 -78 -79 89 80 -82 -83 -84 114 -86 -87 119 -89 -90 -91 -92 95 -94 -95 -96 -97 -98 -99 -100 -101 -102 -103 -104 -105 -106 -107 -108 -109 117 -111 125 -113 -114 -115 -116 -117 -118 -119 -120 -121 -122 -123 -124 -125 -126 -127 -128
leaf_value=0.022316478059760163 0.033634949398085312 -0.13354593912760418 0.010195244104895545 0.04563365999994607 0.015494076856251421 -0.0072248621567554188 -0.049881115459626722 -0.019258971247942219 -0.10875168616573017 -0.024159898264042568 -0.022704877009472022 -0.1138447990542964 0.027414001222877279 0.072514605602702578 -0.031032793466933075 0.0021198325991180953 0.037611437439918516 0.036189679418291369 0.01659067396751859 -0.091612849301762056 0.032977375692250781 -0.014375376532710083 0.0095362733976672529 -0.026292835580534302 -0.053458692841231829 -0.070418393130346049 -0.022510764388174849 -0.080481839712177011 -0.014323555776047417 -0.035475133758570469 -0.0036083064918570663 0.067821255645581655 0.009831397891120643 -0.041283888928592208 0.0060068428516387943 -0.030919656669721008 -0.064751386284828183 0.049875854679516385 -0.023607127895442451 -0.056390610096916073 -0.047381797214520391 0.034310235534436427 -0.011574437371294561 0.040848314991364112 0.012607911387525607 -0.025690744211897255 0.010134989880573224 -0.069687854250272116 0.012639223065759457 -0.06619543677026575 -0.031816997098212597 0.0097551928663795646 -0.012796157551929355 0.0094062828794121752 -0.0087377541765038449 -0.034007856119097325 0.058219435209528027 -0.037293449809173283 -0.021565560862312424 0.024953326955437661 -0.0087933692819206054 -0.029912923444663328 0.017020561730594571 -0.036850980489418421 0.02818287154359202 0.0047330709243262256 -0.025125174908898776 0.0074439458124449147 -0.010950904404612523 0.029005817207305329 0.020645419907357014 -0.0092423961963504549 -0.073445654908816022 0.025218832018101114 0.010671672681025391 -0.022725877724587919 -0.0077885646463161512 0.029020276526424374 0.0053635375636916331 -0.0039542873110622176 0.0097843685959066659 0.049627092242240906 0.050380691789811666 0.027891297258190381 0.015421912204309374 -0.021999241635203365 -0.034466388877832668 -0.059396034816526028 0.024048195761584103 0.016491625318303706 0.0066279037697714264 0.01469701840542257 0.021151474727825685 -0.0010285984899383038 0.044210779666900638 0.01144944265320459 0.026399077368634088 0.0073541105847523026 -0.069053831882774835 -0.027241031425621582 -0.014998217410622881 -0.044616708759941275 0.02337527455817355 0.023820752241919121 -0.0059033992462033452 0.039890889907782938 -0.011275006756489354 0.060436992103956193 0.0046040018116507457 0.0021532492020300458 -0.026695181490030404 0.024912532298575818 -0.022347157624917052 -0.020911664077464275 0.021524164309868449 -0.016371461192766827 -0.015870450702354762 -0.001907271537735748 0.016948840501052994 -0.039684641219320749 -0.025396544822762091 0.067782255456499435 0.012237926997626439 -0.042040788864388189 0.033538882298903033 -0.033541441460450488 -0.022370002160266956
leaf_weight=55 91 44 56 115 57 50 30 30 47 31 103 37 41 221 49 57 34 34 43 35 48 36 114 31 79 40 57 55 44 55 33 55 48 31 32 31 49 69 81 61 115 51 57 51 51 31 33 35 41 32 31 32 51 49 55 56 108 47 50 31 31 30 52 57 61 53 79 33 85 114 55 54 38 112 57 31 30 106 51 49 34 49 92 120 112 54 52 52 41 31 58 31 32 31 76 33 41 55 31 50 51 66 100 30 42 52 122 97 33 34 42 40 65 33 51 74 32 32 34 41 30 91 38 33 54 116 48
leaf_count=55 91 44 56 115 57 50 30 30 47 31 103 37 41 221 49 57 34 34 43 35 48 36 114 31 79 40 57 55 44 55 33 55 48 31 32 31 49 69 81 61 115 51 57 51 51 31 33 35 41 32 31 32 51 49 55 56 108 47 50 31 31 30 52 57 61 53 79 33 85 114 55 54 38 112 57 31 30 106 51 49 34 49 92 120 112 54 52 52 41 31 58 31 32 31 76 33 41 55 31 50 51 66 100 30 42 52 122 97 33 34 42 40 65 33 51 74 32 32 34 41 30 91 38 33 54 116 48
internal_value=0.00015974 -0.0107467 -0.00244393 0.0110509 0.0306262 -0.0396753 0.00329251 -0.00648047 -0.0283675 -0.0319539 -0.0276681 -0.0405801 0.0395405 0.0434171 0.00427239 -0.00884484 0.0363373 0.0456294 -0.0235997 -0.0312792 0.00663249 0.0139626 0.00497512 -0.0331738 -0.0264398 -0.104667 -0.0344947 -0.0406955 -0.0466152 -0.0614294 0.0637856 0.0412956 0.0402017 -0.0175134 -0.0108572 -0.00432986 -0.0869388 0.0449965 -0.0393911 -0.0316275 -0.0589743 0.0137557 0.00555428 0.0227685 0.0148894 -0.0355582 0.0339539 -0.0931186 -0.00644768 -0.0455621 -0.00834747 -0.00488001 -0.0292893 0.0253378 -0.0239026 -0.0299201 0.0560408 -0.0264635 -0.0348417 0.0381248 0.00661871 -0.0166869 0.00553448 -0.047341 0.0202643 0.0138102 -0.0263018 0.0187264 -0.0118095 0.0205066 0.0213124 -0.0156942 -0.0639231 0.0197767 0.0214249 -0.0133621 -0.0175803 0.0330967 0.014223 0.00592852 0.00172308 0.0604949 0.0468665 0.0229457 0.0204107 -0.0291858 -0.0309891 -0.051454 0.0306108 0.00971851 0.00164652 0.0149326 0.0122086 -0.00833071 0.040161 0.0185693 0.021631 0.0115335 -0.0822057 -0.0211622 -0.0193013 -0.0400631 0.0206301 0.0327131 -0.00130896 0.0344736 -0.0129664 0.0563721 0.00496744 0.00715113 -0.0336491 0.0311805 -0.0196745 -0.0261604 0.0261285 -0.0195852 -0.0212135 0.00141812 0.0136587 -0.0345223 -0.0314941 0.0629094 0.00951415 -0.0504963 0.0307342 -0.0319009 -0.025613
internal_weight=7050 5192 4035 2654 1858 1157 2097 1338 1381 1273 1191 523 1388 1206 470 290 897 531 580 437 758 509 352 387 319 84 1073 675 212 121 309 88 557 668 428 193 86 448 193 453 222 182 131 366 209 372 157 82 126 81 249 218 240 180 398 254 374 91 172 282 129 225 209 118 109 108 343 74 147 759 703 85 68 589 452 81 87 157 137 134 83 248 126 395 224 256 202 167 75 82 157 251 146 116 124 105 72 98 66 259 82 122 157 167 99 137 152 166 169 104 189 131 101 64 171 209 135 65 66 123 82 199 70 112 85 158 78
internal_count=7050 5192 4035 2654 1858 1157 2097 1338 1381 1273 1191 523 1388 1206 470 290 897 531 580 437 758 509 352 387 319 84 1073 675 212 121 309 88 557 668 428 193 86 448 193 453 222 182 131 366 209 372 157 82 126 81 249 218 240 180 398 254 374 91 172 282 129 225 209 118 109 108 343 74 147 759 703 85 68 589 452 81 87 157 137 134 83 248 126 395 224 256 202 167 75 82 157 251 146 116 124 105 72 98 66 259 82 122 157 167 99 137 152 166 169 104 189 131 101 64 171 209 135 65 66 123 82 199 70 112 85 158 78
is_linear=0
shrinkage=0.05


Tree=5
num_leaves=128
num_cat=0
split_feature=9 9 9 9 7 9 9 1 9 9 3 9 9 9 9 9 9 7 4 3 5 1 9 9 0 9 9 9 9 9 9 1 5 7 0 9 6 9 9 6 6 9 6 9 5 3 9 0 9 0 0 0 9 9 9 9 9 0 6 0 0 9 6 9 9 1 9 9 9 9 6 0 8 7 9 9 9 9 9 6 9 9 9 6 9 1 8 0 7 6 9 3 9 4 9 9 5 9 9 3 3 3 5 3 6 6 9 9 4 9 8 0 0 9 6 6 1 6 0 9 9 9 5 5 9 4 0
split_gain=843.594 435.334 512.217 208.739 176.028 130.465 123.544 123.607 72.7126 109.18 69.399 60.0948 74.6187 51.4132 42.5421 67.4325 39.8924 54.746 36.7646 34.7647 27.3738 26.8761 23.6883 41.2243 23.0515 22.5884 31.7045 20.8466 19.4543 25.5692 16.3635 22.922 15.7202 14.0656 13.2616 12.974 12.8999 12.5702 12.5594 12.386 11.5011 9.09861 7.86836 7.81598 7.71488 7.48595 6.94084 6.39342 6.2005 6.11567 5.76774 5.69872 5.54156 5.44877 5.2494 5.03323 4.79365 4.28441 4.21675 4.14889 4.12761 3.84824 3.79381 3.67255 4.14673 3.06453 3.02424 2.9861 2.96311 6.9149 2.39383 2.32591 2.27334 2.18057 2.11824 3.11799 2.07822 2.84017 1.80008 1.6587 1.16566 1.12805 1.936 1.09736 1.02062 1.22722 0.916454 0.888499 0.847145 0.821534 0.815649 0.795331 0.659067 0.650903 0.626684 0.617479 0.571557 0.560638 0.529999 0.51436 0.749892 0.511579 0.483637 0.428495 0.421655 0.394535 0.390339 0.37028 0.282147 0.267518 0.259762 0.246995 0.242386 0.239167 0.21959 0.197349 0.283644 0.17524 0.399006 0.160783 0.141113 0.1105 0.107552 0.100084 0.0837037 0.0648061 0.0516582
threshold=0.82694086432456981 0.26118339598178869 -1.0429430603981016 -0.01348631316795945 0.54746168851852428 0.3024504035711289 -0.67153990268707264 1.0000000180025095e-35 -1.6757040023803709 -1.6344369649887083 1.9201549887657168 -1.373079180717468 -1.4143462181091306 0.90947490930557262 1.2675660848617556 1.3075019121170046 -0.63027289509773243 0.41377100348472601 -0.13390543684363362 -1.0320318043231962 -1.2338887453079221 0.1524230241775513 0.63436147570610057 0.52254116535186779 0.30122427642345434 1.5338048934936526 1.102054297924042 0.21991638094186786 -1.1667441129684446 -1.249278128147125 1.6935482025146487 0.41595189273357397 1.8532593846321108 -1.3576400279998777 0.25791636854410177 -1.4005905389785764 0.038097223732620485 -0.23978930711746213 0.5500524938106538 0.10028097406029703 -0.27283042669296259 -0.13329377770423886 -0.45938761532306666 1.1845883131027224 0.24794243276119235 -0.18854984268546102 1.4406213760375979 0.30122427642345434 -1.0704543590545652 0.27957032620906835 0.23626267164945605 0.32287797331810003 0.7994295358657838 0.97825327515602123 -0.33297289907932276 -1.6894596219062803 1.4406213760375979 0.32287797331810003 -1.7030923366546629 0.32287797331810003 0.23626267164945605 0.44000713527202612 0.53557908535003673 -1.5106359124183653 -1.4556132555007932 1.4700673818588259 0.67562848329544078 0.027336971834301952 1.4139974117279055 1.3873735666275027 0.10028097406029703 0.17130158096551898 -0.41090059280395502 0.68115335702896129 -1.0154317021369932 -0.96040901541709889 -0.89163067936897267 -0.71280694007873524 -0.93289768695831288 0.038097223732620485 0.41249577701091772 -0.78158527612686146 -0.83660796284675587 1.4683561325073244 0.7719181776046754 -0.63816359639167775 1.1710023880004885 0.19295527786016467 0.21323350816965106 -0.83249902725219715 0.93698623776435863 1.0766730904579165 0.88196355104446422 -0.032564855180680745 1.0745429992675783 0.46751846373081213 -0.49297311902046198 0.64811712503433239 0.10987100377678873 0.79551240801811229 0.092610801570117487 -0.46971046924591059 -0.70907405018806446 -0.32913015782833094 -0.1484599597752094 -1.0190532207489011 -0.54773887991905201 -1.125477075576782 0.9436233937740327 -1.4831245541572569 -1.2109395265579221 0.25791636854410177 0.21460897475481036 0.7856738567352296 0.10028097406029703 -1.205610394477844 -0.37463472038507456 1.0000000180025095e-35 0.25791636854410177 1.4938690662384035 0.082359660416841521 1.0332759618759157 -0.92517420649528492 0.64927130937576305 0.85445222258567821 -0.50411303341388691 0.10634049400687219
decision_type=2 2 2 2 2 2 2 2 2 2 2 2 2 2 2 2 2 2 2 2 2 2 2 2 2 2 2 2 2 2 2 2 2 2 2 2 2 2 2 2 2 2 2 2 2 2 2 2 2 2 2 2 2 2 2 2 2 2 2 2 2 2 2 2 2 2 2 2 2 2 2 2 2 2 2 2 2 2 2 2 2 2 2 2 2 2 2 2 2 2 2 2 2 2 2 2 2 2 2 2 2 2 2 2 2 2 2 2 2 2 2 2 2 2 2 2 2 2 2 2 2 2 2 2 2 2 2
left_child=1 2 8 6 14 24 74 16 55 51 13 12 18 92 43 49 50 33 58 59 106 34 23 39 -3 26 53 36 29 101 31 -12 -27 71 41 -14 67 60 -25 79 54 42 -22 -2 65 72 68 -36 105 -16 -8 -10 66 90 -23 93 -28 73 -11 -20 -19 80 95 -60 109 -41 97 -5 69 91 -29 -18 -21 -33 -4 -76 78 81 -77 -7 -46 82 -78 119 85 -68 -75 -40 102 -80 -15 108 124 -1 121 -63 117 -24 120 100 -39 115 122 111 -44 -30 -9 -107 123 -65 -66 -31 126 -86 -38 116 -13 118 -42 -58 -69 -55 -35 -17 -6 -79 -105
right_child=4 5 3 27 10 22 7 20 9 11 30 28 35 25 15 46 17 37 19 45 21 40 52 38 -26 32 56 70 48 103 -32 57 -34 88 47 -37 114 99 87 44 96 -43 104 -45 61 -47 -48 -49 -50 -51 -52 -53 -54 94 -56 -57 83 -59 63 -61 -62 62 -64 64 110 -67 84 98 -70 -71 -72 -73 -74 86 75 76 77 125 89 -81 -82 -83 -84 -85 113 -87 -88 -89 -90 -91 -92 -93 -94 -95 -96 -97 -98 -99 -100 -101 -102 -103 -104 112 -106 107 -108 -109 -110 -111 -112 -113 -114 -115 -116 -117 -118 -119 -120 -121 -122 -123 -124 -125 -126 -127 -128
leaf_value=0.012620688824810917 0.0060455399862257772 -0.073402713787315096 0.0097655370727547305 0.044237209323011804 0.014857608611109081 -0.0062151886586684227 -0.066054077767858321 -0.0096162580567947104 -0.10121573870596678 -0.0014208606924512425 0.037517544425139993 -0.022084400508375398 -0.1094745082239951 0.037767926951249448 -0.058274642702860716 0.003436269775032997 -0.025501721113002584 -0.050709547547773383 -0.085887274465390628 -0.029368631180841476 0.0054100497100406731 0.016134269626156703 -0.022449334278222054 -0.076873898203090096 -0.13153323496089261 0.067140109064402417 0.013113860678336376 0.020935962854751522 -0.026336096427761593 -0.001657838256458842 0.048798068093531065 0.0048761317036512151 0.0331076790234709 0.0069820672245413974 0.03133174897386478 -0.065371405764629964 0.046306481728186979 -0.018096136046867623 -0.057513394951820375 -0.051457683844109106 0.009126714830873189 0.011522566449518006 -0.02445397465905574 0.031350144407401484 -0.027416014063515161 -0.047616752176671419 0.023729964108629664 0.0046597006637603047 -0.012392569709230554 -0.029131216901753632 -0.036840135401443527 -0.067108616139739757 -0.0081884803250432021 0.05554990540993842 0.039166185229094985 -0.0052428571842028761 0.031522057600775547 0.013344284558754263 -0.03256858091293411 -0.057620141635069982 -0.030230690493375401 -0.032427957497144999 -0.020928776678629218 -0.013347034130711109 -0.030233990310719518 -0.030789921477888574 -0.017948304786873256 0.03174452597762014 -0.0062953498878481774 0.021956322807818653 0.003487188978760969 -0.0087695972884460592 -0.011018625487823314 -0.016112105381645023 0.027995033074269256 0.019915986587775165 0.024604804158486704 0.0099401018525264711 0.0041882677504103275 -0.020721585960949168 -0.015339300580518812 0.025959807949968512 0.01478717386585857 0.039974994694766328 -0.039224616269911493 -0.028238952243210453 -0.0045557570477415413 -0.045191704623462746 0.0024919652229835913 0.014636278200534085 0.048370962273115402 -0.0052481965216643672 0.024566998620305147 0.022519412851995893 0.046908707999520835 -0.042144696561383532 0.019955469537022954 -0.01324620989405296 0.037199557537124277 -0.017297737409050266 -0.028324528866344029 -0.026730720336948122 0.017109065609318869 0.006206933751373607 -0.016650433604478498 -0.028468894904310055 -0.015250744590801852 -0.036141655356326005 0.0071186907692915857 -0.0076033053686842328 -0.022145901635289192 0.0044439208163465889 0.0099017673751293899 -0.028552987931236146 0.056037140472800333 -0.016462584444648262 -0.015289568106527441 0.015275000303306363 0.015906623298568384 0.024496814220522842 0.025883683520886637 0.064457541452832973 0.011312623917246642 0.00020000667093282053 0.019113995004118534 0.013813614845275879 0.0031712741474620998
leaf_weight=35 39 47 55 80 53 50 50 93 45 31 58 104 30 59 38 49 33 86 41 31 38 36 30 58 33 242 48 55 51 30 32 40 43 32 38 56 51 37 39 72 80 47 55 149 37 36 54 54 54 41 33 31 56 113 96 31 48 48 54 36 43 56 49 39 32 32 45 110 53 55 31 58 40 30 112 57 107 48 51 33 56 143 108 38 30 151 41 120 30 30 86 33 56 44 35 70 36 54 62 47 62 34 34 33 43 54 55 93 35 55 49 35 40 30 112 76 31 54 34 47 53 82 45 46 56 32 31
leaf_count=35 39 47 55 80 53 50 50 93 45 31 58 104 30 59 38 49 33 86 41 31 38 36 30 58 33 242 48 55 51 30 32 40 43 32 38 56 51 37 39 72 80 47 55 149 37 36 54 54 54 41 33 31 56 113 96 31 48 48 54 36 43 56 49 39 32 32 45 110 53 55 31 58 40 30 112 57 107 48 51 33 56 143 108 38 30 151 41 120 30 30 86 33 56 44 35 70 36 54 62 47 62 34 34 33 43 54 55 93 35 55 49 35 40 30 112 76 31 54 34 47 53 82 45 46 56 32 31
internal_value=6.92693e-05 -0.0102828 -0.00253826 0.0103472 0.0290695 -0.0374302 0.00311364 -0.00590397 -0.0271987 -0.0305701 0.0396644 -0.0268273 -0.0393859 0.0455131 0.00657997 -0.00257388 -0.0230511 -0.0177202 -0.0309978 -0.0480681 0.00743796 0.0121092 -0.0327519 -0.0384867 -0.0987094 0.050522 0.0444664 0.0376077 -0.0167892 -0.0100825 0.0159474 0.0109014 0.0621391 0.000181942 0.000508171 -0.0818377 0.0417661 -0.0327691 -0.0564417 -0.0298185 0.0215744 -0.00727156 -0.0138033 0.0261605 -0.0337151 -0.029198 0.007527 0.0158949 -0.027724 -0.0437028 -0.0550157 -0.0883558 -0.0229478 0.0527812 0.0330533 0.0117112 0.0270441 0.00101859 -0.0187794 -0.0735796 -0.0441683 -0.0290084 -0.0334495 -0.0211128 -0.017413 -0.0454522 -0.0253476 0.0354515 0.00422299 0.00679727 0.0147587 -0.0150485 -0.0193272 -0.004383 0.019472 0.0202327 0.0186775 0.0203878 0.0131413 -0.0121608 -0.0203846 0.0223045 0.0197644 0.0319362 -0.0280897 -0.0259794 -0.00959468 -0.0485546 0.0100483 0.0081892 0.0443449 0.00157956 0.0198321 0.0183465 0.0578848 -0.0381155 0.0140218 -0.0167585 0.0321457 -0.0224652 -0.024721 -0.0203712 0.0120501 0.00486516 -0.0212327 -0.031822 -0.0117985 -0.0335345 0.00333959 -0.0101018 -0.0256709 0.00164528 0.00684275 -0.0344444 0.0532935 -0.0192252 -0.020648 0.0126398 0.0112695 0.0283378 0.0300083 0.0596054 0.0096255 0.00188764 0.0171983 0.0116409 0.00480795
internal_weight=7023 5176 4028 2646 1847 1148 2092 1349 1382 1272 1255 1196 530 1006 592 404 590 507 444 184 759 611 1068 672 80 841 556 554 666 414 249 217 285 232 275 86 468 275 217 455 336 183 136 188 372 107 325 92 252 79 83 76 396 375 132 110 181 159 260 77 129 268 175 229 175 104 340 305 271 218 86 91 71 111 743 688 576 438 138 83 93 358 215 133 256 196 71 159 141 81 145 163 165 79 230 126 204 84 225 146 99 245 111 169 98 198 148 147 130 94 81 65 104 60 163 211 135 168 114 95 163 195 77 95 109 80 64
internal_count=7023 5176 4028 2646 1847 1148 2092 1349 1382 1272 1255 1196 530 1006 592 404 590 507 444 184 759 611 1068 672 80 841 556 554 666 414 249 217 285 232 275 86 468 275 217 455 336 183 136 188 372 107 325 92 252 79 83 76 396 375 132 110 181 159 260 77 129 268 175 229 175 104 340 305 271 218 86 91 71 111 743 688 576 438 138 83 93 358 215 133 256 196 71 159 141 81 145 163 165 79 230 126 204 84 225 146 99 245 111 169 98 198 148 147 130 94 81 65 104 60 163 211 135 168 114 95 163 195 77 95 109 80 64
is_linear=0
shrinkage=0.05


Tree=6
num_leaves=128
num_cat=0
split_feature=9 9 9 9 7 9 9 1 9 9 3 9 9 9 9 9 4 4 3 9 9 9 9 9 9 9 9 9 5 2 9 9 8 2 9 9 9 6 6 9 9 2 2 3 2 9 2 2 7 9 2 9 1 5 7 9 9 6 6 3 9 9 7 2 9 5 9 9 4 9 2 9 9 9 9 9 9 5 4 9 2 2 6 2 2 9 2 9 6 2 9 9 9 9 3 2 2 3 2 2 9 9 2 9 2 9 2 9 9 2 2 7 2 4 4 4 2 2 3 2 3 2 2 2 2 9 6
split_gain=752.118 405.695 464.475 199.015 157.773 130.68 113.41 100.963 69.6667 108.402 62.9674 49.5901 46.7696 66.9985 41.4461 56.9839 37.8083 33.5304 29.5751 24.7948 29.7308 26.2769 22.6474 29.3259 22.4495 37.9496 18.7922 18.1678 24.1175 17.7621 16.6173 22.6817 15.2791 15.1241 14.0257 20.5277 11.4693 11.2688 10.6072 9.86567 9.63833 9.05402 8.41951 7.9086 7.06336 6.99683 5.81809 6.12896 5.73028 5.44944 5.27739 5.25157 4.9511 4.90265 10.9887 4.71823 4.66848 4.36579 3.77302 3.71536 3.47799 3.43885 3.41629 3.12413 2.83133 2.8183 2.63563 6.25064 2.60634 2.59871 2.50886 2.42328 2.41304 2.17876 2.70362 2.50131 2.42275 2.08631 1.73486 1.52742 1.68858 1.24845 1.21797 1.19214 1.15719 1.14553 1.10174 0.908711 0.891861 0.879991 0.873857 0.87267 1.14607 0.846698 0.817226 0.719309 0.716034 0.77667 0.704505 0.696994 0.657253 0.670735 0.550688 0.536919 0.534164 0.526767 0.522321 0.483892 0.448017 0.407017 0.406918 0.372479 0.355226 0.331249 0.301223 0.275677 0.274458 1.19729 0.271876 0.278208 0.2699 0.249343 0.244722 0.222225 0.206058 0.199497 0.194424
threshold=0.82694086432456981 0.26118339598178869 -1.0429430603981016 -0.01348631316795945 0.54746168851852428 0.3024504035711289 -0.67153990268707264 1.0000000180025095e-35 -1.6757040023803709 -1.6344369649887083 1.9201549887657168 0.90947490930557262 -1.373079180717468 -1.4143462181091306 1.2675660848617556 1.3075019121170046 -1.0432220101356504 -0.13390543684363362 -1.0320318043231962 -0.35959677398204798 -0.27972511947154993 -0.13329377770423886 1.5338048934936526 1.102054297924042 0.63436147570610057 0.52254116535186779 0.21991638094186786 -0.63027289509773243 -0.61645966768264759 0.56712579727172863 -1.1667441129684446 -1.249278128147125 0.86189281940460216 0.089323412626981749 1.6935482025146487 1.1295656561851504 0.5500524938106538 0.038097223732620485 0.038097223732620485 -0.23978930711746213 1.6403004527091982 -0.1712960675358772 0.26306973397731787 0.65493208169937145 0.58884355425834667 1.1845883131027224 0.87118187546730053 -0.084422904998064027 -1.5247541666030882 -1.0704543590545652 -0.47535316646099085 1.4406213760375979 0.94300961494445812 -0.64733111858367909 -1.2740830183029173 0.7994295358657838 0.97825327515602123 0.34902189671993261 -1.7030923366546629 -0.46971046924591059 -1.5106359124183653 -1.4556132555007932 1.1657853722572329 0.089323412626981749 0.68938416242599498 -0.21513006836175916 1.4139974117279055 1.3873735666275027 -1.1438745856285093 0.027336971834301952 0.54540804028511058 0.24742772430181506 -1.7032153010368345 -1.0154317021369932 -0.94665333628654469 -0.90538632869720448 -0.69905126094818104 0.18619880080223086 0.20321029424667361 0.44000713527202612 0.45853486657142645 0.39337947964668279 1.4683561325073244 0.84946307539939891 0.30650527775287634 0.89571923017501842 -0.12786052748560903 0.10987100377678873 1.0000000180025095e-35 0.78430870175361644 -0.37290871143341059 -0.78158527612686146 -0.83660796284675587 -0.31966094672679896 -0.75087112188339222 -0.040987364016473286 0.78430870175361644 0.3737714439630509 0.71915432810783397 0.19791434705257419 -0.080046016722917543 -0.10666989907622336 -0.51878973841667164 1.0745429992675783 0.11104118451476098 0.5775638520717622 -0.86628291010856617 -0.89163067936897267 0.44000713527202612 0.61056235432624828 0.76258990168571483 -0.78945198655128468 1.0000000180025095e-35 -0.47033214569091791 0.33764275908470159 -0.20077716559171674 -0.56222632527351368 0.61056235432624828 -0.46971046924591059 0.61056235432624828 -0.32913015782833094 0.43681606650352484 0.21963211894035342 0.67571672797203075 0.41509725153446203 -1.4831245541572569 -1.0190532207489011
decision_type=2 2 2 2 2 2 2 2 2 2 2 2 2 2 2 2 2 2 2 2 2 2 2 2 2 2 2 2 2 2 2 2 2 2 2 2 2 2 2 2 2 2 2 2 2 2 2 2 2 2 2 2 2 2 2 2 2 2 2 2 2 2 2 2 2 2 2 2 2 2 2 2 2 2 2 2 2 2 2 2 2 2 2 2 2 2 2 2 2 2 2 2 2 2 2 2 2 2 2 2 2 2 2 2 2 2 2 2 2 2 2 2 2 2 2 2 2 2 2 2 2 2 2 2 2 2 2
left_child=1 2 8 6 14 29 73 16 72 63 11 85 13 17 45 44 32 58 42 53 43 115 23 56 25 38 37 41 48 -3 31 94 68 -15 35 -12 -27 69 -7 90 -24 -18 -19 93 -16 -2 47 -37 81 106 -20 66 -25 54 102 64 84 59 -11 65 -60 125 -42 -10 116 -40 67 96 -8 -5 -52 -28 -1 -4 118 124 91 -67 108 -59 -81 -29 112 95 -13 122 -71 98 99 105 -30 92 107 -21 -14 -66 97 -17 -88 -23 101 -90 -9 -58 -70 -38 -32 -77 -61 120 -47 -56 -54 -93 -39 -22 -26 -118 -75 -120 -33 -34 -6 -97 -76 -62 -108
right_child=4 5 3 26 10 24 7 19 9 12 34 22 30 33 15 51 27 18 50 20 21 88 40 52 55 36 71 28 39 -31 49 109 121 -35 -36 46 89 114 57 -41 62 -43 -44 -45 -46 110 -48 -49 -50 -51 70 -53 82 -55 111 -57 103 79 60 78 61 -63 -64 -65 83 77 -68 -69 104 86 -72 -73 -74 74 75 76 -78 -79 -80 80 -82 -83 -84 -85 -86 -87 87 -89 100 -91 -92 113 -94 -95 -96 123 -98 -99 -100 -101 -102 -103 -104 -105 -106 -107 126 -109 -110 -111 -112 -113 -114 -115 -116 -117 117 -119 119 -121 -122 -123 -124 -125 -126 -127 -128
leaf_value=0.019982088157641038 0.0062744436558568846 -0.12118604921159291 0.0084835986494673065 0.042254068808896206 0.014050180072041408 -0.0056343992969535373 -0.0035020007159222259 -0.017340540545327323 -0.069311367811226265 -0.0014440276933943524 0.035675548518012315 0.036039331555366518 -0.017446756330207879 -0.10385638781956263 -0.024306937373642409 0.0022625709070869891 -0.031960341636393517 -0.048929669931530952 -0.045201521039369613 0.029645949440157932 -0.012439718236264802 0.015179056291169717 0.065548782981057693 0.0093708494002930822 -0.021793140769004821 -0.07320709400257823 0.020362570881843567 -0.0099632647266057698 -0.051126497604630207 -0.069954880969598884 -0.037348338435677919 0.0029976469816042567 -0.018736187104255921 -0.057336062068740527 0.045848744921386242 0.0060289479875355028 -0.050098296492657769 0.041637097980294913 -0.025992591378669584 -0.021727411923930049 0.029031155743833744 -0.067434337802908639 -0.08613747581839562 0.009471463500004676 -0.054569688723200852 0.027378805791388974 0.013307285282792429 -0.018639647471261959 0.0053635867989077326 -0.012067431710394365 -0.011554033008436564 0.021375244227694531 0.032136154030599905 -0.025381771900180369 0.0080217697567516767 -0.0084788305337651308 0.056927286332877226 -0.011659322823247602 -0.030851596806853732 -0.022222636787981774 -0.012382446349841883 -0.023607207604107405 0.053355881249582453 -0.095697404850612997 -0.024074641793655854 -0.054088136156400048 -0.0062987613961852807 0.021147931831062967 0.015922552648072057 0.022710795666683804 -0.030785049978763829 0.0027051380420509245 0.0049727447537912268 0.019887463529320325 0.011305283596448135 0.014724107242880331 0.0085681529118205018 -0.036759863278040518 -0.037444443935933318 -0.01865884906715817 -0.034947845532048133 -0.024150597700668922 0.038307021717589936 -0.017351639142725618 0.047572743248295142 0.027695816289633513 0.032650606137710612 0.038658690173178911 0.013206927526381709 -0.056281608518432169 -0.039064937732258782 0.017152118905177038 0.014160345819885884 0.040633185717620347 -0.024474045563714977 -0.034041501209139825 0.0055745020661442006 -0.0067063848779071126 0.023056202878554664 0.007756173100484454 0.010282896563876421 0.024000755570283749 -0.0098343888054723341 0.045031708156740347 0.0077071455934522113 -0.039957469910062771 -0.024130168098810259 0.023029471016316503 -0.030809047276323494 -0.0005670219058952024 0.034813575446605682 0.016003521747495 0.023617891196722855 0.024515292930106323 0.052535191778816395 -0.01905945385316981 -0.0071632115605978243 -0.020012220107721832 0.029301667535627213 0.021644110025631061 0.007725325297259231 -0.027282350894176601 0.019028259749923435 -0.026531702741270976 0.0057748880011565763 -0.007517619321829286 -0.030158193813542192
leaf_weight=55 39 41 53 83 72 47 43 34 40 33 57 66 188 34 41 60 36 34 30 45 32 52 212 39 34 58 56 36 54 39 33 52 30 47 31 49 46 34 30 79 32 43 39 35 41 97 58 50 52 55 42 50 30 30 30 58 188 30 53 81 43 83 36 43 71 44 51 52 38 43 30 30 53 33 47 30 52 51 45 44 30 30 37 31 73 31 90 63 30 33 60 30 112 75 65 79 60 39 41 91 31 40 114 36 48 92 50 107 32 30 53 37 72 134 133 68 30 52 73 35 78 32 69 41 32 57 117
leaf_count=55 39 41 53 83 72 47 43 34 40 33 57 66 188 34 41 60 36 34 30 45 32 52 212 39 34 58 56 36 54 39 33 52 30 47 31 49 46 34 30 79 32 43 39 35 41 97 58 50 52 55 42 50 30 30 30 58 188 30 53 81 43 83 36 43 71 44 51 52 38 43 30 30 53 33 47 30 52 51 45 44 30 30 37 31 73 31 90 63 30 33 60 30 112 75 65 79 60 39 41 91 31 40 114 36 48 92 50 107 32 30 53 37 72 134 133 68 30 52 73 35 78 32 69 41 32 57 117
internal_value=-9.97462e-07 -0.00975252 -0.00228599 0.0100286 0.0276158 -0.0360799 0.0027818 -0.00596722 -0.025731 -0.0289937 0.0377091 0.0433091 -0.0251026 -0.0362671 0.0061549 -0.00308752 -0.0215677 -0.0285155 -0.0455139 0.00622799 0.0126155 0.00439114 0.048425 0.0422717 -0.0313613 -0.0370046 0.0360695 -0.0304752 -0.0248915 -0.0973828 -0.0162871 -0.010051 -0.00331561 -0.0778915 0.014928 0.0102565 -0.0534933 0.0398757 -0.0282013 -0.0357377 0.0601213 -0.0518705 -0.0697032 0.0307231 -0.0399135 0.025337 0.000860476 -0.00649175 -0.00700033 -0.0263083 -0.0276933 0.00668769 0.0254236 -0.00678008 -0.004079 -0.0218438 0.0504408 -0.0309204 -0.0173294 -0.0341995 -0.0195352 -0.0161079 0.0424956 -0.0839578 -0.0241054 -0.0408829 0.00381411 0.00627663 0.00649647 0.0341506 -0.0198789 0.0143049 0.0127296 0.0184765 0.0192362 0.017564 0.0189681 -0.0452654 -0.028688 -0.0217569 -0.0256404 -0.0166763 0.0298285 -0.0274721 0.042393 0.0187509 0.031147 0.0328909 0.0132268 -0.04642 -0.0451732 0.0202537 0.018175 0.036792 -0.0193414 -0.0290158 0.00131129 -0.00130239 0.0298452 0.0105421 0.0168872 0.019626 -0.0116636 0.0552241 0.0114785 -0.0436738 -0.030145 0.0213307 -0.0249031 0.00466831 0.0302189 0.0126001 0.0264109 0.0232805 0.0505775 -0.0170853 -0.0174826 -0.0154543 0.0255189 0.0270414 0.00587157 -0.0235101 0.0166031 -0.0317161 0.00916531 -0.00971138 -0.0285078
internal_weight=6980 5159 4020 2636 1821 1139 2063 1325 1384 1276 1238 993 1193 525 583 394 581 444 175 744 499 344 821 541 1059 663 573 390 311 80 668 413 191 81 245 214 229 487 434 193 280 79 73 155 82 189 157 99 118 255 102 312 178 245 215 396 363 387 269 283 236 183 68 83 338 125 262 211 129 320 72 86 108 738 685 544 465 95 158 104 74 66 139 222 139 172 237 194 244 171 114 413 249 120 253 191 159 99 131 143 101 70 148 224 86 138 200 137 113 160 150 67 102 164 167 100 116 82 141 108 130 62 141 120 79 100 167
internal_count=6980 5159 4020 2636 1821 1139 2063 1325 1384 1276 1238 993 1193 525 583 394 581 444 175 744 499 344 821 541 1059 663 573 390 311 80 668 413 191 81 245 214 229 487 434 193 280 79 73 155 82 189 157 99 118 255 102 312 178 245 215 396 363 387 269 283 236 183 68 83 338 125 262 211 129 320 72 86 108 738 685 544 465 95 158 104 74 66 139 222 139 172 237 194 244 171 114 413 249 120 253 191 159 99 131 143 101 70 148 224 86 138 200 137 113 160 150 67 102 164 167 100 116 82 141 108 130 62 141 120 79 100 167
is_linear=0
shrinkage=0.05


Tree=7
num_leaves=128
num_cat=0
split_feature=9 9 9 9 7 9 9 1 9 9 1 9 9 9 9 0 4 6 9 9 9 9 9 9 7 9 9 0 3 9 9 9 9 9 6 9 5 9 6 9 9 6 9 9 9 5 7 7 7 0 9 9 6 0 9 9 9 9 1 9 1 9 9 9 6 9 9 9 5 0 9 9 9 9 3 3 5 9 9 9 9 9 9 9 9 1 0 0 6 7 9 0 9 1 9 4 6 0 9 9 3 8 9 0 0 6 7 9 9 3 3 8 1 6 0 6 1 0 9 9 0 9 9 0 3 7 9
split_gain=687.45 370.142 410.061 177.632 145.122 115.085 105.003 90.3027 61.146 95.2983 55.2546 40.0816 58.9812 34.6913 42.4048 33.544 26.9075 34.7931 25.3957 27.1227 24.8129 68.7371 24.773 24.3486 22.3382 20.5962 33.78 19.8771 18.9458 16.4834 16.4605 16.3675 20.1994 15.512 14.6233 13.8407 12.4329 11.312 10.6867 10.3867 10.3523 9.35318 8.71488 8.67355 7.59191 7.01256 6.13336 9.47528 5.6683 4.97033 4.93822 4.49588 4.4631 4.24767 4.18002 4.08402 4.0297 3.86884 5.56503 3.84574 6.83388 3.79221 3.78158 3.55121 2.96555 2.57686 2.34854 2.31597 2.31178 1.99344 1.85659 2.20603 1.76608 5.09002 1.69707 1.67496 1.49471 1.42811 1.41928 2.20359 1.28315 1.07233 1.54773 1.05292 0.957782 0.937387 0.895266 0.827588 0.737013 0.715603 0.619866 0.60373 0.608711 0.587106 0.582415 0.571702 0.562943 0.629523 0.615673 0.512155 0.462706 0.430448 0.405339 0.387439 0.848138 0.382937 0.350744 0.341769 0.3352 0.333286 0.332722 0.452285 0.321961 0.246249 0.214727 0.208672 0.257678 0.207588 0.195536 0.194467 0.181394 0.386502 0.180888 0.158697 0.149236 0.169682 0.14782
threshold=0.82694086432456981 0.26118339598178869 -1.0429430603981016 -0.01348631316795945 0.6143074929714204 0.3024504035711289 -0.67153990268707264 1.0000000180025095e-35 -1.6757040023803709 -1.6206812858581541 1.2065384984016421 -1.373079180717468 -1.4143462181091306 1.102054297924042 0.90947490930557262 0.30122427642345434 -0.13390543684363362 -1.5787218809127805 -0.35959677398204798 -0.27972511947154993 1.2675660848617556 1.3075019121170046 -0.63027289509773243 -0.13329377770423886 0.29679055511951452 0.63436147570610057 0.52254116535186779 0.30122427642345434 1.4984139800071719 1.4539332389831545 0.21991638094186786 -1.1667441129684446 -1.249278128147125 -1.5243915915489195 -0.39720386266708368 1.6802362799644472 1.7297728657722475 1.1708326339721682 0.038097223732620485 -0.25310124456882471 0.5500524938106538 0.038097223732620485 1.1433213353157046 1.5338048934936526 -0.33297289907932276 -1.1721458435058592 0.46390463411808019 -1.2740830183029173 -1.6417346000671384 0.27957032620906835 1.5204929709434511 -1.6894596219062803 -1.6409085988998411 0.34453167021274572 -1.0704543590545652 0.7994295358657838 -1.5106359124183653 0.39874011278152471 1.2065384984016421 1.1295656561851504 0.67948076128959667 -1.4556132555007932 0.97825327515602123 0.44000713527202612 0.53557908535003673 0.027336971834301952 0.67562848329544078 1.6403004527091982 -1.0177885890007017 0.17130158096551898 -1.0154317021369932 -0.96040901541709889 1.3873735666275027 1.4139974117279055 0.79551240801811229 0.092610801570117487 1.2049582004547121 -1.6069256067275999 -0.89163067936897267 -0.71280694007873524 -0.93289768695831288 -0.78158527612686146 -0.83660796284675587 0.7719181776046754 1.0745429992675783 -0.63816359639167775 0.19295527786016467 0.30122427642345434 -0.83249902725219715 0.046119431033730514 -1.2355224490165708 0.36618536710739141 0.10987100377678873 -2.2193431854248042 0.93698623776435863 -0.032564855180680745 1.0000000180025095e-35 0.27957032620906835 -0.080046016722917543 0.46751846373081213 -0.46971046924591059 -1.1927591562271116 -0.54773887991905201 0.25791636854410177 0.30122427642345434 -1.0190532207489011 -0.80616319179534901 -1.194255471229553 0.13738234341144565 0.3737714439630509 -0.32913015782833094 1.1209968924522402 -1.4287564754486082 -0.08627621084451674 0.27957032620906835 -1.205610394477844 -0.37463472038507456 0.25791636854410177 -0.22647736221551892 -1.125477075576782 0.34453167021274572 1.1979002952575686 0.85445222258567821 0.21460897475481036 -0.32913015782833094 0.74799916148185741 0.05484831519424916
decision_type=2 2 2 2 2 2 2 2 2 2 2 2 2 2 2 2 2 2 2 2 2 2 2 2 2 2 2 2 2 2 2 2 2 2 2 2 2 2 2 2 2 2 2 2 2 2 2 2 2 2 2 2 2 2 2 2 2 2 2 2 2 2 2 2 2 2 2 2 2 2 2 2 2 2 2 2 2 2 2 2 2 2 2 2 2 2 2 2 2 2 2 2 2 2 2 2 2 2 2 2 2 2 2 2 2 2 2 2 2 2 2 2 2 2 2 2 2 2 2 2 2 2 2 2 2 2 2
left_child=1 2 8 6 20 27 70 15 51 53 13 12 16 14 93 22 52 77 46 44 37 49 -8 110 45 26 38 -3 50 72 41 32 100 -19 68 36 59 42 -7 -26 -28 65 -2 -12 -20 69 47 102 -14 -22 -15 95 -11 -10 105 66 -54 58 114 -30 -61 117 94 -59 99 113 -27 -45 -17 -24 -4 -72 103 -74 -32 -60 -75 -18 80 81 -73 82 -80 85 112 -68 -42 -38 -82 -70 -34 92 126 -6 -16 -1 97 124 -98 -65 115 -63 -9 -23 -105 -33 -49 123 -43 -106 -21 -112 -64 -5 -40 116 -13 -58 -41 -107 121 -39 -95 -92 -25 -126 -67
right_child=4 5 3 30 10 25 7 18 9 11 43 31 48 28 62 34 17 33 19 23 21 29 24 96 39 55 40 -29 35 -31 74 54 90 -35 -36 -37 87 120 57 118 86 108 -44 67 -46 -47 -48 106 -50 -51 -52 -53 56 -55 -56 -57 61 63 75 60 -62 101 84 64 -66 91 83 -69 89 -71 71 78 73 76 -76 -77 -78 -79 79 -81 88 -83 -84 -85 -86 -87 -88 -89 -90 -91 107 -93 -94 122 -96 -97 98 -99 -100 -101 -102 -103 -104 104 109 119 -108 -109 -110 -111 111 -113 -114 -115 -116 -117 -118 -119 -120 -121 -122 -123 -124 -125 125 -127 -128
leaf_value=0.011781311761110257 0.021504500047821139 -0.067908681110250502 0.0087020230160928091 0.035679844948980542 0.024543407006609827 -0.005322971203909569 -0.056628784781961296 -0.0086415119266339113 -0.080308683171416775 -0.0017752586814396558 0.030244122724980116 -0.019607394068118403 -0.055603446868749767 0.023485246033240589 0.034598737361572561 -0.0051591079201429128 -0.021934311476445967 -0.078271238375128366 0.014141496978373381 -0.012057750502770598 -0.052659975246685309 -0.003674048202810809 -0.023456396572291854 0.011373126988397226 -0.045655496814783592 -0.015041452280026589 -0.069872863693483944 -0.1202058345930917 0.024894911192712331 0.029058447723155436 0.0046226862638390487 -0.023541176651011814 -0.0021662943063288807 -0.03507655679101223 -0.022101210836154312 0.031372538246796471 -0.020210840213386455 0.022808233896891277 -0.040401497128463928 -0.026176340878009796 -0.052360881067985712 0.041365128868031058 -0.013548472800425121 0.063234564133228796 0.03731252840587071 0.0115778208146558 -0.027408606251992752 0.007019125041551888 -0.08638840802880221 -0.026515564847192388 0.049012461952541192 -0.0052297730348072951 -0.033696033612180216 -0.056608582722644012 -0.012268434506323603 -0.0077778009485388018 -0.0052254421876803524 -0.016321017316583388 -0.019098421401447723 -0.0095399536632208362 0.022513135279258412 -0.029146006390933066 0.048723086083636569 -0.028942454207156389 -0.018221687041627972 0.032154554625352223 -0.015672408525702047 0.04929516065149353 0.016135117089426197 -0.0079493201445854679 0.024965006238327619 0.018436504771997191 0.020197206057993505 -0.0058929386685901723 0.019670266691933981 -0.035221975657623264 0.0079917423713292621 -0.0069966435463897679 0.022051087028421134 0.01054384255080254 0.0047919843880528659 0.02365572189861169 0.013537281518012791 -0.031548198800662473 0.04273772689641691 -0.024971950532033528 -0.040926563283128131 -0.0083426540687439911 0.014290822456989968 0.0070227888090691228 0.0046744279789202141 0.022193945157859062 0.0361289452641241 0.013320290643656463 0.043960648261267568 0.020740117782607995 0.018539281032871512 0.017031546323109541 0.0096854984760284431 -0.037961003556847575 -0.023702709237113595 -0.0199468410190414 -0.014161847405290855 0.0091356593277305363 0.0022002308829542016 -0.026048141869681851 0.014574530276541526 0.0026809168323719255 0.050640698792091737 -0.0038681495030011451 -0.023644235888213821 -0.014053451773361304 0.057525211928087641 0.046188444918707799 -0.052378377092607099 -0.014271274249417237 -0.013283370577846655 -0.010504172112060978 -0.019736985588336694 -0.032545377629644733 0.023109654814769062 0.031348630601451509 0.017858323014595293 0.009388510972537378 0.0092850467599019781 0.0041476050857454537 0.025946429551365863
leaf_weight=38 35 52 56 44 30 51 66 96 65 46 31 101 38 38 58 30 30 56 56 32 40 31 34 37 93 84 57 34 41 91 34 54 30 37 66 55 33 32 41 35 42 52 34 185 104 37 31 31 42 40 45 31 38 47 53 56 30 76 44 35 30 30 84 55 45 47 42 64 36 55 112 57 57 41 43 31 35 36 112 76 53 145 117 57 50 144 123 30 34 59 32 35 61 56 86 46 68 30 33 63 35 50 59 34 63 53 38 59 115 34 32 31 108 37 32 82 31 69 67 84 38 104 87 53 40 31 82
leaf_count=38 35 52 56 44 30 51 66 96 65 46 31 101 38 38 58 30 30 56 56 32 40 31 34 37 93 84 57 34 41 91 34 54 30 37 66 55 33 32 41 35 42 52 34 185 104 37 31 31 42 40 45 31 38 47 53 56 30 76 44 35 30 30 84 55 45 47 42 64 36 55 112 57 57 41 43 31 35 36 112 76 53 145 117 57 50 144 123 30 34 59 32 35 61 56 86 46 68 30 33 63 35 50 59 34 63 53 38 59 115 34 32 31 108 37 32 82 31 69 67 84 38 104 87 53 40 31 82
internal_value=0.000277422 -0.00910137 -0.00201754 0.00957505 0.0263772 -0.0343945 0.00291266 -0.00558181 -0.0239234 -0.0270576 0.0373706 -0.0227951 -0.0334635 0.0310617 0.0384801 -0.0204123 -0.0258839 -0.0420826 0.00587479 0.012481 0.0085802 0.00181247 -0.0288567 0.00434092 -0.0229884 -0.0297504 -0.0351179 -0.0897283 0.0174728 0.0105753 0.0348288 -0.0147277 -0.00874505 -0.0616422 -0.00324139 0.00982723 0.00267214 0.021498 -0.0269564 -0.0335514 -0.0510271 0.0383194 0.00428522 0.0567033 0.0293409 -0.00650534 -0.00692185 -0.00397742 -0.0726325 -0.0400765 0.037744 0.0109216 -0.0159685 -0.0709521 -0.0250213 -0.0204336 -0.0189552 -0.0297863 -0.0363214 0.0130846 0.00537074 -0.0156561 0.0476931 -0.025605 -0.0298078 0.0328883 -0.0225706 0.0598633 0.00681297 -0.0140682 0.0176935 0.0183933 0.00479475 0.00904207 0.0131703 -0.0261386 0.000522069 -0.0140125 0.0171144 0.018525 0.0126087 0.0201144 0.017779 -0.025101 0.0518162 -0.0229671 -0.044135 -0.014778 0.00862439 0.010608 0.00431392 0.0298051 0.0310836 0.017768 0.0404545 0.0168736 0.012842 0.0106012 0.0157698 -0.034036 -0.0178513 -0.0237138 -0.0108201 0.00127367 0.00246347 -0.0284777 0.0113288 0.00566959 0.0480159 5.54035e-05 -0.016957 -0.0192183 0.0539467 0.0409848 -0.0462885 -0.0167885 -0.0182332 -0.00897281 -0.0221793 -0.0302388 0.0282603 0.0295203 0.016186 0.00768879 0.00867513 0.0071307 0.0284382
internal_weight=7019 5164 4035 2639 1855 1129 2089 1327 1396 1281 1146 1169 502 866 559 578 422 159 749 494 709 466 387 334 321 1043 660 86 307 386 550 667 423 93 191 224 169 243 438 195 222 473 69 280 160 126 255 224 80 80 83 115 263 112 244 383 217 387 148 106 65 179 386 239 163 306 327 249 125 89 762 706 295 133 77 75 76 66 594 450 144 374 229 243 242 186 165 63 87 95 174 225 190 173 144 84 239 138 101 118 249 80 155 162 131 191 69 144 167 97 95 63 192 81 73 214 132 99 102 137 174 136 143 85 108 71 129
internal_count=7019 5164 4035 2639 1855 1129 2089 1327 1396 1281 1146 1169 502 866 559 578 422 159 749 494 709 466 387 334 321 1043 660 86 307 386 550 667 423 93 191 224 169 243 438 195 222 473 69 280 160 126 255 224 80 80 83 115 263 112 244 383 217 387 148 106 65 179 386 239 163 306 327 249 125 89 762 706 295 133 77 75 76 66 594 450 144 374 229 243 242 186 165 63 87 95 174 225 190 173 144 84 239 138 101 118 249 80 155 162 131 191 69 144 167 97 95 63 192 81 73 214 132 99 102 137 174 136 143 85 108 71 129
is_linear=0
shrinkage=0.05


end of trees

feature_importances:
Column_9=516
Column_2=139
Column_6=77
Column_3=67
Column_0=64
Column_1=40
Column_7=36
Column_5=30
Column_4=28
Column_8=19

parameters:
[boosting: gbdt]
[objective: regression]
[metric: l2]
[tree_learner: serial]
[device_type: cpu]
[data_sample_strategy: bagging]
[data: ]
[valid: ]
[num_iterations: 600]
[learning_rate: 0.05]
[num_leaves: 128]
[num_threads: 16]
[seed: 2023]
[deterministic: 0]
[force_col_wise: 0]
[force_row_wise: 0]
[histogram_pool_size: -1]
[max_depth: 20]
[min_data_in_leaf: 30]
[min_sum_hessian_in_leaf: 0.001]
[bagging_fraction: 0.9]
[pos_bagging_fraction: 1]
[neg_bagging_fraction: 1]
[bagging_freq: 1]
[bagging_seed: 26561]
[bagging_by_query: 0]
[feature_fraction: 0.85]
[feature_fraction_bynode: 1]
[feature_fraction_seed: 22040]
[extra_trees: 0]
[extra_seed: 25715]
[early_stopping_round: 0]
[early_stopping_min_delta: 0]
[first_metric_only: 0]
[max_delta_step: 0]
[lambda_l1: 0]
[lambda_l2: 1]
[linear_lambda: 0]
[min_gain_to_split: 0]
[drop_rate: 0.1]
[max_drop: 50]
[skip_drop: 0.5]
[xgboost_dart_mode: 0]
[uniform_drop: 0]
[drop_seed: 17353]
[top_rate: 0.2]
[other_rate: 0.1]
[min_data_per_group: 100]
[max_cat_threshold: 32]
[cat_l2: 10]
[cat_smooth: 10]
[max_cat_to_onehot: 4]
[top_k: 20]
[monotone_constraints: ]
[monotone_constraints_method: basic]
[monotone_penalty: 0]
[feature_contri: ]
[forcedsplits_filename: ]
[refit_decay_rate: 0.9]
[cegb_tradeoff: 1]
[cegb_penalty_split: 0]
[cegb_penalty_feature_lazy: ]
[cegb_penalty_feature_coupled: ]
[path_smooth: 0]
[interaction_constraints: ]
[verbosity: 1]
[saved_feature_importance_type: 0]
[use_quantized_grad: 0]
[num_grad_quant_bins: 4]
[quant_train_renew_leaf: 0]
[stochastic_rounding: 1]
[linear_tree: 0]
[max_bin: 255]
[max_bin_by_feature: ]
[min_data_in_bin: 3]
[bin_construct_sample_cnt: 200000]
[data_random_seed: 6644]
[is_enable_sparse: 1]
[enable_bundle: 1]
[use_missing: 1]
[zero_as_missing: 0]
[feature_pre_filter: 1]
[pre_partition: 0]
[two_round: 0]
[header: 0]
[label_column: ]
[weight_column: ]
[group_column: ]
[ignore_column: ]
[categorical_feature: ]
[forcedbins_filename: ]
[precise_float_parser: 0]
[parser_config_file: ]
[objective_seed: 2023]
[num_class: 1]
[is_unbalance: 0]
[scale_pos_weight: 1]
[sigmoid: 1]
[boost_from_average: 1]
[reg_sqrt: 0]
[alpha: 0.9]
[fair_c: 1]
[poisson_max_delta_step: 0.7]
[tweedie_variance_power: 1.5]
[lambdarank_truncation_level: 30]
[lambdarank_norm: 1]
[label_gain: ]
[lambdarank_position_bias_regularization: 0]
[eval_at: ]
[multi_error_top_k: 1]
[auc_mu_weights: ]
[num_machines: 1]
[local_listen_port: 12400]
[time_out: 120]
[machine_list_filename: ]
[machines: ]
[gpu_platform_id: -1]
[gpu_device_id: -1]
[gpu_use_dp: 0]
[num_gpu: 1]

end of parameters

pandas_categorical:null
