tree
version=v4
num_class=1
num_tree_per_iteration=1
label_index=0
max_feature_idx=9
objective=regression
feature_names=Column_0 Column_1 Column_2 Column_3 Column_4 Column_5 Column_6 Column_7 Column_8 Column_9
feature_infos=[-4.9281487464904785:0.63685661554336548] [-2.6146364212036133:3.7100627422332764] [-5.1990861892700195:1.272971510887146] [-2.2269694805145264:2.5527749061584473] [-5.5711894035339355:1.3641557693481445] [-1.9902403354644775:2.1465384960174561] [-1.982926607131958:1.6860036849975586] [-2.3018357753753662:1.4582350254058838] [-2.4405524730682373:1.9915002584457397] [-1.7305047512054443:1.7332621812820435]
tree_sizes=9920 9574 10430 8983 10974 9598 10379 9595 10381

Tree=0
num_leaves=114
num_cat=0
split_feature=9 9 9 9 8 9 9 1 9 9 9 9 3 9 9 9 4 0 9 9 3 9 9 9 9 9 9 9 1 9 9 9 6 6 6 9 9 9 9 6 5 9 9 5 9 9 6 4 9 3 9 8 9 9 6 9 6 9 9 3 9 9 0 8 5 9 9 9 9 3 6 9 4 9 9 9 0 0 9 9 9 9 6 0 0 9 3 9 9 3 6 9 3 9 9 5 5 8 9 6 3 6 9 9 9 9 4 3 9 9 8 9 9
split_gain=1413.2 714.006 883.194 357.232 257.426 223.802 219.49 193.266 125.334 202.302 91.3397 127.608 90.4032 95.3065 79.0113 88.209 65.4845 63.798 60.6524 82.4421 46.9068 43.906 55.9772 50.3201 43.2501 44.2232 42.6043 67.9073 37.1657 33.1516 30.6905 41.3429 26.6332 20.8186 20.2765 18.6406 18.0528 17.8633 15.8969 14.3434 13.7723 13.4757 13.3448 11.2556 10.2602 8.41903 8.15779 7.94443 7.44296 7.41084 7.11639 10.5786 6.66598 6.11576 6.32284 5.19608 5.16023 5.14912 7.27016 5.06652 4.78186 4.75207 4.46617 3.84678 3.58135 3.54402 4.97824 4.89081 4.23065 3.40975 2.65467 2.61948 2.07723 2.02496 1.70467 1.42114 1.40775 1.36934 1.12837 1.30344 1.05865 0.940949 0.896596 1.13444 0.892464 1.6833 0.838457 0.811389 0.783403 0.749606 0.646925 0.615337 0.538595 0.513016 0.502132 0.390207 0.339781 0.270677 0.267722 0.261893 0.261239 0.229903 0.224478 0.155849 0.109765 0.0859866 0.0752901 0.0583533 0.0528315 0.0278006 0.0104114 0.00929814 0.0647416
threshold=0.82694086432456981 0.26118339598178869 -1.0429430603981016 -0.01348631316795945 0.40732413530349737 0.3024504035711289 -0.67153990268707264 1.0000000180025095e-35 -1.6757040023803709 -1.6344369649887083 -1.373079180717468 -1.4143462181091306 2.0607353448867802 1.5338048934936526 1.2675660848617556 1.3075019121170046 -0.13390543684363362 0.30122427642345434 1.102054297924042 0.90947490930557262 -1.0320318043231962 -0.35959677398204798 -0.27972511947154993 -0.13329377770423886 -0.63027289509773243 -0.41284452378749842 0.63436147570610057 0.52254116535186779 1.2065384984016421 0.21991638094186786 -1.1667441129684446 -1.249278128147125 -0.39720386266708368 0.10028097406029703 0.038097223732620485 -0.23978930711746213 0.5500524938106538 1.6802362799644472 1.4539332389831545 1.2196152210235598 0.98885804414749157 -0.33297289907932276 -0.58900588750839222 0.24794243276119235 -1.0704543590545652 0.7994295358657838 -1.6409085988998411 1.1456176638603213 0.97825327515602123 0.79551240801811229 -0.50647184252738942 -0.54726958274841297 -1.7032153010368345 0.44000713527202612 0.53557908535003673 0.027336971834301952 -1.6409085988998411 -1.4968802332878111 -1.4556132555007932 -0.75087112188339222 0.67562848329544078 1.3873735666275027 0.30122427642345434 -1.5155026316642759 -0.86343130469322193 -1.0154317021369932 -0.94665333628654469 -0.90538632869720448 -0.71280694007873524 0.79551240801811229 1.4683561325073244 -0.78158527612686146 0.87606266140937816 -0.83660796284675587 1.0745429992675783 1.6403004527091982 0.19295527786016467 0.14964788407087329 0.7719181776046754 0.74440684914588939 0.85445222258567821 -0.42615647614002222 1.0000000180025095e-35 0.25791636854410177 0.34453167021274572 0.10987100377678873 -0.61029079556465138 0.46751846373081213 0.93698623776435863 0.93609276413917553 -1.0190532207489011 1.2808780670166018 -0.32913015782833094 -0.54773887991905201 -0.87787500023841847 -0.67820259928703297 0.46404260396957403 -1.1427537202835081 1.3607497215270998 -0.21064370870590207 -0.89145144820213307 -1.1434266567230222 -1.125477075576782 1.4938690662384035 0.13738234341144565 0.05484831519424916 -0.57167378067970265 -0.18854984268546102 0.7031398117542268 1.0332759618759157 1.1209968924522402 -1.304300785064697 -1.3318121433258054
decision_type=2 2 2 2 2 2 2 2 2 2 2 2 2 2 2 2 2 2 2 2 2 2 2 2 2 2 2 2 2 2 2 2 2 2 2 2 2 2 2 2 2 2 2 2 2 2 2 2 2 2 2 2 2 2 2 2 2 2 2 2 2 2 2 2 2 2 2 2 2 2 2 2 2 2 2 2 2 2 2 2 2 2 2 2 2 2 2 2 2 2 2 2 2 2 2 2 2 2 2 2 2 2 2 2 2 2 2 2 2 2 2 2 2
left_child=1 2 8 6 14 -3 65 17 52 62 11 16 13 18 47 49 56 24 19 80 -18 50 41 110 -8 42 27 33 -15 34 31 86 64 95 55 -27 -29 40 39 -20 -14 -23 -26 59 90 60 -22 -2 88 -16 93 -52 -1 96 87 -5 -11 -58 -59 -35 100 89 -10 -13 -19 -4 -67 77 71 -31 103 73 -41 94 109 -30 -38 -68 79 108 -6 -66 83 107 85 105 111 -55 -21 98 -32 -74 -33 -9 -69 -7 -45 -60 -17 -37 -28 -94 -92 -40 -36 -57 -70 -25 -62 -50 -24 112 -12
right_child=4 5 3 29 12 26 7 21 9 10 30 63 37 28 15 61 20 32 38 48 46 22 23 82 25 35 45 36 75 69 44 92 -34 43 104 99 76 -39 70 72 -42 -43 -44 53 -46 -47 -48 -49 74 -51 51 -53 -54 54 -56 84 57 58 97 -61 78 -63 -64 -65 81 66 67 68 106 -71 -72 -73 91 -75 -76 -77 -78 -79 -80 -81 -82 -83 -84 -85 -86 -87 -88 -89 -90 -91 102 -93 101 -95 -96 -97 -98 -99 -100 -101 -102 -103 -104 -105 -106 -107 -108 -109 -110 -111 -112 -113 -114
leaf_value=0.028037481296714833 0.038748948878975363 -0.12627135826475269 0.012573330225100477 0.057313569912231396 0.019147864152914567 -0.011749540408582677 -0.077447155111244226 -0.012783231852222085 -0.1293158991314704 -0.0082525256958841057 -0.023304339117362058 -0.089042179818816611 0.019332158443821159 0.042855908048542821 -0.070928625436059642 0.0065631910376200142 -0.091491127822754453 -0.0041900379972298228 0.037035792550148709 0.049241667993772061 -0.021216317244206313 0.020267284466170921 -0.025760075616818732 0.013904247190721404 -0.023939716748866968 -0.061130795316184601 -0.017505572706027643 -0.098154181199071669 0.089774315482121544 0.0085559611678798966 -0.034111253765300546 0.0027551702293769267 -0.03132488415023961 -0.068450248017564413 0.059430501265527944 -0.025312998434790738 -0.073989734739195498 0.040917118725133088 0.039325461271046365 0.017649792849783741 -0.01338085962089056 0.051925309450178661 0.0088011382830371233 -0.030364172998820126 -0.016024737640292035 -0.010648016565563276 -0.050684256409698043 0.013541562028926755 0.071762853753418523 -0.038500632473577143 0.016121079730478782 -0.01730741942370961 0.0033509758244635803 -0.041869489530597909 -0.026473173991997598 0.044207626455661585 -0.040406714016354435 -0.011440721444380259 -0.036446201571251717 -0.04439807968130606 -0.031745713648672721 0.019381415789450428 -0.096697930395260451 -0.11988945601788221 0.019123354565162745 0.034588577953761301 0.0064258680730375746 0.024087491301896316 0.01343020400321443 0.028818211740931281 0.052689104946229436 0.033735602037415498 0.0087745885380469662 0.019178049693622225 0.061257050372242626 0.073701185952102025 -0.058915678666827939 0.018985876173748459 -0.042815231941598891 -0.025515848820310143 0.02857157467536111 0.0081247853551443799 0.02191806761342982 0.022360027592439741 0.033513221406549519 0.0518069923656291 -0.032850049843250795 -0.054028568619470758 0.062228473691346396 -0.0031985123580486646 -0.037822136668738529 0.00010915755372884735 0.011519398904590463 -0.019220817300724842 0.031775498994100121 -0.019269872552888475 -0.022255841501911837 -0.027579170585110013 0.0013974402734111646 -0.033663368344738306 -0.024561628699998356 0.0062863747404978097 -0.046109277686189512 0.031829224637276603 0.071241413973459927 0.03649953945441118 0.017816952724736147 0.010503340081303733 -0.038058949354295685 0.082827706927981262 -0.020950609976025197 -0.021795903103349466 -0.028135224662023645
leaf_weight=54 121 84 55 83 57 44 68 93 40 48 81 42 73 65 40 56 78 41 74 50 40 52 56 46 73 116 46 54 188 40 53 65 66 55 49 43 44 47 70 47 56 105 53 45 54 57 65 44 110 40 55 40 55 51 46 45 52 84 42 53 58 51 48 43 41 143 44 59 46 45 41 144 40 106 48 54 123 45 52 57 101 41 98 41 48 58 48 70 79 49 56 41 42 59 84 40 47 43 46 43 40 52 91 52 116 83 42 54 86 86 45 64 59
leaf_count=54 121 84 55 83 57 44 68 93 40 48 81 42 73 65 40 56 78 41 74 50 40 52 56 46 73 116 46 54 188 40 53 65 66 55 49 43 44 47 70 47 56 105 53 45 54 57 65 44 110 40 55 40 55 51 46 45 52 84 42 53 58 51 48 43 41 143 44 59 46 45 41 144 40 106 48 54 123 45 52 57 101 41 98 41 48 58 48 70 79 49 56 41 42 59 84 40 47 43 46 43 40 52 91 52 116 83 42 54 86 86 45 64 59
internal_value=-8.32096e-05 -0.0133386 -0.00348302 0.01341 0.0377604 -0.0480652 0.0038807 -0.00841574 -0.0356375 -0.0399863 -0.0345654 -0.0498993 0.0484423 0.0533376 0.00477201 -0.0113035 -0.0391653 -0.0298937 0.0450045 0.0558041 -0.0621892 0.00848958 0.017041 0.00559578 -0.041278 -0.0335669 -0.0418018 -0.0494882 0.0774331 0.0485842 -0.0221266 -0.0136288 -0.00594902 -0.0382124 0.0536634 -0.048016 -0.0722232 0.0148695 0.0291837 0.0196514 0.0051375 0.0416345 -0.0102069 -0.0433511 -0.0357697 -0.0286665 -0.0397644 0.0321491 0.0686174 -0.0553901 -0.00871647 0.0020123 0.0157247 -0.0373942 -0.0431992 0.0459517 -0.0233298 -0.0265526 -0.0220772 -0.0571624 -0.0316559 0.00634336 -0.112811 -0.10586 0.00781007 0.0251426 0.0260932 0.023905 0.0259072 0.0194934 0.0408049 0.0281469 0.00939179 0.0247929 0.0741767 0.0865058 -0.063304 0.0129169 -0.0351702 -0.0329903 0.0253137 0.0137883 0.0180842 0.0152839 0.0416948 0.0436157 -0.0261875 -0.0492888 0.0576124 0.00184121 -0.0409946 0.00444326 0.00631476 -0.0153913 0.0287929 -0.0155152 -0.0265057 -0.0323333 0.00426976 -0.0298271 -0.021032 0.00872122 -0.0432291 0.0364151 0.0681131 0.0395311 0.0157006 0.01219 -0.0357526 0.0770137 -0.0238436 -0.0244673 -0.0255253
internal_weight=7041 5215 4063 2664 1826 1152 2097 1329 1399 1290 1202 537 1379 1203 447 282 452 585 896 531 183 744 497 340 396 328 1068 672 307 567 665 411 189 451 482 202 221 176 365 202 129 157 126 367 254 396 105 165 373 80 247 95 109 259 167 317 269 221 169 108 339 202 88 85 123 768 713 570 481 85 163 393 128 249 244 242 167 89 253 201 158 82 239 141 234 186 252 121 129 151 200 81 159 152 143 84 92 85 102 86 86 94 147 122 165 128 88 100 144 196 101 204 140
internal_count=7041 5215 4063 2664 1826 1152 2097 1329 1399 1290 1202 537 1379 1203 447 282 452 585 896 531 183 744 497 340 396 328 1068 672 307 567 665 411 189 451 482 202 221 176 365 202 129 157 126 367 254 396 105 165 373 80 247 95 109 259 167 317 269 221 169 108 339 202 88 85 123 768 713 570 481 85 163 393 128 249 244 242 167 89 253 201 158 82 239 141 234 186 252 121 129 151 200 81 159 152 143 84 92 85 102 86 86 94 147 122 165 128 88 100 144 196 101 204 140
is_linear=0
shrinkage=1


Tree=1
num_leaves=110
num_cat=0
split_feature=9 9 9 9 8 9 9 1 9 9 9 9 9 9 9 9 4 2 1 9 1 9 9 9 9 9 9 9 9 9 9 9 5 2 6 6 4 9 9 0 9 6 9 6 2 2 9 0 4 9 9 1 9 2 9 6 9 6 9 9 9 0 1 9 9 9 9 9 9 9 9 0 6 2 0 8 2 2 2 9 9 9 9 2 9 6 9 6 5 8 9 2 2 2 6 2 0 0 0 2 2 9 2 6 5 0 2 2 2
split_gain=1229.12 636.612 769.596 315.113 235.716 193.95 189.271 177.317 107.958 188.277 75.1657 114.196 68.0311 78.7633 52.6449 77.9168 47.2375 46.2469 40.7387 40.3715 39.5285 38.6092 109.291 92.3578 86.2557 72.3677 32.0795 61.0191 30.0661 29.3385 36.1877 25.9458 22.538 19.5811 18.4841 17.6477 17.5296 16.8546 15.4244 14.0938 13.3731 14.5066 12.4256 14.7979 10.0224 9.66719 9.6136 8.63761 7.94325 6.54198 6.39371 9.80663 6.77194 6.21858 6.21364 5.79183 5.61753 5.52908 6.94697 5.56524 5.29905 4.5907 4.45939 5.78661 4.41708 3.8579 3.81346 2.96841 3.43952 2.95594 4.14004 2.41335 1.89979 1.76371 1.71332 1.58961 1.46437 1.65442 1.42488 1.38692 2.63666 2.16383 1.19508 1.10669 0.966795 0.814933 0.695087 0.677196 0.644007 0.564293 0.547472 0.534789 0.521956 0.49511 0.487791 0.420686 0.362203 0.603428 0.360405 0.283855 0.249219 0.242042 0.221173 0.177768 0.174465 0.112464 0.037438 0.0291274 0.0033423
threshold=0.82694086432456981 0.26118339598178869 -1.0429430603981016 -0.01348631316795945 0.40732413530349737 0.3024504035711289 -0.67153990268707264 1.0000000180025095e-35 -1.6757040023803709 -1.6344369649887083 -1.373079180717468 -1.4143462181091306 1.2675660848617556 1.3075019121170046 -0.63027289509773243 -0.41284452378749842 -0.13390543684363362 0.56712579727172863 1.0000000180025095e-35 -0.50647184252738942 0.1524230241775513 1.5204929709434511 1.6403004527091982 1.6935482025146487 1.102054297924042 0.90947490930557262 0.63436147570610057 0.52254116535186779 0.21991638094186786 -1.1667441129684446 -1.249278128147125 -1.5243915915489195 -1.2338887453079221 0.21963211894035342 0.038097223732620485 0.038097223732620485 -0.73988714814186085 0.5500524938106538 -0.23978930711746213 0.25791636854410177 -0.13329377770423886 -0.45938761532306666 1.4539332389831545 1.2196152210235598 0.61056235432624828 -0.1712960675358772 -1.0704543590545652 0.23626267164945605 1.1456176638603213 0.93698623776435863 0.39874011278152471 1.2065384984016421 0.44000713527202612 -0.01926855510100722 0.7994295358657838 0.53557908535003673 1.5471168756484988 -1.6409085988998411 -1.5106359124183653 -1.4556132555007932 -1.7032153010368345 0.30122427642345434 0.94300961494445812 1.4139974117279055 1.3873735666275027 0.027336971834301952 0.67562848329544078 -0.71280694007873524 -1.0154317021369932 -0.96040901541709889 -0.78158527612686146 0.21460897475481036 1.2196152210235598 -0.12786052748560903 0.19295527786016467 0.98463061451911937 0.84946307539939891 -0.21473368257284162 0.78430870175361644 -0.89163067936897267 -0.83660796284675587 -0.93289768695831288 0.85445222258567821 -0.040987364016473286 0.10987100377678873 -0.1484599597752094 0.46751846373081213 -0.52157138288021077 -0.55471602082252491 0.12094683200120927 0.13738234341144565 0.45853486657142645 -0.51878973841667164 -0.23645249009132382 -1.0190532207489011 0.71915432810783397 0.10634049400687219 0.21460897475481036 0.36618536710739141 0.67571672797203075 0.56712579727172863 -1.125477075576782 0.26306973397731787 0.84650379419326793 0.80362856388092052 0.30122427642345434 0.43681606650352484 0.45853486657142645 0.19791434705257419
decision_type=2 2 2 2 2 2 2 2 2 2 2 2 2 2 2 2 2 2 2 2 2 2 2 2 2 2 2 2 2 2 2 2 2 2 2 2 2 2 2 2 2 2 2 2 2 2 2 2 2 2 2 2 2 2 2 2 2 2 2 2 2 2 2 2 2 2 2 2 2 2 2 2 2 2 2 2 2 2 2 2 2 2 2 2 2 2 2 2 2 2 2 2 2 2 2 2 2 2 2 2 2 2 2 2 2 2 2 2 2
left_child=1 2 8 6 12 17 67 14 60 53 11 16 48 44 -8 32 57 -3 31 93 39 24 56 61 25 82 27 34 35 30 96 -18 71 -13 -7 65 75 -29 47 40 41 -21 43 104 -14 -41 94 -17 95 -27 51 -36 -52 -10 66 86 -23 -11 -59 -60 -1 -24 -45 -64 78 -5 106 68 -4 -70 79 -16 -51 -67 -39 -22 77 -68 98 81 -81 -71 -6 -44 99 -43 -54 -34 102 -30 -37 92 -32 -9 -31 108 -12 -98 -15 -75 -95 -96 -38 -79 -26 -61 -28 -84 -2
right_child=4 5 3 28 21 26 7 19 9 10 29 33 13 64 15 38 18 -19 -20 20 36 22 23 -25 42 49 54 37 89 46 91 -33 87 -35 50 90 88 74 -40 45 -42 85 83 62 -46 -47 -48 -49 -50 72 52 -53 55 -55 -56 -57 -58 58 59 105 -62 -63 63 -65 -66 73 76 -69 69 70 -72 -73 -74 84 -76 -77 -78 103 -80 80 -82 -83 107 -85 -86 -87 -88 -89 -90 -91 -92 -93 -94 100 101 -97 97 -99 -100 -101 -102 -103 -104 -105 -106 -107 -108 -109 -110
leaf_value=0.025784910856573667 0.035901800016077554 -0.15766280520529974 0.012698647931472146 0.054314734437797642 0.01767387636528726 -0.0073133327656950521 -0.065903050064807761 -0.019378770196012089 -0.086452436872891017 -0.0073588063812577258 -0.018987719099535501 -0.12631844362107719 -0.033190258238010292 -0.0052204361954314073 -0.026860420945651678 -0.060870029155042152 -0.096066276729106906 -0.078550422573234982 -0.026984089581099782 0.008417279856972569 0.031019147365753143 0.063283233344554907 -0.013991492262317074 0.069655147567391398 0.035756823939143444 0.046282396304841135 -0.018109998479485512 -0.094180061381596791 0.014227096065455538 -0.032619874611496923 0.0034986481104591276 -0.04405918506990103 0.010133824570789591 -0.072682229047868308 -0.060790049206269417 0.055894426524639135 0.0173079120144248 -0.070813679827584172 -0.027618004196713161 0.00058024762411150736 0.015519112348556519 -0.031747544511240358 0.042895070663312586 -0.0042788866424450173 -0.069982435427060938 0.033203935555436395 -0.015362129442949304 -0.033468498194473797 0.011968667943980181 0.063867221983600425 -0.022271036413662574 -0.033764213061248757 -0.039575792009180245 -0.12051220781662886 -0.01099906146374284 -0.023915786627266143 0.085830204998669418 -0.044493558825481505 -0.012908386215567589 -0.034428094709064903 0.0036573106323235802 0.0071381758130155508 0.024870096140408093 0.0030404038891634522 0.019008034471498462 0.029721076521608564 -0.029179842052981259 0.014616754388919585 0.033940203189849853 0.024729560880825438 0.031859682421659083 -0.010143473573559679 0.075095296198768285 0.041832584142684939 -0.055399349115548592 0.045141282694977386 -0.024201663227921184 -0.036452268205488789 0.0080238180292249352 0.029620480362896447 0.018256490724580781 0.011770080911313617 0.030513003932105171 0.031259569872930208 0.049468918504386117 -0.020851828242567455 -0.050938728589278004 0.017888994196740293 0.02075197627147039 0.023183136467229238 0.068596985004842279 0.002151971482597883 0.010924207892209764 -0.010229087084594336 -0.035869202443531582 0.041779869940222765 -0.030066885296819792 -0.023119055687625342 0.00076632888216647457 0.032991772682167762 -0.015676440974307617 -0.043965319568111054 0.012292694962142331 -0.044956066788629047 0.027848874597640877 -0.026838701557029377 -0.023090454427207391 0.024676856876544234 0.028875784178574882
leaf_weight=53 40 41 54 78 56 51 79 41 41 50 42 40 40 42 48 90 63 40 75 42 41 51 44 79 50 50 42 51 43 49 40 43 86 40 75 49 49 44 140 47 45 48 40 53 40 43 56 49 50 218 84 70 54 50 48 44 183 41 94 40 55 59 55 67 48 44 79 80 109 57 141 42 111 84 123 85 43 78 58 110 110 81 44 102 57 43 64 47 74 43 111 62 62 66 55 40 65 137 60 42 42 92 75 42 43 43 40 52 44
leaf_count=53 40 41 54 78 56 51 79 41 41 50 42 40 40 42 48 90 63 40 75 42 41 51 44 79 50 50 42 51 43 49 40 43 86 40 75 49 49 44 140 47 45 48 40 53 40 43 56 49 50 218 84 70 54 50 48 44 183 41 94 40 55 59 55 67 48 44 79 80 109 57 141 42 111 84 123 85 43 78 58 110 110 81 44 102 57 43 64 47 74 43 111 62 62 66 55 40 65 137 60 42 42 92 75 42 43 43 40 52 44
internal_value=8.81568e-05 -0.0124638 -0.00315936 0.0128125 0.0353783 -0.0458949 0.00383626 -0.00750704 -0.033238 -0.0372871 -0.0319224 -0.0459612 0.00451781 -0.0103911 -0.0281632 -0.0221049 -0.0360009 -0.120029 -0.0557013 0.0087051 0.0145574 0.0458739 0.0586441 0.0293502 0.0401721 0.0534706 -0.0399657 -0.0466082 0.0463688 -0.0206175 -0.0122838 -0.075578 -5.36408e-05 -0.100729 -0.035789 0.0513938 0.02628 -0.0682808 -0.0396669 0.000340287 -0.00780608 -0.015755 0.0228608 0.0164214 -0.0522232 0.0163607 -0.0340082 -0.0515186 0.0291129 0.0651526 -0.0394751 -0.0480637 -0.0342386 -0.106273 -0.0280871 -0.0402693 0.0812063 -0.0225382 -0.0259702 -0.0214537 0.0146532 -0.00193583 0.00777507 0.0130038 0.00587113 0.0440259 -0.030577 0.0240292 0.0251429 0.0262255 0.0244758 -0.0192564 0.0678715 0.0402678 -0.0598579 0.0408264 -0.0337947 -0.0357361 0.00183648 0.0214869 0.0240468 0.0172623 0.024107 0.0348142 0.0426283 -0.0268816 -0.046115 0.0129874 0.0168645 0.0189201 0.0650782 0.00586208 0.00807446 -0.014489 -0.0392307 0.0358749 -0.0244544 -0.0254918 -0.00172556 0.0391686 -0.0124719 -0.041199 0.0143971 -0.0397755 0.0324356 -0.0308626 -0.0207884 0.0276387 0.0326045
internal_weight=6935 5116 4003 2615 1819 1113 2064 1322 1388 1280 1189 529 462 288 581 502 449 81 181 741 592 1357 416 182 941 531 1032 660 551 660 408 106 223 80 442 465 324 218 279 268 178 133 410 268 80 90 252 139 174 379 391 145 246 91 372 162 234 268 218 177 108 103 175 122 208 305 324 742 662 608 499 90 329 227 167 126 242 199 160 358 220 138 152 142 183 91 118 133 198 86 160 164 102 149 196 124 244 202 102 126 108 147 124 120 93 83 82 96 84
internal_count=6935 5116 4003 2615 1819 1113 2064 1322 1388 1280 1189 529 462 288 581 502 449 81 181 741 592 1357 416 182 941 531 1032 660 551 660 408 106 223 80 442 465 324 218 279 268 178 133 410 268 80 90 252 139 174 379 391 145 246 91 372 162 234 268 218 177 108 103 175 122 208 305 324 742 662 608 499 90 329 227 167 126 242 199 160 358 220 138 152 142 183 91 118 133 198 86 160 164 102 149 196 124 244 202 102 126 108 147 124 120 93 83 82 96 84
is_linear=0
shrinkage=0.05


Tree=2
num_leaves=120
num_cat=0
split_feature=9 9 9 9 7 9 9 1 9 9 1 9 9 9 9 0 9 9 6 2 9 9 9 7 9 9 9 3 9 9 9 9 9 9 6 9 2 2 9 6 9 9 9 6 7 9 2 9 9 9 8 7 2 6 9 3 9 9 3 9 9 9 9 9 9 0 9 9 3 2 9 9 3 9 6 2 7 0 2 2 9 0 9 2 2 3 6 3 2 0 9 2 7 7 2 9 0 2 6 9 2 9 2 1 6 2 9 6 8 9 9 9 0 2 2 2 2 9 7
split_gain=1147.4 597.341 697.807 298.329 245.329 194.365 178.66 160.632 98.3857 128.73 85.6263 70.3681 76.6411 55.9138 72.01 51.686 45.8598 105.564 44.6409 43.1376 41.4023 40.2217 43.581 37.8658 37.1136 33.4875 57.3135 30.7103 26.064 34.7496 25.1728 24.3928 85.3065 24.1651 23.8978 21.6892 19.7648 18.2515 17.3732 17.0245 16.9319 16.2425 16.0198 15.3941 12.5716 11.0751 9.99529 8.49652 6.98166 6.54827 6.29905 14.5425 5.78246 5.68211 4.75478 4.5691 4.47533 4.30966 3.83153 3.29308 5.06922 3.0261 3.9898 4.02179 3.09638 2.97405 2.81439 8.26298 2.67883 2.05012 2.00573 1.98769 1.96114 1.83559 1.6703 1.65239 1.55017 1.41268 1.40699 1.43603 1.29969 1.11813 1.06451 1.01565 0.985058 0.973914 0.949919 0.917957 0.905118 0.940795 0.898114 0.879132 0.867169 0.851873 0.819259 0.7888 0.669037 0.650062 0.547735 0.441633 0.415064 0.352598 0.3515 0.349037 0.302895 0.300287 0.27401 0.25622 0.212704 0.205178 0.144512 0.131882 0.119624 0.0924037 0.0804357 0.0778137 0.0691873 0.067984 0.0073875
threshold=0.82694086432456981 0.26118339598178869 -1.0429430603981016 -0.01348631316795945 0.6143074929714204 0.3024504035711289 -0.67153990268707264 1.0000000180025095e-35 -1.6894596219062803 -1.373079180717468 1.2065384984016421 -1.4143462181091306 -1.6206812858581541 1.102054297924042 0.90947490930557262 0.30122427642345434 1.2675660848617556 1.3075019121170046 -1.7652760744094846 0.56712579727172863 -0.63027289509773243 -0.35959677398204798 -0.27972511947154993 0.29679055511951452 -0.13329377770423886 0.63436147570610057 0.52254116535186779 1.4984139800071719 -1.1667441129684446 -1.249278128147125 1.4539332389831545 -1.5656585693359373 -1.5106359124183653 0.20616070926189425 -0.39720386266708368 1.6802362799644472 0.21963211894035342 0.17619657516479495 0.5500524938106538 0.038097223732620485 -0.25310124456882471 0.12362667545676233 1.1708326339721682 1.2196152210235598 -1.3075054287910459 -0.33297289907932276 0.58884355425834667 -1.0704543590545652 0.7994295358657838 0.97825327515602123 -0.18815998733043668 -1.2072371840476988 0.78430870175361644 0.34902189671993261 -1.4556132555007932 -0.46971046924591059 0.027336971834301952 0.67562848329544078 0.79551240801811229 1.5604287981987002 1.6403004527091982 -1.0154317021369932 -0.94665333628654469 -0.90538632869720448 -0.71280694007873524 0.19295527786016467 1.3873735666275027 1.4139974117279055 0.092610801570117487 -1.365804076194763 -0.78158527612686146 -0.83660796284675587 -0.75087112188339222 1.0745429992675783 0.16246472299098971 0.48025263845920568 0.51403927803039562 0.19295527786016467 0.82774528861045849 -1.1920572519302366 0.44000713527202612 0.14964788407087329 0.39874011278152471 0.78430870175361644 0.045885797590017326 -0.61029079556465138 1.0000000180025095e-35 0.23319111764431003 0.71915432810783397 0.36618536710739141 -1.4831245541572569 0.84946307539939891 0.71457675099372875 0.14638768136501315 0.19791434705257419 0.85445222258567821 0.49610756337642675 0.56712579727172863 -1.0190532207489011 -0.87787500023841847 -0.54050752520561207 -0.22647736221551892 0.32822409272193914 -1.4287564754486082 0.84650379419326793 0.54540804028511058 -0.54773887991905201 0.10028097406029703 -1.1609394550323484 -1.125477075576782 -1.304300785064697 1.2276302576065066 0.30122427642345434 0.43681606650352484 0.21963211894035342 0.089323412626981749 0.17619657516479495 -1.3318121433258054 -1.0568343400955198
decision_type=2 2 2 2 2 2 2 2 2 2 2 2 2 2 2 2 2 2 2 2 2 2 2 2 2 2 2 2 2 2 2 2 2 2 2 2 2 2 2 2 2 2 2 2 2 2 2 2 2 2 2 2 2 2 2 2 2 2 2 2 2 2 2 2 2 2 2 2 2 2 2 2 2 2 2 2 2 2 2 2 2 2 2 2 2 2 2 2 2 2 2 2 2 2 2 2 2 2 2 2 2 2 2 2 2 2 2 2 2 2 2 2 2 2 2 2 2 2 2
left_child=1 2 8 6 16 19 61 15 96 11 13 12 18 14 95 20 42 46 -10 -3 -8 50 45 44 115 26 39 92 29 85 66 72 36 41 68 43 -33 -13 -28 -7 -25 56 -2 -29 65 -23 -18 98 57 69 51 106 -45 55 90 74 -5 113 -35 -12 -61 -4 -63 81 70 -22 83 -68 -17 -16 71 99 -14 103 -41 -55 -76 -40 79 -59 82 -64 -57 87 -20 110 94 -19 89 112 -34 111 -15 -70 -26 -6 -1 100 -30 -65 -31 -42 -102 -51 -81 -47 -9 -43 -56 -100 117 -44 -58 -27 -88 -24 -66 -11 -73
right_child=4 5 3 33 10 25 7 21 9 28 59 37 31 27 49 34 17 30 84 -21 23 22 24 40 86 48 38 35 47 97 -32 32 54 58 -36 -37 -38 -39 77 53 101 107 91 52 -46 105 -48 -49 -50 73 -52 -53 -54 75 108 80 88 78 -60 60 -62 62 63 64 116 -67 67 -69 93 -71 -72 118 -74 -75 76 -77 -78 -79 -80 104 -82 -83 -84 -85 -86 -87 114 -89 -90 -91 -92 -93 -94 -95 -96 -97 -98 -99 109 -101 102 -103 -104 -105 -106 -107 -108 -109 -110 -111 -112 -113 -114 -115 -116 -117 -118 -119 -120
leaf_value=0.015867904410129641 0.0076427789375474557 -0.14991139147016738 0.011376193633865722 0.052101881269897732 0.017192457692097811 -0.0065115466853603726 -0.071161008258796718 -0.011727791808937725 -0.036336932983249429 -0.021029564789496365 0.057931769203464947 -0.11865855331827956 -0.0067062699392240925 0.041047420820524531 0.040007422101206898 -0.002787013731098601 -0.030034218688628506 0.0032939097221690015 -0.082579885459527741 -0.077443936435466126 -0.029010352694840976 0.018601328170754845 -0.017707782572688301 -0.058191084925123718 0.018489885538816454 -0.016239643905391087 -0.091203246333382351 0.027134102283976974 -0.030803644288055321 0.0030724507659991704 0.03636919999944753 -0.057650911610792666 -0.01829668778854494 0.011472441590926115 -0.029571427472613078 0.039282217773340518 -0.10372893533536368 -0.068904989196899094 -0.067089723745981864 -0.037792148671689486 -0.033874699618758226 0.055645391469200459 0.030000615943419309 -0.014512688918290911 0.012732711266321334 0.051170380461600523 -0.065708452869545339 -0.015016608903089824 -0.0095372225239611502 0.063124695526702065 -0.026645570891205131 0.015630559405932824 0.0084046330715698957 -0.021428627857277473 -0.033144949944246382 -0.036784791488919347 0.038494513049183124 -0.02481456200846217 0.030651439918261587 0.081248513148848428 0.061468262294196156 0.031293465730047577 0.0053105482035641412 0.021863810129855811 0.012180657364254775 -0.010455518991996844 0.025405557344442817 0.00034163814376701008 0.017972327514392577 0.056396147012710576 0.030311041120169819 0.018611153960227968 -0.0207803995403949 0.054572202538957407 -0.061272445388815627 -0.034787700507713827 -0.044742585111547405 -0.052645242933569286 -0.023347192983298251 -0.033788573609612814 -0.042791605287907174 0.016901225564916703 -0.025377455248751426 0.0065398821952722735 -0.10492643763621648 -0.030295801865604689 0.016727682381003566 -0.0059362650935197185 0.028759046407734475 0.030584413830826926 -0.008931301635200695 0.042949389438239893 0.055640086487290408 0.0075844089712270293 0.010192032013047529 0.025177821765343351 0.025916875794876455 0.00013981519954367762 -0.034203811298156604 0.029071852869608186 0.012462380876143774 -0.025753662703742443 0.0058382601967233039 0.073954378479513624 -0.041459029547448428 0.040455806661735885 -0.016813704600700967 0.06607500728807951 -0.025254139177342677 -0.041746465749638056 -0.018786861753234498 0.036562271737333001 0.046777172581009246 -0.021367160514706659 0.021540145891217086 -0.022799041050557908 0.0163174066449637 -0.025552161298692228 0.015344315760635906
leaf_weight=40 70 44 59 83 58 49 72 94 49 79 52 40 64 42 40 41 41 51 40 46 42 53 43 96 49 46 54 49 53 40 86 67 51 46 65 58 41 46 44 41 40 71 75 73 45 61 43 58 56 83 40 59 43 61 41 56 82 43 65 156 66 136 42 56 42 47 57 76 40 99 137 60 41 48 43 48 53 115 47 106 50 43 54 61 53 52 41 55 40 40 58 48 41 43 90 113 42 41 57 87 44 70 42 115 52 43 51 94 46 92 64 57 45 41 64 51 45 59 55
leaf_count=40 70 44 59 83 58 49 72 94 49 79 52 40 64 42 40 41 41 51 40 46 42 53 43 96 49 46 54 49 53 40 86 67 51 46 65 58 41 46 44 41 40 71 75 73 45 61 43 58 56 83 40 59 43 61 41 56 82 43 65 156 66 136 42 56 42 47 57 76 40 99 137 60 41 48 43 48 53 115 47 106 50 43 54 61 53 52 41 55 40 40 58 48 41 43 90 113 42 41 57 87 44 70 42 115 52 43 51 94 46 92 64 57 45 41 64 51 45 59 55
internal_value=-7.47428e-05 -0.0120868 -0.00309129 0.0119093 0.0336781 -0.0439047 0.00322572 -0.00776622 -0.0316662 -0.034973 0.0481413 -0.0511209 -0.0444051 0.0403151 0.0497662 -0.026941 0.0108231 0.00160438 -0.0760045 -0.114131 -0.0368529 0.00784318 0.0160223 -0.0294003 0.00587006 -0.0378345 -0.0446563 0.0230363 -0.0198156 -0.012082 0.0126829 -0.0332755 -0.0404403 0.0440956 -0.00525363 0.0132599 -0.0759347 -0.0931441 -0.0660844 -0.0345021 -0.0428111 0.0492106 0.0280789 0.00393114 -0.0086193 0.0377031 -0.0488542 -0.0322438 -0.0260957 0.0617491 -0.0087473 -0.00512497 -0.00601825 -0.037856 -0.020596 -0.0415242 0.0417747 -0.0288271 0.0228768 0.0725265 0.0756699 0.0225402 0.0234597 0.0215289 0.0233052 -0.0194368 0.00579453 0.0111927 0.0076282 0.0519994 0.0252072 0.0223904 -0.0123461 0.0670252 -0.0485461 -0.0275743 -0.0527019 -0.0570368 -0.0322298 -0.0341809 -0.0352476 0.0113024 -0.0314639 0.00145432 -0.0962958 -0.0236954 0.0161414 -0.00150605 0.0374033 0.0392902 -0.0134398 0.0359402 0.0488324 0.012745 0.0132284 0.022585 0.0212652 0.00561723 -0.0370918 0.0264206 0.00738443 -0.0289853 0.00933164 0.0697547 -0.0365579 0.0471678 -0.0136195 0.0619494 -0.0293072 -0.0391083 -0.0218554 0.0330877 0.0417718 -0.0188714 0.0198365 -0.020681 0.0144815 -0.0231331 0.0171945
internal_weight=7073 5217 4068 2668 1856 1149 2102 1340 1400 1318 1136 637 551 862 556 601 720 470 142 90 412 739 495 340 338 1059 668 306 681 421 386 409 304 566 189 223 108 86 213 455 206 455 250 165 134 157 84 260 391 385 244 204 116 406 196 297 290 335 111 274 222 762 703 567 482 89 300 133 124 139 395 258 105 246 137 109 96 159 248 201 160 85 110 167 93 254 244 106 207 167 109 180 83 83 139 171 82 167 202 143 126 110 86 198 158 104 145 165 87 149 202 132 127 87 105 94 87 138 115
internal_count=7073 5217 4068 2668 1856 1149 2102 1340 1400 1318 1136 637 551 862 556 601 720 470 142 90 412 739 495 340 338 1059 668 306 681 421 386 409 304 566 189 223 108 86 213 455 206 455 250 165 134 157 84 260 391 385 244 204 116 406 196 297 290 335 111 274 222 762 703 567 482 89 300 133 124 139 395 258 105 246 137 109 96 159 248 201 160 85 110 167 93 254 244 106 207 167 109 180 83 83 139 171 82 167 202 143 126 110 86 198 158 104 145 165 87 149 202 132 127 87 105 94 87 138 115
is_linear=0
shrinkage=0.05


Tree=3
num_leaves=103
num_cat=0
split_feature=9 9 9 9 7 9 9 1 9 9 3 9 9 9 9 9 4 4 3 9 9 9 9 9 9 9 0 9 9 9 8 5 3 9 9 9 9 9 9 9 9 5 5 9 0 9 9 9 5 4 5 5 9 8 7 9 9 9 9 9 5 4 9 9 7 9 9 9 9 9 9 9 9 9 9 9 1 3 9 0 9 0 8 9 3 5 9 9 0 3 3 0 0 9 9 5 9 0 9 7 9 9
split_gain=983.674 570.282 602.05 263.398 223.258 171.657 156.612 147.491 95.2386 138.542 78.7542 68.9139 67.7863 88.5834 51.6722 91.9378 46.8292 45.4589 40.0744 37.4791 43.7518 35.1465 32.4349 50.3793 26.0925 30.2912 25.004 24.6954 32.5801 23.9487 18.5776 16.3039 16.1211 15.9351 14.5392 23.7049 12.8398 11.9787 10.9426 9.76867 8.02435 7.97633 13.0787 8.69348 7.83053 6.73233 6.3596 5.80673 5.74563 16.2769 5.45066 5.15779 5.10534 5.0041 14.2922 4.54781 4.51809 4.23973 4.19919 4.02123 3.92114 3.46389 3.35261 3.27727 2.76933 2.33406 8.43456 2.19819 2.11486 4.08739 2.07075 1.73594 3.97201 2.97086 1.57976 1.18986 1.29533 1.12582 1.09836 1.04977 0.785382 0.772489 0.747943 0.745374 0.646324 0.635677 1.54104 0.457877 0.375148 0.363503 0.357127 0.369947 0.356762 0.323824 0.188335 0.176212 0.131729 0.123675 0.114454 0.0896069 0.06415 0.0410088
threshold=0.82694086432456981 0.26118339598178869 -1.0429430603981016 -0.01348631316795945 0.56417387723922741 0.3024504035711289 -0.67153990268707264 1.0000000180025095e-35 -1.6757040023803709 -1.6344369649887083 1.9201549887657168 0.90947490930557262 -1.373079180717468 -1.4143462181091306 1.2675660848617556 1.3075019121170046 -1.0432220101356504 -0.13390543684363362 -1.0320318043231962 -0.35959677398204798 -0.27972511947154993 -0.13329377770423886 0.63436147570610057 0.52254116535186779 -1.1667441129684446 -1.249278128147125 0.21460897475481036 1.5338048934936526 1.102054297924042 0.21991638094186786 0.86189281940460216 1.8532593846321108 1.0000000180025095e-35 0.5500524938106538 1.1295656561851504 1.6802362799644472 1.4539332389831545 1.1845883131027224 -0.33297289907932276 0.10987100377678873 -1.0704543590545652 -0.3694873303174972 0.21707098931074145 0.3299617618322373 0.27957032620906835 0.7994295358657838 0.97825327515602123 0.041092643514275558 -0.52384456992149342 -0.57167378067970265 1.7297728657722475 -0.70907405018806446 1.4539332389831545 -0.26998245716094965 -1.2740830183029173 0.19240503013134005 0.44000713527202612 -1.7032153010368345 0.49502982199192053 -0.23978930711746213 -0.73994550108909596 -1.1438745856285093 -0.61651721596717823 0.67562848329544078 -1.3910624980926511 1.3873735666275027 1.4139974117279055 0.41249577701091772 -1.5106359124183653 -1.4556132555007932 -0.78158527612686146 -0.94665333628654469 -1.0154317021369932 -0.90538632869720448 -0.83660796284675587 0.7719181776046754 -0.63816359639167775 -0.61029079556465138 0.46751846373081213 0.19295527786016467 0.88196355104446422 0.14964788407087329 0.12094683200120927 0.93698623776435863 0.93609276413917553 -0.55471602082252491 -0.10666989907622336 -0.87787500023841847 0.27957032620906835 0.092610801570117487 -0.32913015782833094 0.21460897475481036 0.40949277579784399 -0.54773887991905201 -0.69905126094818104 -0.46210168302059168 0.85445222258567821 0.23626267164945605 1.5071810483932497 -1.3743512630462644 -1.2905451655387876 -1.3318121433258054
decision_type=2 2 2 2 2 2 2 2 2 2 2 2 2 2 2 2 2 2 2 2 2 2 2 2 2 2 2 2 2 2 2 2 2 2 2 2 2 2 2 2 2 2 2 2 2 2 2 2 2 2 2 2 2 2 2 2 2 2 2 2 2 2 2 2 2 2 2 2 2 2 2 2 2 2 2 2 2 2 2 2 2 2 2 2 2 2 2 2 2 2 2 2 2 2 2 2 2 2 2 2 2 2
left_child=1 2 8 6 14 -3 64 16 57 -10 11 80 13 17 37 44 30 60 -19 53 38 95 23 41 25 77 32 28 46 39 61 -29 -18 -25 -12 50 65 -2 -21 47 89 43 -43 -7 -16 63 83 -5 49 -28 -36 -20 -30 54 93 -41 67 -1 78 -50 -11 -8 -34 -24 94 84 -67 -44 -62 -70 71 72 -66 81 87 76 -65 100 -58 -35 96 -73 -31 -13 92 97 -87 -75 -39 -26 -27 -92 -17 -9 -4 -22 -6 -23 -54 -71 101 -14
right_child=4 5 3 29 10 22 7 19 9 12 34 27 24 -15 15 36 26 18 51 20 21 85 45 33 40 90 48 31 52 82 -32 -33 62 79 35 -37 -38 88 -40 55 -42 42 56 -45 -46 -47 -48 -49 59 -51 -52 -53 98 -55 -56 -57 58 -59 -60 -61 68 -63 -64 75 70 66 -68 -69 69 99 -72 73 -74 74 -76 -77 -78 -79 -80 -81 -82 -83 -84 -85 -86 86 -88 -89 -90 -91 91 -93 -94 -95 -96 -97 -98 -99 -100 -101 -102 -103
leaf_value=0.023576444511612258 0.0054667745547538459 -0.11033842522910862 0.016201402313110035 0.048207244981418956 0.016193092620947907 -0.035526773410624476 -0.0051767239506106556 -0.011337583653790796 -0.098159998345684701 -0.0080017716652946557 0.040601428190492235 0.042276494179741816 -0.018917242705821992 -0.090992852784693254 -0.063959422636599775 0.0053887919995041804 -0.027212462713941933 -0.080004735492790746 -0.017815859759734435 0.017905765675465792 -0.022471160000271124 0.011316505105919149 -0.018403627869556658 -0.086313796461674211 -0.037174238899770458 0.0025170570113030931 -0.00011986574853918602 0.074533284153660825 0.015694111397282946 0.012026046785864641 -0.027062115181357635 0.038375519459113119 -0.073676153878832973 -0.06356172230508593 0.0068251516135847748 0.036946422528279455 0.032059721789270079 0.041462475983869464 0.045496967220091611 0.058762004971504217 -0.014389773058231737 -0.057160749167635819 -0.032107320500583181 -0.0079727590878265198 -0.032574614778438468 -0.0087024977332667303 0.063992534709715207 0.032113343813049963 -0.043934620187637656 -0.039502644403414298 -0.014926283197477462 -0.041542899054807743 0.032509411669383613 -0.024183534299273318 0.014754956227261574 0.040763719628254577 -0.036001605120572176 0.0043520567938685421 -0.025584654218206805 -0.02389207673606588 -0.032766846326800686 0.012780980606374767 -0.052621505074706434 -0.019461817436275029 0.012345467389048058 0.024802034501252429 -0.0010569257100355137 -0.016214101741972724 -0.011425692138572535 -0.030867195337317712 0.028133161697689802 0.0055386827856171638 0.029415613080529004 0.020657668326949253 0.016721614483777469 -0.037640675902366638 -0.030572097358249485 -0.029767334607260471 -0.048629216750462854 -0.050627422297564076 0.026715922557701499 0.015175464979062478 0.022110946830816387 0.053339198301820191 -0.0036363750677175671 0.011277217235416175 0.023407435569573531 0.02779126121908769 0.032943914627173436 -0.029293832326721815 0.0047443047366951679 0.010956957951051796 -0.00050368059381115731 -0.01658548035864103 0.010995948098992047 -0.01680250550832665 0.021076472195094093 0.015369148738682271 0.040115953451738906 -0.023998513890475762 -0.01687726879189181 -0.022651674952358009
leaf_weight=59 43 85 40 109 56 57 40 91 76 55 52 58 74 79 41 70 55 77 43 56 45 82 79 56 155 69 65 231 44 43 61 40 42 44 67 56 52 41 110 166 60 68 40 58 46 56 225 141 46 43 49 55 58 40 63 59 54 56 59 66 47 78 73 41 48 55 72 56 74 42 145 42 138 57 110 57 146 43 59 126 58 44 40 84 48 49 65 86 107 44 65 40 40 58 56 56 56 43 51 40 42 79
leaf_count=59 43 85 40 109 56 57 40 91 76 55 52 58 74 79 41 70 55 77 43 56 45 82 79 56 155 69 65 231 44 43 61 40 42 44 67 56 52 41 110 166 60 68 40 58 46 56 225 141 46 43 49 55 58 40 63 59 54 56 59 66 47 78 73 41 48 55 72 56 74 42 145 42 138 57 110 57 146 43 59 126 58 44 40 84 48 49 65 86 107 44 65 40 40 58 56 56 56 43 51 40 42 79
internal_value=-2.71612e-05 -0.0111184 -0.00226978 0.0116515 0.0317931 -0.0423034 0.00350623 -0.00688498 -0.0291184 -0.0330957 0.0444706 0.0506928 -0.0288363 -0.0425325 0.00733327 -0.00240614 -0.0261019 -0.0335017 -0.0531288 0.00755577 0.0153918 0.00508167 -0.0367279 -0.0433015 -0.0183379 -0.0104791 -0.0357997 0.0569014 0.0502894 0.0421425 -0.00489111 0.0693571 -0.0502103 -0.0625984 0.0176694 0.0105419 0.00945176 0.0288537 0.036352 0.0464747 -0.0307507 -0.0335145 -0.037441 -0.0218185 -0.0479239 -0.0249026 0.058398 0.0392944 -0.0244874 -0.0160186 -0.002412 -0.0314172 0.0305865 -0.00817711 -0.00505767 0.0542437 -0.0322436 0.0143332 -0.0371845 -0.0324398 -0.020035 0.00670128 -0.0608799 -0.0276758 0.0214932 0.00522912 0.0102481 -0.023099 -0.02324 -0.0201793 0.0226442 0.0210776 0.0251 0.0188034 0.0215436 -0.0305904 -0.0282526 -0.0220352 -0.0429635 -0.0543273 0.021641 0.0105869 0.0170916 0.0491479 0.00115579 0.0155178 0.018337 0.025111 0.0355662 -0.035587 0.00536316 0.00719207 0.00326084 -0.0134773 0.0133096 -0.0195237 0.0187997 0.0128215 0.0364008 -0.0278461 -0.020187 -0.02098
internal_weight=6966 5166 4025 2651 1800 1141 2093 1327 1374 1259 1185 961 1183 512 615 424 569 433 175 758 506 340 1056 677 671 412 390 791 520 558 179 271 170 226 224 172 337 191 166 475 259 451 336 115 87 379 367 250 220 108 116 98 153 252 212 225 268 115 172 112 258 118 115 323 766 285 127 96 203 156 670 525 186 339 253 244 187 238 113 170 170 86 83 142 158 239 114 143 148 199 174 105 110 149 96 101 112 125 109 82 195 153
internal_count=6966 5166 4025 2651 1800 1141 2093 1327 1374 1259 1185 961 1183 512 615 424 569 433 175 758 506 340 1056 677 671 412 390 791 520 558 179 271 170 226 224 172 337 191 166 475 259 451 336 115 87 379 367 250 220 108 116 98 153 252 212 225 268 115 172 112 258 118 115 323 766 285 127 96 203 156 670 525 186 339 253 244 187 238 113 170 170 86 83 142 158 239 114 143 148 199 174 105 110 149 96 101 112 125 109 82 195 153
is_linear=0
shrinkage=0.05


Tree=4
num_leaves=126
num_cat=0
split_feature=6 5 8 4 8 1 8 6 1 0 8 3 3 1 1 5 6 5 3 1 1 4 6 6 1 1 1 1 6 4 4 4 1 4 1 1 4 3 1 3 3 3 4 3 8 0 2 4 3 6 6 0 4 6 1 6 6 0 2 4 5 4 6 3 5 5 3 4 5 4 6 5 3 5 4 6 1 2 2 6 0 2 2 2 2 6 2 0 5 4 8 1 4 1 4 6 0 2 3 4 4 6 3 4 1 3 2 2 0 3 4 4 4 4 4 6 5 5 0 0 4 8 3 0 8
split_gain=853.805 341.724 362.805 319.819 160.753 124.923 85.6887 71.3138 63.153 58.5865 64.9839 48.1898 63.0183 46.0231 38.6235 41.5697 34.6718 28.7481 28.3552 25.4941 39.2159 22.4827 21.07 21.0242 55.0283 29.7065 20.8841 20.6519 27.8746 19.1439 18.4787 16.3784 16.3655 37.3097 14.5814 14.4875 23.4095 14.243 13.8431 12.976 12.4152 12.0115 11.6279 11.1557 35.4756 13.8693 10.6447 10.0448 9.85074 9.74495 9.47419 9.73964 15.2824 9.04039 8.10038 7.85193 7.9598 7.89026 7.7848 7.68407 7.51875 6.93596 6.66484 6.51314 6.3659 5.78914 5.77147 5.59319 5.57635 4.89245 3.70342 3.65301 3.54605 3.39503 3.36047 3.73502 3.28437 3.21635 3.20943 3.20253 3.19319 2.74811 2.59239 2.56211 2.49714 2.4565 2.41388 2.12597 2.10432 2.04628 1.8544 1.81262 1.70638 1.65863 1.52376 1.25765 1.25001 1.09281 1.04317 1.02689 1.00908 0.980987 0.913968 0.881895 0.836741 0.808353 0.80287 0.677378 0.64395 0.569683 0.56223 0.553473 0.479372 0.460232 0.803533 0.404975 0.332039 0.33108 0.329884 0.254911 0.237389 0.223547 0.197312 0.161058 0.0662347
threshold=0.97087427973747265 -0.46210168302059168 0.15731298178434375 -0.16768633574247357 0.47096353769302374 0.1524230241775513 -1.3109450936317442 -0.95686948299407948 0.41595189273357397 0.43114647269248968 -0.019971305504441258 2.0607353448867802 1.0766730904579165 -1.4287564754486082 1.0000000180025095e-35 0.37142825126647955 1.2196152210235598 1.0814723968505862 -1.4537760615348814 1.2065384984016421 0.1524230241775513 -0.33589969575405115 0.038097223732620485 0.10028097406029703 1.0000000180025095e-35 -0.37463472038507456 -1.4287564754486082 -0.63816359639167775 -0.95686948299407948 0.2700809538364411 -0.50411303341388691 -0.57167378067970265 1.2065384984016421 1.0442760586738589 -0.90169563889503468 -1.4287564754486082 1.0780558586120608 1.6389943361282351 0.1524230241775513 -0.18854984268546102 -0.18854984268546102 0.3737714439630509 -0.032564855180680745 -0.75087112188339222 -0.79728344082832325 0.25791636854410177 -0.1712960675358772 0.80919095873832714 0.3737714439630509 1.2818019390106203 -1.8274627923965452 0.06303309835493566 -0.47033214569091791 1.4061723947525027 -0.63816359639167775 -0.52157138288021077 -0.1484599597752094 0.23626267164945605 0.26306973397731787 0.034307916648685939 0.24794243276119235 1.1118367314338686 1.4683561325073244 0.79551240801811229 -0.70907405018806446 0.58752840757370006 0.092610801570117487 -0.40346042811870569 0.95798584818840038 0.33764275908470159 -0.39720386266708368 1.1740867495536806 1.0000000180025095e-35 1.4519298076629641 0.23630111664533618 0.41120564937591558 -0.37463472038507456 -0.19301487505435941 0.56712579727172863 1.3439886569976809 0.30122427642345434 -0.25817026197910303 0.56712579727172863 0.67571672797203075 0.45853486657142645 0.78432005643844616 0.61056235432624828 0.10634049400687219 -0.80168840289115895 -0.57167378067970265 -1.7427870035171507 1.7335962653160097 -0.13390543684363362 0.94300961494445812 -0.33589969575405115 1.0000000180025095e-35 0.21460897475481036 0.84946307539939891 -0.61029079556465138 0.80919095873832714 -0.47033214569091791 -0.77031230926513661 0.23319111764431003 0.068087762221694006 -0.37463472038507456 -1.172612130641937 -1.3440858125686643 0.11104118451476098 0.1279941909015179 -0.89145144820213307 -0.40346042811870569 -0.90810048580169667 -0.63923451304435719 -0.33589969575405115 -0.26833789050579065 0.5977628529071809 -0.61645966768264759 -1.1104029417037962 0.19295527786016467 0.43114647269248968 -0.43655125796794886 0.80734631419181835 -0.89145144820213307 0.21460897475481036 -0.92001578211784352
decision_type=2 2 2 2 2 2 2 2 2 2 2 2 2 2 2 2 2 2 2 2 2 2 2 2 2 2 2 2 2 2 2 2 2 2 2 2 2 2 2 2 2 2 2 2 2 2 2 2 2 2 2 2 2 2 2 2 2 2 2 2 2 2 2 2 2 2 2 2 2 2 2 2 2 2 2 2 2 2 2 2 2 2 2 2 2 2 2 2 2 2 2 2 2 2 2 2 2 2 2 2 2 2 2 2 2 2 2 2 2 2 2 2 2 2 2 2 2 2 2 2 2 2 2 2 2
left_child=1 2 3 6 16 55 21 50 13 10 23 12 18 -3 34 38 93 59 26 20 97 27 42 24 25 -5 -6 28 67 -25 -30 90 86 63 80 71 47 62 46 104 -23 -12 87 81 -45 70 -16 -37 103 -39 -8 -52 112 -38 102 -4 57 -57 -27 65 -61 -13 -22 77 -26 -10 -48 89 -63 -24 -46 119 96 -21 -62 -76 -47 -34 -49 -65 100 -36 115 94 113 109 -18 -7 -71 -1 118 -79 121 -2 -83 -50 -56 -14 -92 -84 -15 -32 106 116 -33 -86 -9 -74 -104 -17 -103 -72 -53 -54 -115 -19 -44 -108 -29 -20 -119 -89 -87 124 -110
right_child=4 8 5 9 11 22 7 54 17 -11 41 61 19 14 15 85 32 82 35 73 37 40 69 29 64 58 -28 31 30 -31 101 39 33 -35 43 36 53 49 -40 -41 -42 -43 48 44 45 76 66 78 95 -51 51 52 84 -55 72 56 -58 -59 -60 60 74 68 -64 79 -66 -67 -68 -69 -70 88 111 -73 107 -75 75 -77 -78 91 -80 -81 -82 83 99 -85 105 122 -88 92 -90 -91 98 -93 -94 -95 -96 -97 -98 -99 -100 -101 -102 110 108 -105 -106 -107 117 -109 123 -111 -112 -113 -114 114 -116 -117 -118 120 -120 -121 -122 -123 -124 -125 -126
leaf_value=-0.0015931494738906623 0.021354749668130859 0.018295530758019703 0.0076528881264980447 -0.045795342223718762 0.027897518187761306 0.024774358128862722 0.013853107693351128 0.016736350450576899 -0.0058259427729176316 0.0024518689389030138 -0.030405463265114521 0.028730938762712939 0.066203966199374589 -0.018915417051962202 -0.023685460647737439 -0.036660023579994837 0.0094960914515867471 -0.043640754260915397 0.047194063384085896 0.051810781590640544 0.027818116513283361 -0.056809650413518736 0.033895947724580766 -0.049365230740570448 -0.013807868750791387 -0.068374225497245797 -0.018287643506967776 -0.018499247491532981 -0.014644785422831775 -0.095438447357641898 0.014736968178149998 -0.024887850324785899 -0.0032030568437443844 -0.03994517976633058 -0.018882148888644201 0.031536881525961451 0.032296168487122717 0.028699533448421528 0.027134095658274262 -0.051698314876488918 -0.019878661780143685 0.0040477490698804658 0.012817473266765756 -0.079776766418286099 -0.058010716754056162 -0.010725893881523384 -0.0061014390960335736 0.015342843924698077 0.025805311013872807 -0.0035331820410381002 -0.028534249517542777 0.0066736685767493868 -0.012940397741192062 0.065830961650326134 -0.0043040291406214242 -0.035064234765741276 0.0017268170136958362 -0.0071668498879510229 -0.10178815669247084 -0.05117735166690851 -0.020606521324000579 0.020232587386651534 0.055456041252496195 -0.017753967841466267 -0.03756411732433157 -0.032285278510640968 0.018073762973238313 -0.027686517037896083 -0.0020890812826110049 0.04188970799247424 -0.032355978007012225 0.036858042020623281 0.018968489010902971 0.069817661250811167 -0.043265459696451826 -0.023214260111676484 -0.029007599160075188 0.019159780489280822 -0.0018892915955243204 0.00070683678425848483 -0.0074585006857404912 -0.026905151206301527 -0.056408333226486487 -0.02090983922940259 -0.0027149843204082279 -0.018369078109645397 0.026834131320091811 0.031882323605172777 0.058610222245517533 -0.01491262912053392 -0.0098091526512777624 0.006806781379889478 0.046724669001996517 0.032896952132383986 -0.039992856499003741 0.036694857850670816 0.0073602394743926547 0.051863919740373444 8.7548541475315492e-06 -0.073218135748590749 -0.029500609374236927 0.019127755629874413 0.012674739878624677 0.0080729847758818692 -0.015073433563941056 -0.011594501825605046 0.019970262429809996 0.011263791713621711 0.022955948201706634 -0.027180464741061717 0.028704026871257362 -0.043697579459446238 0.014134763317500673 -0.024271591879286857 -0.014767904846735722 -0.054801707444209105 0.019146463737290884 0.028148984827183105 -0.012266734837961028 0.058386924603711005 0.022643968595596226 0.038172296351856656 -0.024240461708802098 0.016001841580358948 0.018118791764771398
leaf_weight=49 71 66 42 79 49 41 43 52 40 59 52 51 121 73 43 59 40 46 63 49 45 42 49 40 63 42 47 42 49 66 48 62 44 64 70 70 46 55 50 52 52 48 52 52 41 52 49 56 64 40 63 53 45 41 44 63 42 43 55 75 54 45 50 44 53 43 48 66 71 41 46 81 54 192 74 40 49 55 51 49 48 47 53 50 48 56 43 84 94 70 61 67 59 74 75 75 46 43 48 41 42 41 49 53 44 56 55 76 63 50 44 40 40 52 52 73 55 90 70 45 75 98 52 40 43
leaf_count=49 71 66 42 79 49 41 43 52 40 59 52 51 121 73 43 59 40 46 63 49 45 42 49 40 63 42 47 42 49 66 48 62 44 64 70 70 46 55 50 52 52 48 52 52 41 52 49 56 64 40 63 53 45 41 44 63 42 43 55 75 54 45 50 44 53 43 48 66 71 41 46 81 54 192 74 40 49 55 51 49 48 47 53 50 48 56 43 84 94 70 61 67 59 74 75 75 46 43 48 41 42 41 49 53 44 56 55 76 63 50 44 40 40 52 52 73 55 90 70 45 75 98 52 40 43
internal_value=0.00017506 -0.0102495 -0.00130044 -0.0111919 0.0292105 0.0249505 -0.00176436 0.00716832 -0.0286476 -0.0446244 -0.0501954 0.0387291 0.0423916 -0.0220337 -0.0244857 -0.0122435 0.00653352 -0.04279 0.0300798 0.053682 0.0448707 -0.0138708 0.0339541 -0.059234 -0.0519318 -0.0695133 0.00533061 -0.0109356 -0.00246884 -0.0786762 0.011393 -0.0191063 -0.00097865 -0.00607516 -0.031731 0.0353014 0.0275405 0.0291634 0.00482838 -0.0313601 -0.036804 -0.0139916 0.0291867 -0.0358198 -0.0426897 -0.0339198 -0.00327389 0.0169405 0.0221787 0.0152324 -0.00824509 -0.0105965 -0.00725755 0.0486684 0.0173066 -0.0112886 -0.0166792 -0.0239201 -0.0881656 -0.033269 -0.037785 0.0135375 0.0427905 0.00241571 -0.0248903 -0.019755 0.0059239 -0.0160938 0.0066691 0.0487683 -0.0449124 0.0459399 0.00933407 0.0663857 -0.0315388 -0.036493 -0.0197927 0.00833336 0.00718795 -0.00812326 -0.0184984 -0.0277281 -0.0571386 -0.0311983 -0.0136152 -0.0271449 0.018691 0.0365126 0.0538775 -0.00948712 -0.0102439 0.0124863 0.0383989 0.0274302 -0.0352106 0.0319011 0.00167308 0.0627812 -0.0055249 -0.0644338 -0.0230023 0.0210236 0.0210344 0.0135868 -0.0209929 -0.00756115 0.0230325 0.0145846 0.018144 -0.0325982 0.024361 -0.0380728 0.00999897 -0.0177623 -0.0197057 -0.050887 0.0162179 0.0244382 -0.014747 0.0523506 0.0257982 0.0354593 -0.0213925 0.0198808 0.0211814
internal_weight=7050 5188 3491 2536 1862 955 1979 1139 1697 557 498 1311 1144 1158 1092 407 551 539 549 595 354 840 765 398 292 176 96 746 367 106 182 379 406 323 685 453 264 190 190 158 94 100 581 522 280 228 140 177 299 95 452 409 346 87 687 190 148 106 97 326 243 167 95 259 116 83 97 185 116 184 127 189 220 241 168 114 101 166 107 93 163 242 213 172 253 217 83 282 135 119 221 122 241 145 122 139 90 164 109 94 115 133 467 160 106 104 272 130 195 109 85 86 93 149 104 119 107 220 112 108 165 182 108 146 106
internal_count=7050 5188 3491 2536 1862 955 1979 1139 1697 557 498 1311 1144 1158 1092 407 551 539 549 595 354 840 765 398 292 176 96 746 367 106 182 379 406 323 685 453 264 190 190 158 94 100 581 522 280 228 140 177 299 95 452 409 346 87 687 190 148 106 97 326 243 167 95 259 116 83 97 185 116 184 127 189 220 241 168 114 101 166 107 93 163 242 213 172 253 217 83 282 135 119 221 122 241 145 122 139 90 164 109 94 115 133 467 160 106 104 272 130 195 109 85 86 93 149 104 119 107 220 112 108 165 182 108 146 106
is_linear=0
shrinkage=0.05


Tree=5
num_leaves=110
num_cat=0
split_feature=9 9 9 9 7 9 9 1 9 9 3 9 9 9 9 9 9 7 4 3 5 1 9 9 9 9 9 9 9 9 7 1 9 6 9 9 6 6 9 9 7 9 1 3 9 9 8 9 9 1 9 9 9 9 6 9 9 9 9 6 9 9 9 9 3 9 9 9 9 3 9 9 9 6 9 9 9 7 9 3 4 9 9 3 9 1 3 3 9 5 6 3 9 6 9 8 5 9 9 7 8 6 7 9 9 1 9 3 5
split_gain=843.877 441.264 516.519 212.693 177.651 136.168 126.554 125.464 75.9037 115.64 70.6219 59.8187 79.0709 52.3424 44.0087 69.8427 43.7216 55.82 36.3107 34.9363 27.6282 26.3548 23.7649 42.372 22.7992 33.1313 21.0282 26.5638 20.297 17.1234 14.2667 14.1316 23.4501 13.4711 13.4129 13.0778 12.9191 12.2139 9.60317 12.7332 8.64612 8.32417 8.03676 7.71398 7.1125 7.09932 7.12405 6.69987 5.51694 8.53782 5.40808 5.23119 4.67211 4.60565 4.16636 3.82436 3.63515 3.53281 6.99905 3.25926 5.38952 4.3116 3.24643 3.19519 2.85538 2.19174 3.31516 2.27026 2.57438 2.04256 1.84463 1.23737 2.00535 0.910604 0.899255 1.12777 0.852916 0.75472 0.719174 0.666458 0.641495 0.620998 0.619465 0.601438 0.576249 0.574793 0.568187 0.527379 0.479589 0.472763 0.44169 0.378069 0.27905 0.27165 0.2635 0.263172 0.257581 0.237423 0.236171 0.209847 0.165222 0.158487 0.10746 0.0966604 0.0724749 0.0408837 0.0924465 0.0405469 0.00618462
threshold=0.82694086432456981 0.26118339598178869 -1.0429430603981016 -0.01348631316795945 0.54746168851852428 0.3024504035711289 -0.67153990268707264 1.0000000180025095e-35 -1.6757040023803709 -1.6344369649887083 1.9201549887657168 -1.373079180717468 -1.4143462181091306 0.90947490930557262 1.2675660848617556 1.3075019121170046 -0.63027289509773243 0.41377100348472601 -0.13390543684363362 -1.0320318043231962 -1.2338887453079221 0.1524230241775513 0.63436147570610057 0.52254116535186779 1.5338048934936526 1.102054297924042 -1.1667441129684446 -1.249278128147125 0.21991638094186786 1.6403004527091982 -1.3576400279998777 0.41595189273357397 1.6802362799644472 0.10028097406029703 0.5500524938106538 -0.23978930711746213 0.038097223732620485 -0.27283042669296259 -0.27972511947154993 -0.13329377770423886 -1.5916000008583067 0.39874011278152471 0.94300961494445812 -0.32913015782833094 1.4406213760375979 -0.35959677398204798 -0.39271481335163111 -1.0704543590545652 1.6536123752593996 0.67948076128959667 0.7994295358657838 0.97825327515602123 1.4406213760375979 0.44000713527202612 0.53557908535003673 -1.7032153010368345 -0.31966094672679896 1.4139974117279055 1.3873735666275027 -1.6409085988998411 -1.5106359124183653 -1.4556132555007932 0.68938416242599498 0.027336971834301952 -0.89145144820213307 -1.0154317021369932 -0.96040901541709889 -0.89163067936897267 -0.71280694007873524 0.79551240801811229 -0.93289768695831288 -0.78158527612686146 -0.83660796284675587 1.4061723947525027 0.7719181776046754 0.74440684914588939 0.93698623776435863 0.046119431033730514 0.46751846373081213 0.79551240801811229 -0.90810048580169667 -0.080046016722917543 0.10987100377678873 0.93609276413917553 0.88196355104446422 -0.37463472038507456 -0.61029079556465138 0.23319111764431003 0.66187280416488659 -0.86343130469322193 -1.0190532207489011 -0.32913015782833094 -0.54773887991905201 0.10028097406029703 -1.125477075576782 1.1209968924522402 -0.70907405018806446 1.3607497215270998 -1.2080111503601072 -1.0234118700027464 -1.1609394550323484 0.72213333845138561 -1.6083111763000486 0.082359660416841521 0.85445222258567821 -0.90169563889503468 -1.3318121433258054 0.092610801570117487 -1.7278326749801634
decision_type=2 2 2 2 2 2 2 2 2 2 2 2 2 2 2 2 2 2 2 2 2 2 2 2 2 2 2 2 2 2 2 2 2 2 2 2 2 2 2 2 2 2 2 2 2 2 2 2 2 2 2 2 2 2 2 2 2 2 2 2 2 2 2 2 2 2 2 2 2 2 2 2 2 2 2 2 2 2 2 2 2 2 2 2 2 2 2 2 2 2 2 2 2 2 2 2 2 2 2 2 2 2 2 2 2 2 2 2 2
left_child=1 2 8 6 14 -3 65 16 55 -10 13 12 18 84 42 -16 102 30 59 -20 92 38 23 33 25 51 27 86 36 -26 85 -12 48 96 -25 80 63 56 45 95 -14 64 -2 -21 57 46 -22 90 49 -33 62 76 -27 -43 78 -1 -23 58 83 -11 -61 99 88 -5 -35 -4 -67 70 71 -30 -68 72 -69 -54 75 101 -15 89 -55 87 -19 -39 103 97 104 -18 105 -37 -24 -32 -28 -29 108 -38 -92 -40 -7 -17 -93 -62 -63 -64 -8 -65 -6 -13 -107 -83 -9
right_child=4 5 3 28 10 22 7 20 9 11 31 26 40 24 15 44 17 35 19 43 21 37 50 34 29 52 47 91 69 -31 77 32 -34 41 -36 79 93 81 39 -41 -42 53 -44 -45 -46 -47 -48 -49 -50 -51 -52 -53 73 54 -56 -57 -58 -59 -60 60 61 100 74 82 -66 66 67 68 -70 -71 -72 -73 -74 -75 -76 -77 -78 -79 -80 -81 -82 107 -84 -85 -86 -87 -88 -89 -90 -91 94 98 -94 -95 -96 -97 -98 -99 -100 -101 -102 -103 -104 -105 -106 106 -108 -109 -110
leaf_value=0.022232304949243116 0.0066408807810928146 -0.10019947597469536 0.0098532493059922538 0.044827547448652763 0.01494538700208068 -0.0082751384633051785 -0.062621523653406924 -0.010916851967340336 -0.09014501680027355 -0.0060118073949383365 0.037226083723165222 -0.016429551042632998 -0.065316734795874742 0.03811198371152083 -0.044668176979757848 0.0056289544744560355 -0.019214929250566375 -0.037385396279242575 -0.07326173235972723 -0.017972392125589334 0.0155428658037082 0.024271709836003456 -0.021459483380975395 -0.07783572916257181 0.069522633635720546 0.013048713296005616 -0.026742517074140222 0.0023493740340751229 0.0072795847863998528 0.040102940929743154 0.0090449982922938144 -0.012320828116038643 0.034453555584074029 -0.054622973979644052 -0.048641008976846936 -0.020604037791490556 0.046479396808605931 0.017845677387188463 -0.021212414483091347 0.012536752147600055 -0.10135139546743253 -0.018783384204924768 0.031846999923220362 -0.046009123107282134 0.023870770782232285 0.026644555871349035 -0.013123541804621134 -0.0122617279518057 -0.018108318991413932 0.018218896986574543 -0.0084113135247638349 0.05812344108567094 0.027064515022855059 -0.032346355836642415 -0.020346770573407412 0.0035774134478326574 0.041717273259864136 -0.0073552338889351608 0.022188449930399659 -0.037365835310802578 -0.0073260663404922793 -0.028739798849537257 -0.025207231695885249 0.031780751331432447 -0.036630398987746636 0.028495088153708298 0.01997777455454243 0.024788527087204987 0.012319531763133443 0.022865685414936807 0.008112647191751976 0.026319497209947765 0.014805765803732458 0.03698653187918461 -0.034795309676498666 -0.019862676551565529 0.048890299666887044 0.005343661518194355 -0.042486704613121463 -0.016682284014920393 -0.048168931083708282 0.010676903707629189 0.037672527110765852 -0.0030403676481607061 0.024203065521361537 -0.010760069359093904 -0.026017532533862527 -0.029381100250327072 -0.014117495138833131 0.016713161631784542 -0.02941833730448376 0.0041443793158534737 -0.014824685061882651 0.056446644690184469 -0.036664448884573389 -0.014839723412361411 -0.014303367062737899 0.001071096523577031 0.0091780188537086364 -0.012436528308760554 -0.021603470477389128 -0.031946218290499283 -0.049881074558520186 0.026169555344515379 0.019085341874967545 -0.017801660088109742 -0.021914960165966803 0.013464163475566442 -0.0087330893870997944
leaf_weight=52 41 80 55 80 53 42 40 47 76 44 58 55 46 59 79 64 43 48 77 67 45 65 57 58 214 48 51 65 42 71 44 42 61 52 159 54 51 67 53 49 40 85 147 40 54 44 40 54 40 48 56 230 75 56 49 58 67 53 55 41 53 41 45 110 60 112 57 107 80 44 81 143 108 58 60 55 86 51 70 47 81 93 62 47 56 48 44 45 54 46 54 41 55 112 93 44 41 52 63 41 40 69 43 53 56 80 66 44 46
leaf_count=52 41 80 55 80 53 42 40 47 76 44 58 55 46 59 79 64 43 48 77 67 45 65 57 58 214 48 51 65 42 71 44 42 61 52 159 54 51 67 53 49 40 85 147 40 54 44 40 54 40 48 56 230 75 56 49 58 67 53 55 41 53 41 45 110 60 112 57 107 80 44 81 143 108 58 60 55 86 51 70 47 81 93 62 47 56 48 44 45 54 46 54 41 55 112 93 44 41 52 63 41 40 69 43 53 56 80 66 44 46
internal_value=8.64518e-05 -0.0102673 -0.00247027 0.0104692 0.0290916 -0.037599 0.00316739 -0.00595941 -0.027234 -0.0306788 0.0397352 -0.0268278 -0.0393575 0.045635 0.00649881 -0.00281106 -0.0232348 -0.0176565 -0.0307271 -0.0476914 0.00748234 0.0121752 -0.0328205 -0.0385645 0.0506888 0.0446054 -0.0168126 -0.00984232 0.0379867 0.0623594 0.000419372 0.0158118 0.00914901 -0.0297786 -0.0567655 -0.0328523 0.0420909 0.0215482 0.000686563 -0.00807089 -0.0830494 -0.0338404 0.0264141 -0.0287824 0.00746925 0.0105839 0.00205705 -0.0281797 -0.00289703 0.00398825 -0.0230004 0.0531029 0.0268049 -0.0287088 -0.0333957 0.0125169 0.0333737 0.00412531 0.00693729 -0.0185849 -0.0211065 -0.0171066 -0.0253716 0.0357687 -0.0453936 0.0197239 0.0204975 0.0188957 0.0206808 0.015425 0.0131219 0.0225097 0.0198657 0.0316351 -0.0288287 -0.0265181 0.0447957 0.010355 -0.0382701 -0.0223504 -0.0444749 0.0137708 0.0323637 0.00168727 0.0197258 -0.0149207 -0.0203296 -0.0248475 -0.0180456 0.0131049 -0.0324376 0.00539127 -0.0118433 0.0536305 -0.0342194 -0.0185026 -0.0113878 0.00361239 0.00725197 -0.00966254 -0.0255221 -0.0295284 -0.0566934 0.0301269 0.0172265 -0.0189618 -0.0197975 0.0116632 -0.00994111
internal_weight=7023 5176 4028 2646 1847 1148 2092 1349 1382 1272 1255 1196 530 1006 592 404 590 507 444 184 759 611 1068 672 841 556 666 414 554 285 232 249 191 455 217 275 468 336 275 146 86 372 188 107 325 129 85 252 130 90 396 375 181 260 175 110 132 271 218 260 216 175 340 305 112 743 688 576 438 86 138 358 215 133 229 169 145 141 126 146 129 204 225 163 165 91 245 99 111 90 198 169 148 163 147 97 83 116 104 94 81 114 83 163 109 201 146 137 93
internal_count=7023 5176 4028 2646 1847 1148 2092 1349 1382 1272 1255 1196 530 1006 592 404 590 507 444 184 759 611 1068 672 841 556 666 414 554 285 232 249 191 455 217 275 468 336 275 146 86 372 188 107 325 129 85 252 130 90 396 375 181 260 175 110 132 271 218 260 216 175 340 305 112 743 688 576 438 86 138 358 215 133 229 169 145 141 126 146 129 204 225 163 165 91 245 99 111 90 198 169 148 163 147 97 83 116 104 94 81 114 83 163 109 201 146 137 93
is_linear=0
shrinkage=0.05


Tree=6
num_leaves=119
num_cat=0
split_feature=9 9 9 9 8 9 9 1 9 9 3 9 9 9 9 9 9 9 4 4 3 2 9 9 9 9 9 9 5 1 9 9 9 2 8 9 6 6 9 9 5 9 9 4 9 9 9 6 2 9 6 9 9 9 9 8 3 6 2 9 9 4 9 3 9 9 9 3 2 9 9 9 9 2 9 2 9 3 6 5 2 2 4 2 2 9 2 3 9 5 9 2 2 2 2 2 2 9 9 2 9 9 9 2 1 6 9 9 2 2 3 2 8 9 5 9 9 2
split_gain=752.448 410.868 468.436 202.529 139.041 136.112 116.313 102.241 72.6302 114.653 46.5297 59.276 46.3827 70.8416 41.7525 45.8575 40.5072 47.3018 38.2169 33.1662 29.5905 28.1851 25.0394 30.2126 26.4761 22.5232 38.9252 20.3784 25.013 18.9839 18.4475 17.9904 23.591 15.5263 15.3675 12.2747 11.3877 11.2498 10.3043 10.2729 8.64444 8.3052 7.32782 6.51757 5.89578 5.72407 5.20755 12.1447 4.79224 4.61064 4.22713 4.15948 3.99095 3.71514 3.61196 7.94062 3.39415 3.27572 3.26028 3.04744 2.80033 2.77949 2.59986 2.59689 2.35572 2.2267 2.84261 2.17983 2.08167 1.667 2.33894 1.63161 3.23299 1.44334 1.42975 1.30492 1.1624 1.07654 1.07093 1.0319 1.02683 1.0153 1.01145 0.905481 0.89666 0.804773 0.796868 0.785466 0.763495 1.66907 0.592008 0.568605 0.52469 0.514125 0.509725 0.506073 0.48073 0.395765 0.390749 0.357195 0.351048 0.338906 0.332701 0.322441 0.322117 0.289807 0.277671 0.257699 0.243904 0.220196 0.144317 0.127122 0.121817 0.109176 0.0626807 0.0138608 0.0130863 0.00103962
threshold=0.82694086432456981 0.26118339598178869 -1.0429430603981016 -0.01348631316795945 0.40732413530349737 0.3024504035711289 -0.67153990268707264 1.0000000180025095e-35 -1.6757040023803709 -1.6344369649887083 2.0607353448867802 1.5204929709434511 -1.373079180717468 -1.4143462181091306 1.102054297924042 0.90947490930557262 1.2675660848617556 1.2941899895668032 -1.0432220101356504 -0.13390543684363362 -1.0320318043231962 0.54540804028511058 -0.35959677398204798 -0.27972511947154993 -0.13329377770423886 0.63436147570610057 0.52254116535186779 -0.63027289509773243 -0.61645966768264759 1.2065384984016421 0.21991638094186786 -1.1667441129684446 -1.249278128147125 0.17619657516479495 0.86189281940460216 0.5500524938106538 0.10028097406029703 0.038097223732620485 -0.23978930711746213 1.6802362799644472 0.98885804414749157 -0.33297289907932276 0.39874011278152471 1.1456176638603213 -1.0704543590545652 -0.58900588750839222 1.4406213760375979 1.2196152210235598 0.089323412626981749 0.7994295358657838 -1.6409085988998411 1.3873735666275027 0.97825327515602123 0.44000713527202612 -0.50647184252738942 -0.51999363303184498 -0.75087112188339222 0.53557908535003673 0.37166170775890356 0.68938416242599498 0.027336971834301952 -1.1438745856285093 -1.7032153010368345 0.79551240801811229 1.4139974117279055 -1.0154317021369932 -0.96040901541709889 0.79551240801811229 0.52368924021720897 -0.89163067936897267 -0.69905126094818104 -1.4968802332878111 -1.4556132555007932 -0.12786052748560903 1.0745429992675783 0.80602750182151806 -0.93289768695831288 -1.172612130641937 1.0000000180025095e-35 -0.80168840289115895 0.30650527775287634 0.71915432810783397 0.70784932374954235 -0.10614171624183653 0.76258990168571483 -0.37290871143341059 0.19791434705257419 -0.75087112188339222 -0.78158527612686146 -1.0177885890007017 0.85445222258567821 -0.27988803386688227 -0.49707196652889246 0.71915432810783397 0.17619657516479495 0.52368924021720897 0.56712579727172863 0.46751846373081213 0.66187280416488659 0.65399897098541271 0.13738234341144565 0.74440684914588939 0.5775638520717622 -0.51878973841667164 -1.1652276515960691 -1.0190532207489011 -0.72656258940696705 -1.125477075576782 0.56712579727172863 0.089323412626981749 -1.7349367737770078 0.43681606650352484 -0.86546930670738209 -1.3318121433258054 -0.49297311902046198 -0.053422136232256882 1.6403004527091982 0.30650527775287634
decision_type=2 2 2 2 2 2 2 2 2 2 2 2 2 2 2 2 2 2 2 2 2 2 2 2 2 2 2 2 2 2 2 2 2 2 2 2 2 2 2 2 2 2 2 2 2 2 2 2 2 2 2 2 2 2 2 2 2 2 2 2 2 2 2 2 2 2 2 2 2 2 2 2 2 2 2 2 2 2 2 2 2 2 2 2 2 2 2 2 2 2 2 2 2 2 2 2 2 2 2 2 2 2 2 2 2 2 2 2 2 2 2 2 2 2 2 2 2 2
left_child=1 2 8 6 16 21 65 18 62 48 11 14 13 19 15 90 43 -18 34 58 -21 -3 54 41 109 26 36 -20 45 -13 37 32 87 -15 61 -28 -7 60 85 40 -12 -24 56 93 92 -29 47 -16 -10 59 -22 63 80 -44 91 -56 -38 97 71 98 -5 -8 -1 99 -49 -4 -67 -32 -65 76 88 -11 -73 -62 104 83 -68 -60 86 -75 -17 -81 -48 -61 102 -30 -26 111 89 -71 -6 -9 -33 117 -63 -43 103 -55 -27 -19 -39 -85 -37 -34 -54 -94 -90 -107 -93 -25 -92 113 -78 -14 -80 -88 -31 -2
right_child=4 5 3 30 10 25 7 22 9 12 39 29 31 33 46 52 17 51 27 20 50 -23 23 24 78 49 35 28 38 116 67 44 96 -35 -36 84 42 100 -40 -41 -42 95 53 -45 -46 -47 82 64 -50 -51 -52 -53 74 57 55 -57 -58 -59 77 75 73 94 -64 68 -66 66 69 -69 -70 70 -72 72 -74 79 -76 -77 112 -79 114 81 -82 -83 -84 101 -86 -87 115 -89 106 -91 110 108 105 -95 -96 -97 -98 -99 -100 -101 -102 -103 -104 -105 -106 107 -108 -109 -110 -111 -112 -113 -114 -115 -116 -117 -118 -119
leaf_value=0.021022886503487825 0.027685776863085189 -0.12884860605728338 0.008618095302436915 0.042835324115696405 0.01415059511565556 -0.010546436874518315 -0.003861189467980611 -0.016811053357308821 -0.069040685528662146 -0.029501003861427306 0.015157193232531826 0.035620464247128947 -0.01329092707213325 -0.10162760542660226 0.028536735877761961 0.036296874068437089 -0.052096825327724222 0.00083715789417018651 -0.053329102454008542 -0.069353598025249874 -0.014409650322271601 -0.066338213478646629 0.014700246375816113 -0.013911141260982829 0.015257812839634014 -0.020357970073819162 -0.074121648073196419 -0.016574230765422377 -0.051305201216177515 0.066279989279185741 0.0062647254383634962 -0.036823904183175826 0.0030716654191520519 -0.055063324563560036 -0.023633674307475015 -0.049534272107967112 -0.051840053420317805 0.043702230061970507 -0.021526527693495154 0.030181438370414499 -0.011100264322859321 0.043743921869567465 -0.018085155146586342 0.0067076037566614708 -0.011956230612538223 0.0053752028942108156 0.031458362668752675 0.0077860069979130688 -0.099138995192267682 -0.0086701030085273717 -0.035661318150138663 0.014284566510468721 0.052844006777967072 -0.030886588475920941 0.012568744349068609 -0.01617965867243162 -0.032656465416604823 -0.019251148609201546 -0.0062535598833004351 -0.024019826745943114 0.02199981983073733 0.015755331066505212 0.0054346850831751472 -0.016180928721807378 -0.0070245601744814354 0.026785192111956665 0.018885494525042866 0.022331030075640784 -0.00032550379883770539 0.014698992010323318 0.0093016122169089759 -0.0090358028332279492 -0.026363334804773333 0.040347806020424919 0.044506740212440499 -0.018795635915079781 0.011142642605443334 -0.016487472698513143 0.015029738344392689 0.033439470928849524 0.047875797921332758 0.022664399303141097 0.021744345866217471 -0.029170341334409183 -0.055107349086375469 -0.03945536168872333 0.0081834694072604186 -0.02435933444225653 0.025396310325930371 0.02384625014631038 0.017921153729667471 -0.0075747228145380237 -0.023877986508887263 0.033954185929669194 0.0077381937100769989 0.03327872347324453 0.00062912939994765277 -0.039641316956840457 -0.01378853419667174 0.0068242786538808848 0.053546261635877328 -0.037572300572728007 -0.039888427080063342 0.0087029995701204121 0.062148966528903483 -0.026010220291766719 0.019508836341072928 -0.03363960485439748 -0.012812479939766048 -0.01967886105189378 0.02341507886504305 -0.019779199345879642 0.0069006007754915336 -0.017534814352790515 0.019214911624789239 0.006229898099635923 0.056491230853966304 0.022247614329907954
leaf_weight=55 45 40 53 83 58 77 43 41 40 49 72 81 47 40 70 61 49 60 79 73 41 40 54 46 52 59 58 64 54 191 41 44 40 41 62 42 56 50 79 52 54 55 85 48 55 54 49 68 43 58 61 49 102 54 57 40 54 45 67 67 43 40 53 42 43 115 51 45 40 126 52 54 56 51 49 42 42 43 52 102 68 41 100 71 41 60 49 65 112 93 48 67 47 42 46 46 43 63 57 42 117 42 88 77 86 46 52 63 40 54 57 67 42 74 49 42 55 40
leaf_count=55 45 40 53 83 58 77 43 41 40 49 72 81 47 40 70 61 49 60 79 73 41 40 54 46 52 59 58 64 54 191 41 44 40 41 62 42 56 50 79 52 54 55 85 48 55 54 49 68 43 58 61 49 102 54 57 40 54 45 67 67 43 40 53 42 43 115 51 45 40 126 52 54 56 51 49 42 42 43 52 102 68 41 100 71 41 60 49 65 112 93 48 67 47 42 46 46 43 63 57 42 117 42 88 77 86 46 52 63 40 54 57 67 42 74 49 42 55 40
internal_value=1.0708e-05 -0.00974296 -0.002229 0.010138 0.0276336 -0.0362376 0.00282747 -0.00603283 -0.0257738 -0.0291053 0.0356258 0.0392028 -0.0251044 -0.0362228 0.0322367 0.0409437 0.00375365 -0.007969 -0.0217317 -0.0282557 -0.0451612 -0.0987983 0.00623936 0.0126583 0.00436778 -0.0314228 -0.0370753 -0.0306872 -0.0247833 0.057348 0.0364077 -0.0163251 -0.00983895 -0.079017 -0.00338099 -0.0537727 -0.0281616 0.0401797 -0.0358283 0.0117071 0.0039052 0.030912 -0.0319209 0.0225818 -0.0267507 -0.00656881 0.0181975 0.0123861 -0.0856284 -0.0218896 -0.0273418 0.00149407 0.0507604 -0.0269221 -0.00683267 0.000669604 -0.0428017 -0.0314194 -0.0171312 -0.0241258 0.0344561 0.00645978 0.0134932 -0.00197089 0.00203709 0.0187218 0.0194899 0.0148316 -0.00854368 0.0179737 0.019507 -0.0217171 -0.0180151 0.031354 0.0549379 -0.0276118 0.0129258 -0.0103666 0.0132369 0.0333039 0.0427218 0.030529 0.0251273 -0.0295537 -0.04648 -0.0454658 0.0103175 -0.0193141 0.0208648 0.0186742 0.0187262 -0.0117212 -0.0307395 0.0284822 0.0116053 0.0393506 0.00517052 -0.0358967 -0.0172753 0.00334476 0.0508766 -0.0325954 -0.0433591 0.0068201 0.0574068 -0.0287997 0.0236591 -0.0306856 -0.00963327 -0.0171897 0.0210963 -0.0174501 0.00912776 -0.0160088 0.0172286 0.00735934 0.064329 0.0254151
internal_weight=6980 5159 4020 2636 1821 1139 2063 1325 1384 1276 1364 1186 1193 525 859 529 457 282 581 444 175 80 744 499 344 1059 663 390 311 327 573 668 413 81 191 229 434 487 193 178 126 155 357 175 255 118 330 181 83 396 102 233 366 247 245 97 110 162 269 338 320 129 108 184 111 738 685 86 82 570 435 159 110 237 237 222 135 110 244 194 129 143 149 180 171 114 143 253 383 219 163 148 200 127 86 101 160 117 116 102 167 113 130 117 188 156 164 109 107 100 105 188 84 121 101 91 246 85
internal_count=6980 5159 4020 2636 1821 1139 2063 1325 1384 1276 1364 1186 1193 525 859 529 457 282 581 444 175 80 744 499 344 1059 663 390 311 327 573 668 413 81 191 229 434 487 193 178 126 155 357 175 255 118 330 181 83 396 102 233 366 247 245 97 110 162 269 338 320 129 108 184 111 738 685 86 82 570 435 159 110 237 237 222 135 110 244 194 129 143 149 180 171 114 143 253 383 219 163 148 200 127 86 101 160 117 116 102 167 113 130 117 188 156 164 109 107 100 105 188 84 121 101 91 246 85
is_linear=0
shrinkage=0.05


Tree=7
num_leaves=110
num_cat=0
split_feature=9 9 9 9 7 9 9 1 9 9 3 9 9 9 9 9 9 9 4 6 9 9 9 9 9 9 9 9 9 9 5 7 9 9 6 9 6 9 9 7 0 9 0 9 0 9 9 9 6 9 1 9 9 9 9 9 7 9 9 9 6 7 7 9 9 0 9 9 9 9 9 9 9 6 9 0 1 6 6 3 0 5 0 9 6 3 9 3 6 5 6 9 3 0 3 0 6 5 3 7 5 3 9 9 3 7 0 9 6
split_gain=687.623 375.382 412.687 180.842 145.629 120.038 107.585 91.3086 63.6732 99.9356 54.0889 45.5837 39.6073 61.8674 36.6326 60.3056 36.4036 45.4765 26.4826 35.9899 25.6232 27.8424 24.6372 20.721 34.6682 19.1058 26.7456 17.6456 21.0581 16.0525 15.3854 13.475 12.6203 19.8306 11.5896 11.0245 9.37533 8.91639 8.10693 7.39357 6.82331 6.26774 6.00231 5.90902 5.888 4.77864 6.1363 4.55924 4.2222 4.16275 5.47314 4.02025 4.01176 3.63857 3.56097 3.22576 3.22135 3.83573 3.1662 6.45011 3.09051 2.92596 8.96921 2.73371 2.73165 2.35822 1.89857 2.34805 1.57749 1.97624 1.25903 1.18736 1.64686 1.12185 1.04154 1.03044 0.872167 0.70039 0.677337 0.661731 0.611519 1.03798 0.55755 0.523375 0.503651 0.48859 0.469314 0.446008 0.428703 0.332513 0.329353 0.300279 0.291081 0.277016 0.30071 0.194837 0.180098 0.178617 0.17847 0.110909 0.102223 0.0977807 0.0869277 0.0781039 0.0750984 0.0207166 0.0204295 0.0161106 0.00106673
threshold=0.82694086432456981 0.26118339598178869 -1.0429430603981016 -0.01348631316795945 0.54746168851852428 0.3024504035711289 -0.67153990268707264 1.0000000180025095e-35 -1.6757040023803709 -1.6206812858581541 1.9201549887657168 0.90947490930557262 -1.373079180717468 -1.4143462181091306 1.2675660848617556 1.3075019121170046 -0.63027289509773243 -0.41284452378749842 -0.13390543684363362 -1.5787218809127805 -0.35959677398204798 -0.27972511947154993 -0.13329377770423886 0.63436147570610057 0.52254116535186779 1.5338048934936526 1.102054297924042 -1.1667441129684446 -1.249278128147125 0.21991638094186786 1.8532593846321108 -1.3576400279998777 1.1295656561851504 1.6802362799644472 0.038097223732620485 0.5500524938106538 0.038097223732620485 -0.23978930711746213 -0.33297289907932276 -0.75602856278419484 0.34453167021274572 1.1979002952575686 0.23626267164945605 1.4406213760375979 0.27957032620906835 1.6536123752593996 1.1708326339721682 -1.0704543590545652 -1.6409085988998411 0.39874011278152471 1.2065384984016421 0.7994295358657838 0.93698623776435863 1.4406213760375979 0.44000713527202612 -1.7032153010368345 -0.83958560228347767 -1.4556132555007932 1.4139974117279055 1.3873735666275027 0.53557908535003673 -0.43851161003112787 -1.2740830183029173 0.027336971834301952 0.67562848329544078 0.19295527786016467 -1.0154317021369932 -0.96040901541709889 -0.89163067936897267 -0.71280694007873524 -0.93289768695831288 -0.78158527612686146 -0.83660796284675587 1.2196152210235598 0.7719181776046754 0.19295527786016467 -0.63816359639167775 1.4061723947525027 1.0000000180025095e-35 0.79551240801811229 0.34453167021274572 -0.80168840289115895 0.23626267164945605 0.46751846373081213 -0.52157138288021077 -0.61029079556465138 0.85445222258567821 0.23319111764431003 -1.0190532207489011 1.2975725531578066 0.10028097406029703 -0.54773887991905201 -0.32913015782833094 0.27957032620906835 0.3737714439630509 0.21460897475481036 -1.205610394477844 -0.52384456992149342 -1.5943564176559446 -1.0568343400955198 -0.52384456992149342 0.5143517702817918 -1.3318121433258054 -1.125477075576782 -0.18854984268546102 -1.1069689393043516 0.23626267164945605 0.05484831519424916 -0.1484599597752094
decision_type=2 2 2 2 2 2 2 2 2 2 2 2 2 2 2 2 2 2 2 2 2 2 2 2 2 2 2 2 2 2 2 2 2 2 2 2 2 2 2 2 2 2 2 2 2 2 2 2 2 2 2 2 2 2 2 2 2 2 2 2 2 2 2 2 2 2 2 2 2 2 2 2 2 2 2 2 2 2 2 2 2 2 2 2 2 2 2 2 2 2 2 2 2 2 2 2 2 2 2 2 2 2 2 2 2 2 2 2 2
left_child=1 2 8 6 14 -3 66 16 55 40 11 86 13 18 41 44 -8 31 48 -20 61 38 108 24 34 26 52 28 85 36 -27 65 -12 45 -7 -26 63 42 -22 -21 -10 -2 -19 58 -16 46 -34 88 -11 50 -36 64 -13 -28 -51 -1 57 99 59 93 83 62 91 -5 -25 -18 -4 -68 70 71 -69 72 -70 -54 76 -37 -66 89 82 87 81 -65 104 -56 -33 96 -6 -39 -29 -55 -38 106 -30 -17 -95 -94 102 -40 -88 -50 -80 -72 -14 -90 -24 -74 -9 -83 -23
right_child=4 5 3 29 10 23 7 20 9 12 32 25 27 -15 15 43 17 37 19 39 21 22 78 51 35 30 53 47 92 -31 -32 84 33 -35 49 75 90 79 97 -41 -42 -43 -44 -45 -46 -47 -48 -49 56 54 -52 -53 73 77 60 -57 -58 -59 -60 -61 -62 -63 -64 80 74 -67 67 68 69 -71 101 -73 105 -75 -76 -77 -78 -79 100 -81 -82 107 -84 -85 -86 -87 98 -89 103 -91 -92 -93 95 94 -96 -97 -98 -99 -100 -101 -102 -103 -104 -105 -106 -107 -108 -109 -110
leaf_value=0.02011748322269373 0.0099247451867548794 -0.091064361947449463 0.0088248648554119357 0.041484625492154099 0.013372011036661111 -0.0044284581956722273 -0.052370844704982572 -0.010177648707487903 -0.083342511229442834 -0.0019593738831896732 0.034334683654800295 0.034830981944916677 -0.015604719017902691 -0.073475603759288785 -0.054781641901993174 0.0041785133263931191 -0.022402803807678381 -0.046041802242398261 -0.013149027391197854 -0.043360768503895621 0.013910364033245857 -0.018598206108435988 0.0094984628835364307 -0.014519177772488227 -0.070721063377528356 0.061375166352316296 0.011313179781039557 -0.023900586214255205 0.0022324118108164319 0.013756661333191473 0.029202196227076156 0.0086387099203780113 -0.0081285880144438428 0.032352413533855297 -0.046535591438815402 -0.052791650004165115 0.041987036220860065 -0.018635184392333033 0.033658199423346025 -0.074248485156783353 -0.055073813535273075 0.030128624300105558 -0.022778799678401455 0.021693142670157709 -0.026504059344893551 -0.016773862319021692 0.018099290923011015 -0.012131371806673188 -0.0068461345447312031 -0.016260143940324906 -0.026522891512008519 -0.0079069068663541169 0.047484372542412195 0.02830806183742314 -0.028948413101690159 0.0033701223817964397 -0.03111981027867905 -0.023553343636938086 -0.0073037372518549946 0.020845902998578445 -0.017965596422310111 -0.019058398281534515 0.01187570988200605 0.038881476255173381 -0.016077534662732897 -0.0063257171685638077 0.025399238556887194 0.018347873069859785 0.022258793523090077 0.011198824120370987 0.0065733061258702779 0.024010129121119439 0.015237931543311409 0.056509529815075246 -0.031736293383713428 -0.040893459272000103 -0.025125097077468347 0.033205018910978525 0.013171328490023457 -0.014243862708640654 0.023475221148196689 0.032148304581642154 0.015071556448108619 -0.03802341190166772 0.015217117297480693 -0.022848708539580306 0.017270978840274943 -0.026669703197220097 -0.027053104078880064 0.019981088343916872 0.051110509703201912 -0.01380348568374757 0.0046402654462409298 0.0020482033847656566 -0.0033582970835701674 0.0092109449275928311 -0.013951298955521763 0.042082998529076578 0.022627129483347139 -0.010681969212878142 0.017696200408896464 0.010356021947834804 -0.019636807159653734 -0.032932286578066211 0.0062514917987088366 0.012329256072897759 -0.0078513404743915261 0.026764476872407475 -0.015107491977202396
leaf_weight=56 56 86 56 81 56 51 77 42 65 46 62 60 61 80 40 57 40 89 66 40 56 51 50 84 57 247 44 54 69 77 47 80 48 58 73 42 56 54 57 53 47 131 45 56 40 40 40 53 54 76 75 56 215 40 55 59 42 80 50 57 45 41 59 46 42 54 112 57 112 76 42 145 42 93 57 123 144 55 41 42 46 43 44 63 52 47 71 45 53 40 111 59 65 63 42 40 72 47 47 41 60 45 69 84 44 75 54 90 44
leaf_count=56 56 86 56 81 56 51 77 42 65 46 62 60 61 80 40 57 40 89 66 40 56 51 50 84 57 247 44 54 69 77 47 80 48 58 73 42 56 54 57 53 47 131 45 56 40 40 40 53 54 76 75 56 215 40 55 59 42 80 50 57 45 41 59 46 42 54 112 57 112 76 42 145 42 93 57 123 144 55 41 42 46 43 44 63 52 47 71 45 53 40 111 59 65 63 42 40 72 47 47 41 60 45 69 84 44 75 54 90 44
internal_value=0.000295772 -0.0090842 -0.00195043 0.0096792 0.0263988 -0.0345557 0.00295686 -0.0056414 -0.0239263 -0.0271247 0.0359843 0.0410986 -0.0227605 -0.0333657 0.00592258 -0.00253843 -0.0205543 -0.0155697 -0.0256062 -0.0416762 0.00587886 0.0125146 0.0042677 -0.0298136 -0.0351972 0.0459197 0.040222 -0.0147407 -0.00853084 0.0351602 0.0563483 0.00105645 0.0149716 0.0083681 -0.026931 -0.0513123 0.0386081 -0.0291877 0.0295966 -0.0615661 -0.0720721 0.0241632 -0.0384562 0.0070617 -0.0411446 -0.00266634 0.00386259 -0.0254275 -0.0157699 -0.0298774 -0.0366401 -0.0204688 0.0479491 0.0241579 -0.0255544 0.0116285 -0.018675 -0.0155284 0.00394668 0.00653679 -0.0297624 -0.00697493 -0.004582 0.0331681 -0.0225894 -0.0133308 0.0179182 0.018626 0.0173084 0.0187922 0.0125738 0.0203013 0.0178587 0.0503836 -0.0253081 -0.0442219 -0.023179 0.0282304 0.0128193 -0.0201706 0.0300038 0.0315418 0.0103882 -0.0340723 0.0113251 -0.017829 0.0176675 -0.0225174 -0.0290346 0.0244427 0.0483193 -0.0108825 0.004801 0.0014051 -0.000125677 0.00645195 -0.0165543 0.0378301 0.0195766 -0.00859563 0.0160065 0.00862533 -0.0178784 -0.0308704 0.00806041 0.0134937 -0.00896353 0.028732 -0.0171557
internal_weight=7019 5164 4035 2639 1855 1129 2089 1327 1396 1281 1263 1015 1169 502 592 405 578 501 422 159 749 494 334 1043 660 841 547 667 423 550 294 226 248 186 438 222 473 275 160 93 112 187 134 325 80 128 88 244 263 387 148 383 368 179 239 115 217 175 269 219 163 255 214 306 327 94 762 706 594 450 144 374 229 308 243 165 186 135 239 141 225 179 138 118 132 249 174 99 191 80 167 155 174 162 105 105 202 104 118 95 101 87 130 137 94 117 96 133 95
internal_count=7019 5164 4035 2639 1855 1129 2089 1327 1396 1281 1263 1015 1169 502 592 405 578 501 422 159 749 494 334 1043 660 841 547 667 423 550 294 226 248 186 438 222 473 275 160 93 112 187 134 325 80 128 88 244 263 387 148 383 368 179 239 115 217 175 269 219 163 255 214 306 327 94 762 706 594 450 144 374 229 308 243 165 186 135 239 141 225 179 138 118 132 249 174 99 191 80 167 155 174 162 105 105 202 104 118 95 101 87 130 137 94 117 96 133 95
is_linear=0
shrinkage=0.05


Tree=8
num_leaves=119
num_cat=0
split_feature=9 9 9 9 9 8 9 1 9 9 3 9 9 9 9 9 2 9 9 9 9 9 9 9 9 9 9 1 1 9 9 9 5 5 9 2 6 9 6 2 9 2 5 3 9 9 6 9 2 9 6 0 9 9 9 9 9 5 9 9 9 0 3 6 9 2 9 0 3 9 9 2 9 9 9 2 9 9 2 9 0 2 5 9 2 0 2 6 2 2 2 3 3 6 3 6 3 2 3 6 2 2 2 6 9 6 0 2 5 9 5 2 2 9 5 0 9 8
split_gain=619.449 336.972 379.118 162.345 115.325 110.189 96.1965 95.0055 60.4151 98.2603 40.5282 40.6116 40.4493 54.5447 38.7727 41.8115 33.6338 32.2956 42.2822 30.0537 36.0552 22.6024 33.3692 21.2379 18.3434 28.8845 18.2462 56.5102 18.2429 15.2366 19.6257 13.7384 12.9358 12.6701 11.1798 11.0621 9.64582 9.19938 9.13779 8.93977 8.64869 8.48252 7.15461 6.66711 8.99559 6.46689 5.82585 4.86482 4.48078 4.2939 6.30597 4.1983 3.94266 3.5863 3.57415 3.69547 3.33643 3.13554 8.90086 2.82666 2.65326 2.32424 2.30078 2.2173 2.07463 2.06078 2.06055 2.01865 1.65894 1.6482 1.981 1.57456 1.48455 1.8725 1.6637 1.21849 1.20355 1.38486 1.17061 1.16577 1.00225 0.989432 1.16049 0.96347 0.919652 0.839054 0.826494 0.679449 0.760144 0.599459 0.589962 0.587057 0.52162 0.512844 0.471029 0.438167 0.413462 0.364218 0.337219 0.319314 0.317877 0.31018 0.318867 0.25519 0.248575 0.243714 0.233667 0.232255 0.204243 0.196669 0.167828 0.0622752 0.0481392 0.0335951 0.0243875 0.0186846 0.0150335 0.0130384
threshold=0.82694086432456981 0.26118339598178869 -1.0429430603981016 -0.01348631316795945 0.3024504035711289 0.47096353769302374 -0.67153990268707264 1.0000000180025095e-35 -1.6757040023803709 -1.6344369649887083 2.0607353448867802 1.5204929709434511 -1.373079180717468 -1.4143462181091306 1.2675660848617556 1.2941899895668032 0.56712579727172863 -0.63027289509773243 -0.41284452378749842 1.102054297924042 0.92323055863380443 -0.34628482162952418 -0.27972511947154993 -0.13329377770423886 0.63436147570610057 0.52254116535186779 -1.5106359124183653 1.0000000180025095e-35 1.2065384984016421 -1.1667441129684446 -1.249278128147125 0.21991638094186786 1.5754156112670901 -1.2338887453079221 1.6802362799644472 -0.084422904998064027 0.10028097406029703 -0.23978930711746213 0.038097223732620485 0.2847875058650971 0.5500524938106538 0.26306973397731787 0.98885804414749157 1.4984139800071719 1.1708326339721682 0.39874011278152471 -1.6409085988998411 -1.0704543590545652 0.089323412626981749 1.4539332389831545 1.2196152210235598 0.23626267164945605 0.7994295358657838 1.3873735666275027 0.44000713527202612 0.49502982199192053 -1.4556132555007932 -1.1721458435058592 -0.399532601237297 0.67562848329544078 0.041092643514275558 0.19295527786016467 -0.75087112188339222 1.2196152210235598 0.89571923017501842 0.76258990168571483 1.3341258168220522 0.45280016958713537 -0.89145144820213307 -1.0154317021369932 -0.96040901541709889 0.71915432810783397 -0.90538632869720448 -0.93289768695831288 -0.71280694007873524 0.84946307539939891 -0.78158527612686146 -0.83660796284675587 0.58884355425834667 -0.31966094672679896 0.27957032620906835 -0.12786052748560903 -0.80168840289115895 0.46751846373081213 -0.60566291213035572 0.36618536710739141 -1.6481418609619138 1.0000000180025095e-35 0.15447776764631274 0.65399897098541271 0.54540804028511058 -0.61029079556465138 0.79551240801811229 -0.52157138288021077 -0.89145144820213307 -1.3921675682067869 0.092610801570117487 -0.12786052748560903 0.23319111764431003 0.84650379419326793 0.56712579727172863 -0.56222632527351368 0.2847875058650971 0.10028097406029703 -1.0979657173156736 -1.205610394477844 0.30122427642345434 0.21963211894035342 -0.46210168302059168 -0.87787500023841847 -0.52384456992149342 0.52368924021720897 0.19791434705257419 -1.3318121433258054 -0.61645966768264759 0.32287797331810003 1.6403004527091982 0.12094683200120927
decision_type=2 2 2 2 2 2 2 2 2 2 2 2 2 2 2 2 2 2 2 2 2 2 2 2 2 2 2 2 2 2 2 2 2 2 2 2 2 2 2 2 2 2 2 2 2 2 2 2 2 2 2 2 2 2 2 2 2 2 2 2 2 2 2 2 2 2 2 2 2 2 2 2 2 2 2 2 2 2 2 2 2 2 2 2 2 2 2 2 2 2 2 2 2 2 2 2 2 2 2 2 2 2 2 2 2 2 2 2 2 2 2 2 2 2 2 2 2 2
left_child=1 2 8 6 16 14 69 17 67 48 11 19 13 26 43 -16 -3 35 33 20 64 57 79 108 25 36 27 41 32 30 91 38 -13 61 42 -8 -6 51 60 -15 -27 -11 -12 71 -45 62 68 96 -10 50 -21 -20 59 65 -47 83 95 97 -59 94 -5 -19 -38 86 107 66 -17 -1 -29 -4 -71 -2 73 -72 76 84 77 109 -52 -23 -42 -62 -83 -56 -61 -51 -22 88 -25 -84 101 105 98 115 -26 -28 104 -9 -39 111 -99 -32 -103 -40 -31 113 -58 -7 -24 -74 -89 -86 -76 -14 -90 -35 -30 -33
right_child=5 4 3 31 24 10 7 21 9 12 34 28 29 39 15 53 -18 18 37 49 63 22 23 87 52 40 56 46 116 47 90 117 -34 93 -36 -37 45 92 103 -41 80 -43 -44 44 -46 54 -48 -49 -50 85 78 -53 -54 -55 55 -57 106 58 -60 75 81 -63 -64 -65 -66 -67 -68 -69 -70 70 72 -73 74 -75 112 -77 -78 -79 -80 -81 -82 82 89 -85 99 -87 -88 110 114 -91 -92 -93 -94 -95 -96 -97 -98 100 -100 -101 -102 102 -104 -105 -106 -107 -108 -109 -110 -111 -112 -113 -114 -115 -116 -117 -118 -119
leaf_value=0.0058177982767423 0.0246626850417992 -0.11874710083007814 0.0085084527969899546 0.037640806321704065 -0.0098998791538178928 0.012274786945612681 -0.02863738797605038 -0.013948130607604982 -0.061929232608981248 -0.048448712651928266 0.013189866464077072 0.048070345727764835 -0.015468162225316402 -0.087057935162669131 -0.046757736941799521 -0.013294946578452769 -0.054143597751985809 -0.022774795475756615 -0.04451043155458239 0.024764870719404006 0.034491283765860963 0.027055484112703577 -0.018524383794689594 0.014786646186532276 -0.0093911281691610136 -0.066064598218158452 -0.011882186520910054 -0.0015469050576741045 0.059865701070395849 -0.031519270342235499 0.0025504782563075426 0.01202888623243425 0.0094588373583264478 0.006420462255820979 0.028188075230210882 -0.065848195617613584 -0.046545323580503464 -0.018037960527894591 0.040023653967338702 -0.051083307252043776 -0.046196583085938506 -0.07930108689247295 -0.011981561374529427 -0.0022296141138732702 0.025617782466235708 -0.015508176446144965 -0.027489682854847763 -0.011122180117915076 -0.090072698696799902 0.019410853099190828 0.0097901317036964697 -0.025122718577634318 -0.0069716175858047791 0.012368687764715853 -0.02811847152346272 -0.017740229534884466 -0.025107422960532269 0.012747921273899329 -0.013411167795032573 -0.019751209650482788 0.020011618438487255 -0.0065241021195463107 -0.030694251221471597 0.053864496478847425 0.027573976696779329 0.00598247173492477 4.7226685855312564e-05 0.019315499783708501 -0.014658406857316467 0.02401271527376744 0.017534702591467322 0.037994237207784887 0.016910742855859254 0.0046081460040897646 0.0092068176694391751 -0.016513846546411515 0.022880759487290764 0.012478249931740945 -0.00051692578542445388 0.038301188044431736 -0.03622976473699778 0.036677746316219902 0.029358524434706747 -0.039129027929799311 -0.027865469997579401 0.028412132326400642 0.045158215098083022 0.012346304685207692 0.0080560478789266209 0.02040696293115616 -0.00039611097865013616 -0.02281047224170632 -0.014184836182329392 0.014141523862644188 -0.017244847093454817 -0.0056049091610006034 -0.022042426593940369 -0.005869123628606269 -0.025533529193628404 -0.032396404610739817 -0.011602967976440871 0.010814846782608236 0.004665511574421544 0.048556990650567143 -0.025010149668563499 -0.013001781931592966 -0.018053393917424339 0.017287143206957616 -0.012874647101853043 0.022185286646147811 0.017435042911599721 -0.022051751508843156 0.012573245746018584 -0.018742232647252412 0.0058747525611478422 0.0086435234583005678 0.051048455850564334 0.01528423751249563
leaf_weight=62 78 44 56 108 80 61 40 41 40 59 54 48 68 41 51 45 42 40 89 60 41 52 42 52 43 53 56 54 185 94 40 40 40 42 52 45 59 51 56 41 94 46 57 55 60 80 58 59 45 65 54 48 55 66 58 57 42 70 59 56 47 50 55 101 47 66 78 51 43 108 56 40 52 57 41 49 143 112 55 81 77 46 67 57 54 65 199 42 47 44 44 44 44 52 43 61 43 66 41 53 42 46 43 109 54 70 41 65 51 82 61 41 42 72 44 40 56 42
leaf_count=62 78 44 56 108 80 61 40 41 40 59 54 48 68 41 51 45 42 40 89 60 41 52 42 52 43 53 56 54 185 94 40 40 40 42 52 45 59 51 56 41 94 46 57 55 60 80 58 59 45 65 54 48 55 66 58 57 42 70 59 56 47 50 55 101 47 66 78 51 43 108 56 40 52 57 41 49 143 112 55 81 77 46 67 57 54 65 199 42 47 44 44 44 44 52 43 61 43 66 41 53 42 46 43 109 54 70 41 65 51 82 61 41 42 72 44 40 56 42
internal_value=-5.91975e-05 -0.00887878 -0.00210391 0.00909363 -0.0327568 0.0248364 0.00266153 -0.0053996 -0.0229577 -0.0259961 0.0326868 0.0360145 -0.0223299 -0.0325057 0.00580413 -0.00589482 -0.0881815 -0.0205409 -0.0156068 0.0299465 0.0372815 0.00636174 0.0130131 0.00464876 -0.0281983 -0.0332476 -0.0257021 -0.0344292 0.0508729 -0.0141473 -0.00837561 0.032991 0.0308231 0.000504308 0.00929561 -0.0488738 -0.0257876 -0.0287798 0.0362439 -0.0699028 -0.0479204 -0.0625856 0.000272429 0.021128 0.0123951 -0.0292239 -0.0150765 -0.0239326 -0.0777028 0.0172549 0.0118833 -0.0379489 -0.0195496 0.00242848 -0.0245596 -0.0286555 -0.014242 -0.00493745 0.000772556 -0.0215637 0.0309967 -0.0139175 -0.0392313 0.0467089 0.0185376 -0.00108953 -0.00490191 0.0120257 -0.00744949 0.0169853 0.017657 0.0294632 0.0164447 0.0111118 0.0176953 -0.0242508 0.0190834 0.0167923 0.0046319 0.0341391 -0.0419453 0.0273127 0.0293579 -0.0338662 -0.0260195 0.024094 0.0434866 0.0123345 0.00996352 0.026024 0.00459957 -0.0171964 -0.0193336 0.010222 -0.0134711 -0.00868465 -0.0278112 -0.0098532 -0.021617 -0.0282428 -0.00818494 0.00629346 0.00792867 0.0459194 -0.0293281 -0.0159176 -0.0218793 0.0149763 -0.0155961 0.0202789 0.0154987 -0.0256122 0.0110397 -0.017273 0.00707668 0.00759596 0.0580363 0.0138603
internal_weight=7051 5207 4057 2640 1150 1844 2081 1332 1417 1304 1305 1142 1219 542 539 306 86 582 497 813 514 750 472 339 1064 670 460 260 329 677 427 559 88 224 163 85 446 273 477 82 224 105 111 233 115 366 155 250 85 299 169 137 394 255 252 172 200 278 129 339 312 90 114 341 173 189 123 113 97 749 693 118 585 113 472 253 389 246 109 133 171 204 157 115 204 130 240 246 143 111 173 254 136 134 86 117 191 149 92 148 108 129 89 165 148 210 83 126 93 134 103 95 83 140 91 82 241 82
internal_count=7051 5207 4057 2640 1150 1844 2081 1332 1417 1304 1305 1142 1219 542 539 306 86 582 497 813 514 750 472 339 1064 670 460 260 329 677 427 559 88 224 163 85 446 273 477 82 224 105 111 233 115 366 155 250 85 299 169 137 394 255 252 172 200 278 129 339 312 90 114 341 173 189 123 113 97 749 693 118 585 113 472 253 389 246 109 133 171 204 157 115 204 130 240 246 143 111 173 254 136 134 86 117 191 149 92 148 108 129 89 165 148 210 83 126 93 134 103 95 83 140 91 82 241 82
is_linear=0
shrinkage=0.05


end of trees

feature_importances:
Column_9=493
Column_2=100
Column_6=92
Column_3=78
Column_0=58
Column_5=51
Column_1=47
Column_4=46
Column_8=30
Column_7=27

parameters:
[boosting: gbdt]
[objective: regression]
[metric: l2]
[tree_learner: serial]
[device_type: cpu]
[data_sample_strategy: bagging]
[data: ]
[valid: ]
[num_iterations: 600]
[learning_rate: 0.05]
[num_leaves: 128]
[num_threads: 16]
[seed: 2023]
[deterministic: 0]
[force_col_wise: 0]
[force_row_wise: 0]
[histogram_pool_size: -1]
[max_depth: 20]
[min_data_in_leaf: 40]
[min_sum_hessian_in_leaf: 0.001]
[bagging_fraction: 0.9]
[pos_bagging_fraction: 1]
[neg_bagging_fraction: 1]
[bagging_freq: 1]
[bagging_seed: 26561]
[bagging_by_query: 0]
[feature_fraction: 0.8]
[feature_fraction_bynode: 1]
[feature_fraction_seed: 22040]
[extra_trees: 0]
[extra_seed: 25715]
[early_stopping_round: 0]
[early_stopping_min_delta: 0]
[first_metric_only: 0]
[max_delta_step: 0]
[lambda_l1: 0]
[lambda_l2: 1]
[linear_lambda: 0]
[min_gain_to_split: 0]
[drop_rate: 0.1]
[max_drop: 50]
[skip_drop: 0.5]
[xgboost_dart_mode: 0]
[uniform_drop: 0]
[drop_seed: 17353]
[top_rate: 0.2]
[other_rate: 0.1]
[min_data_per_group: 100]
[max_cat_threshold: 32]
[cat_l2: 10]
[cat_smooth: 10]
[max_cat_to_onehot: 4]
[top_k: 20]
[monotone_constraints: ]
[monotone_constraints_method: basic]
[monotone_penalty: 0]
[feature_contri: ]
[forcedsplits_filename: ]
[refit_decay_rate: 0.9]
[cegb_tradeoff: 1]
[cegb_penalty_split: 0]
[cegb_penalty_feature_lazy: ]
[cegb_penalty_feature_coupled: ]
[path_smooth: 0]
[interaction_constraints: ]
[verbosity: 1]
[saved_feature_importance_type: 0]
[use_quantized_grad: 0]
[num_grad_quant_bins: 4]
[quant_train_renew_leaf: 0]
[stochastic_rounding: 1]
[linear_tree: 0]
[max_bin: 255]
[max_bin_by_feature: ]
[min_data_in_bin: 3]
[bin_construct_sample_cnt: 200000]
[data_random_seed: 6644]
[is_enable_sparse: 1]
[enable_bundle: 1]
[use_missing: 1]
[zero_as_missing: 0]
[feature_pre_filter: 1]
[pre_partition: 0]
[two_round: 0]
[header: 0]
[label_column: ]
[weight_column: ]
[group_column: ]
[ignore_column: ]
[categorical_feature: ]
[forcedbins_filename: ]
[precise_float_parser: 0]
[parser_config_file: ]
[objective_seed: 2023]
[num_class: 1]
[is_unbalance: 0]
[scale_pos_weight: 1]
[sigmoid: 1]
[boost_from_average: 1]
[reg_sqrt: 0]
[alpha: 0.9]
[fair_c: 1]
[poisson_max_delta_step: 0.7]
[tweedie_variance_power: 1.5]
[lambdarank_truncation_level: 30]
[lambdarank_norm: 1]
[label_gain: ]
[lambdarank_position_bias_regularization: 0]
[eval_at: ]
[multi_error_top_k: 1]
[auc_mu_weights: ]
[num_machines: 1]
[local_listen_port: 12400]
[time_out: 120]
[machine_list_filename: ]
[machines: ]
[gpu_platform_id: -1]
[gpu_device_id: -1]
[gpu_use_dp: 0]
[num_gpu: 1]

end of parameters

pandas_categorical:null
