tree
version=v4
num_class=1
num_tree_per_iteration=1
label_index=0
max_feature_idx=9
objective=regression
feature_names=Column_0 Column_1 Column_2 Column_3 Column_4 Column_5 Column_6 Column_7 Column_8 Column_9
feature_infos=[-4.9281487464904785:0.63685661554336548] [-2.6146364212036133:3.7100627422332764] [-5.1990861892700195:1.272971510887146] [-2.2269694805145264:2.5527749061584473] [-5.5711894035339355:1.3641557693481445] [-1.9902403354644775:2.1465384960174561] [-1.982926607131958:1.6860036849975586] [-2.3018357753753662:1.4582350254058838] [-2.4405524730682373:1.9915002584457397] [-1.7305047512054443:1.7332621812820435]
tree_sizes=11473 11453 11515 11404

Tree=0
num_leaves=128
num_cat=0
split_feature=9 9 9 9 9 5 9 9 9 9 9 9 9 9 9 5 9 3 8 9 9 0 9 9 9 9 9 9 9 2 9 9 9 9 9 9 2 9 9 9 9 9 9 9 2 3 9 9 1 4 9 9 9 6 2 9 9 6 9 6 9 2 3 2 9 9 4 9 9 9 9 9 9 9 2 2 4 5 5 3 9 9 9 9 9 0 2 9 9 9 4 3 9 9 4 0 9 8 9 9 0 2 2 0 3 9 9 8 9 2 0 4 0 6 3 2 9 9 9 3 9 1 2 6 0 9 2
split_gain=1735.89 494.352 699.547 516.698 290.422 254.759 218.262 114.881 105.682 98.4509 98.0728 152.093 94.5788 90.6184 117.585 99.1549 60.6774 58.4486 56.4076 50.4609 46.3511 42.7382 53.1388 47.8801 54.1409 70.3368 37.0196 32.8397 30.3615 30.2671 29.1447 27.1181 24.6821 24.4286 22.061 20.1169 18.9456 16.7776 16.734 16.6844 46.889 35.4222 16.4467 26.2585 15.3031 13.5747 12.7239 12.1244 11.6013 11.1592 10.581 10.3195 9.44943 8.95207 8.21885 7.64715 7.40391 6.9556 11.4932 13.5336 9.65473 6.81506 9.67725 6.19312 5.86915 4.7928 4.67901 4.33335 3.67071 3.65947 3.62506 3.46659 3.37627 4.60019 3.36467 3.24537 8.07153 3.24011 3.15946 2.90902 3.66268 2.82553 2.77741 2.74313 2.72331 2.65618 2.60385 2.54109 2.53707 2.50872 2.29721 2.29633 2.26427 2.22413 2.08904 2.04566 1.82843 1.76972 1.76656 3.00877 1.75699 1.66332 1.66252 1.60468 1.57388 1.54845 1.42232 1.29491 1.28247 1.16414 1.1303 1.11608 1.08321 1.01169 0.995817 0.97793 0.964407 0.931637 0.8812 0.880397 0.879506 0.81727 0.765109 0.741783 0.722444 0.703753 0.677914
threshold=0.73065117001533519 -1.1392327547073362 0.16489368677139285 -0.10666989907622336 -0.75407394766807545 1.0197294950485232 0.21991638094186786 0.5500524938106538 -0.21316542476415631 0.17864936590194705 1.6269885301589968 1.5604287981987002 1.1708326339721682 -0.35959677398204798 -0.42615647614002222 -1.3265030980110166 1.6003646254539492 1.9201549887657168 -1.3927702903747556 0.44000713527202612 1.102054297924042 0.45280016958713537 -1.6481926441192625 -1.6069256067275999 -1.5106359124183653 -1.4693688750267027 1.0195202827453616 1.4539332389831545 0.99200892448425304 0.41509725153446203 1.1845883131027224 -0.31966094672679896 -1.1117213964462278 0.027336971834301952 0.12362667545676233 -1.6344369649887083 0.024168025236576799 1.3740616440773012 1.5471168756484988 -0.71280694007873524 -0.49271617829799647 -0.45278035104274744 -1.249278128147125 -1.3318121433258054 0.26306973397731787 -1.0320318043231962 0.46751846373081213 -1.6894596219062803 -0.90169563889503468 -0.67232638597488392 -0.69905126094818104 -1.5931699275970457 0.75816252827644359 1.3439886569976809 0.56712579727172863 -1.4556132555007932 1.4406213760375979 0.16246472299098971 0.27493907511234289 0.34902189671993261 0.24742772430181506 0.30650527775287634 0.3737714439630509 -0.95315605401992787 -1.249278128147125 0.3024504035711289 -0.80744788050651539 -0.399532601237297 -0.22647736221551892 1.0332759618759157 -0.43946841359138483 0.7031398117542268 -0.78158527612686146 -0.86411932110786427 0.58884355425834667 0.024168025236576799 1.1456176638603213 0.55665695667266857 -0.73994550108909596 1.4984139800071719 1.1979002952575686 -1.5381472110748289 -0.040110195055603974 0.99200892448425304 -0.58900588750839222 0.21460897475481036 -1.5612686872482298 1.6136765480041506 -0.68529558181762684 1.6536123752593996 -0.94188034534454335 -0.18854984268546102 -0.63027289509773243 -0.093357957899570451 -1.1438745856285093 0.17130158096551898 -0.72656258940696705 0.24367918819189074 -1.0154317021369932 -0.98792037367820729 0.36618536710739141 -0.58394512534141529 0.89290067553520214 0.47445386648178106 0.092610801570117487 -1.125477075576782 0.05484831519424916 0.46187606453895574 1.0882986783981325 0.69743552803993236 0.43114647269248968 -0.40346042811870569 0.3878390789031983 0.65994662046432506 -0.89145144820213307 0.30650527775287634 0.3299617618322373 -0.11998183652758597 0.23367205262184146 -1.4537760615348814 -1.1667441129684446 1.4700673818588259 0.56712579727172863 0.72213333845138561 0.30122427642345434 -1.1667441129684446 0.61056235432624828
decision_type=2 2 2 2 2 2 2 2 2 2 2 2 2 2 2 2 2 2 2 2 2 2 2 2 2 2 2 2 2 2 2 2 2 2 2 2 2 2 2 2 2 2 2 2 2 2 2 2 2 2 2 2 2 2 2 2 2 2 2 2 2 2 2 2 2 2 2 2 2 2 2 2 2 2 2 2 2 2 2 2 2 2 2 2 2 2 2 2 2 2 2 2 2 2 2 2 2 2 2 2 2 2 2 2 2 2 2 2 2 2 2 2 2 2 2 2 2 2 2 2 2 2 2 2 2 2 2
left_child=1 18 3 4 32 12 9 19 13 29 11 27 20 14 15 50 54 37 42 57 26 22 47 35 51 45 83 28 52 -4 -19 -15 105 82 106 -24 86 53 -29 44 88 -42 43 119 -17 -26 -21 104 78 90 85 -25 123 77 121 -51 75 60 -59 65 118 62 -11 -23 -57 -60 67 -16 109 -38 -43 74 73 -50 103 76 -30 100 95 -79 -81 -53 93 -2 92 -6 -28 -18 -41 -12 -27 -37 -52 -5 -10 -34 -46 -55 -80 -100 -14 -49 -76 -9 -20 -3 -35 -77 -71 -33 -45 -97 -39 -48 -62 -67 -116 -96 -8 -1 -44 -13 -70 -7 -32 -66 -103
right_child=5 2 6 33 8 10 7 71 94 61 89 16 17 31 66 39 87 30 21 46 -22 63 23 24 25 49 36 38 56 -31 124 68 48 34 -36 91 69 112 -40 40 41 70 120 110 96 -47 113 101 72 55 84 81 -54 97 -56 64 -58 58 59 -61 114 -63 -64 -65 125 115 -68 -69 122 108 -72 -73 -74 -75 102 107 -78 79 98 80 -82 -83 -84 -85 -86 -87 -88 -89 -90 -91 -92 -93 -94 -95 117 111 -98 -99 99 -101 -102 126 -104 -105 -106 -107 -108 -109 -110 -111 -112 -113 -114 -115 116 -117 -118 -119 -120 -121 -122 -123 -124 -125 -126 -127 -128
leaf_value=-0.019343305698729784 0.06367144816854961 -0.018177545083665328 -0.093067803968865687 0.029031363241789902 -0.05739504910677394 0.021371610922294632 -0.052934755967043778 -0.0077132104934656406 0.02240426967438662 -0.15678566751052661 0.070082289952340504 -0.020654727644682316 -0.022723660274650576 -0.073715635177192318 0.017966534620051579 -0.092436406315474701 0.02493857674628772 0.021609365868869204 -0.056358143440581564 -0.086765351962742446 0.059750753889840455 -0.067725069944698013 -0.051765706252750975 -0.054841492589455511 -0.12090094473694704 -0.038406941663918122 0.0038124037163235506 0.077102413776423476 0.028773662319938262 0.0087760009327693921 -0.053163349202967898 -0.044187323461828694 0.017953618345244754 0.059016219635146132 0.038100341914517936 -0.075018002243535956 0.0047862694062402933 0.036782888468587994 0.033563658512299102 -0.031528334305666823 -0.078963018108603594 -0.037169395568776464 -0.054672015464005096 -0.0063485567480461112 -0.032677003051784857 -0.070933473320501275 -0.058520994963681183 0.0042464216078845415 0.019903109283430587 -0.065595868837532628 -0.0041103892394196402 -0.015968454908927378 0.057271467307591299 0.020696135929305106 -0.045233161463890836 -0.028154204047812287 0.053054901477884914 -0.007862477717330613 -0.062032699965246858 -0.011448582694739232 -0.024879372903353351 -0.15060724562841671 -0.092639983858954736 -0.10412868062900152 -0.052957253482954082 -0.036677555843764476 4.9077302493200878e-07 0.037855004618606879 -0.0090045904851161415 0.019990009109976666 -0.0095679918580474713 0.0017858361205428405 0.0080563187433310111 0.039346887909889397 -0.020119085143928152 0.016851297776952563 -0.020230403382243228 0.0040753129774144777 0.017404296732599085 0.0086978490110342366 -0.025440429058370219 -0.030532260950547129 0.033662744816417303 0.039709907078721574 0.00047377484192871874 -0.022031072203952475 -0.02290814262645725 0.048576598383941204 -0.0080497769451054729 0.088546779312188739 -0.069918959499923133 -0.1153418059862626 -0.01500306913437364 0.048696274868446514 0.01192518770753574 0.030233992689732883 -0.057747452538904766 -0.0010927366161589795 -0.00023045270416719466 0.018782762922434502 0.0017758239465979493 -0.013267103690922594 -0.0077126118578938682 0.012005889422408609 -0.028980885401398499 -0.0020754721785020752 0.073899048155595115 0.031941656211054797 0.036542333789967275 -0.032257390252025619 -0.018644127228215172 0.019674866669790358 0.020940430200400727 -0.040787952082270991 -0.019592551872291926 -0.047760332592275967 -0.0074665901274206499 0.0013745562197612921 -0.034962931665169075 -0.03814799320932178 -0.03633270934573353 -0.0056888037217040716 -0.027672760390189517 0.038290646106576426 -0.077710751399428207 -0.038094863741437675 4.9077302493200878e-07
leaf_weight=10.999999999999998 32 31 10.000000000000002 25 10.000000000000002 14.999999999999998 27 151 48 10.999999999999998 55 18 22 79 53 33 28 11.999999999999998 14.000000000000002 51 135 33 29 26 45 11.999999999999998 10.999999999999998 188 20 21 26 142 199 57 82 13.999999999999998 26 43 28 12.999999999999998 79 26 49 135 24 29 148 24 45 29 121 110 443 76 41 100 26 26 53 30 58 40 36 38 46 72 14.999999999999998 68 12.000000000000002 35 24 57 13.999999999999998 137 110 25 12.999999999999998 188 112 12.000000000000002 19 53 142 36 140 15.999999999999998 40 28 81 160 58 41 81 102 146 85 19 9.9999999999999982 50 34 9.9999999999999982 52 40 9.9999999999999982 17 30 141 68 26 46 22 54 24 22 51 79 29 26 28 150 21 22 14.999999999999998 43 17 34 10.999999999999998
leaf_count=11 32 31 10 25 10 15 27 151 48 11 55 18 22 79 53 33 28 12 14 51 135 33 29 26 45 12 11 188 20 21 26 142 199 57 82 14 26 43 28 13 79 26 49 135 24 29 148 24 45 29 121 110 443 76 41 100 26 26 53 30 58 40 36 38 46 72 15 68 12 35 24 57 14 137 110 25 13 188 112 12 19 53 142 36 140 16 40 28 81 160 58 41 81 102 146 85 19 10 50 34 10 52 40 10 17 30 141 68 26 46 22 54 24 22 51 79 29 26 28 150 21 22 15 43 17 34 11
internal_value=-2.23477e-05 -0.0157755 -0.00696051 0.00718294 -0.00407348 0.0390931 -0.0393389 -0.0319682 -0.0184533 -0.103569 0.0534583 0.0468078 0.0171226 -0.0247946 -0.0160541 -0.0246958 -0.00210969 0.0022753 -0.0437113 -0.0442246 0.0370279 -0.051202 -0.0475264 -0.053329 -0.0476974 -0.0592732 0.0218959 0.0545191 0.0487399 -0.0258023 -0.0455943 -0.0485151 0.0198555 0.0503422 0.0608147 -0.0886188 0.00684911 0.00890105 0.0716622 -0.0460367 -0.0387558 -0.0582294 -0.027873 -0.022883 -0.0665547 -0.102593 -0.0638718 -0.0165114 0.0224098 -0.0474403 -0.00726502 -0.0258524 0.0547117 0.00429872 -0.0296717 -0.0411846 0.0287948 -0.0345089 -0.0399818 -0.0434807 -0.0269422 -0.130614 -0.110711 -0.0884538 -0.0368834 -0.0480881 0.026163 0.0294032 -0.0389338 0.0209717 -0.0244662 -0.0094477 0.0328744 0.0347017 -0.0115217 0.0233711 0.00929473 -0.000470692 0.0185052 0.00170226 -0.0122105 -0.0208917 0.0392382 0.0518177 -0.00485399 -0.0374398 -0.0170863 0.0374902 -0.0116471 0.0841928 -0.0652044 -0.10669 -0.00855527 0.0451213 0.0131128 0.0214837 -0.044929 0.0181216 0.0132605 0.00753698 -0.0150943 -0.00667983 -0.0169168 -0.00639101 -0.0428759 -0.0105003 0.0699578 0.0281607 0.0276013 -0.0414809 -0.00821025 0.0263374 0.0315729 -0.0565073 -0.0195733 -0.0427848 -0.0154051 0.0103764 -0.0446625 -0.0370214 -0.0498299 -0.0128849 -0.0201723 0.0344362 -0.0645274 -0.0472508 -0.0109216
internal_weight=7041 5020 3817 2657 2108 2021 1160 1042 1317 118 1221 1006 800 1097 803 667 137 459 1203 674 341 815 744 626 542 353 206 869 653 31 55 294 791 549 280 84 138 404 216 299 223 129 388 318 76 74 221 118 730 279 368 189 501 337 81 209 152 453 260 234 193 87 47 71 180 204 136 121 215 87 50 368 196 182 311 126 33 251 534 219 31 163 269 68 342 26 51 56 94 215 70 55 202 127 220 338 43 86 196 84 32 87 150 161 31 61 198 93 61 188 157 139 67 170 138 151 80 172 55 161 70 40 27 58 43 80 63
internal_count=7041 5020 3817 2657 2108 2021 1160 1042 1317 118 1221 1006 800 1097 803 667 137 459 1203 674 341 815 744 626 542 353 206 869 653 31 55 294 791 549 280 84 138 404 216 299 223 129 388 318 76 74 221 118 730 279 368 189 501 337 81 209 152 453 260 234 193 87 47 71 180 204 136 121 215 87 50 368 196 182 311 126 33 251 534 219 31 163 269 68 342 26 51 56 94 215 70 55 202 127 220 338 43 86 196 84 32 87 150 161 31 61 198 93 61 188 157 139 67 170 138 151 80 172 55 161 70 40 27 58 43 80 63
is_linear=0
shrinkage=1


Tree=1
num_leaves=128
num_cat=0
split_feature=9 9 9 9 9 5 9 9 9 9 9 9 9 9 7 9 7 9 9 9 9 9 9 9 9 9 9 9 9 2 9 9 9 9 9 9 9 7 7 9 2 2 9 9 9 9 9 2 9 9 9 9 0 9 9 9 6 9 2 6 9 6 9 2 9 5 2 9 1 2 2 9 9 9 2 9 2 9 2 9 9 9 1 0 2 9 2 9 4 0 9 4 9 4 6 2 0 0 1 9 2 2 0 9 2 5 2 7 5 0 2 6 5 9 4 9 9 9 9 0 7 7 9 1 2 2 9
split_gain=1515.31 433.501 593.224 455.591 264.88 239.093 191.777 99.4274 96.5464 92.9729 87.0768 135.516 83.0331 105.569 104.178 79.4325 58.6429 55.338 54.0424 45.9131 43.2321 37.7476 34.5403 33.0266 58.4182 42.1824 50.5973 80.0806 31.3043 26.6118 25.9109 23.895 20.5393 20.0804 18.0254 17.7648 17.6634 17.5984 21.6665 38.12 17.554 17.0284 16.2997 14.3632 12.0078 10.9448 10.8018 10.725 10.427 10.0508 9.92719 9.1656 9.06672 8.90119 7.46643 7.19278 7.19058 6.53453 6.20234 5.95997 9.54026 12.056 8.08887 5.72233 5.11972 4.92531 4.24513 3.61254 3.43776 4.35956 3.30985 3.26626 3.22203 3.02173 2.9391 3.22639 2.93464 2.88108 3.258 2.83748 2.80125 2.68988 2.54517 2.53522 2.43427 2.25892 2.20145 2.10416 2.10061 2.07664 1.88459 1.87305 1.86334 1.63843 1.6384 1.62364 1.61928 1.59982 1.56537 1.55698 1.39394 1.33137 1.22069 1.21542 1.20711 1.15137 1.15055 1.05354 1.03601 1.00997 0.992752 0.972957 0.924584 1.58836 0.921929 0.917307 0.904883 0.87191 0.8681 0.82522 0.809161 0.807762 0.772633 1.99061 0.766364 0.75184 1.26339
threshold=0.73065117001533519 -1.1392327547073362 0.16489368677139285 -0.10666989907622336 -0.75407394766807545 1.0197294950485232 0.21991638094186786 0.5500524938106538 -0.21316542476415631 1.1708326339721682 1.6269885301589968 1.5604287981987002 -0.35959677398204798 -0.42615647614002222 -1.4077746868133543 0.17864936590194705 -1.5581775307655332 1.2143183350563052 1.6003646254539492 0.44000713527202612 1.102054297924042 1.1845883131027224 1.0195202827453616 -1.7032153010368345 -1.6481926441192625 -1.6069256067275999 -1.5106359124183653 -1.4693688750267027 1.4539332389831545 0.41509725153446203 1.0195202827453616 -0.31966094672679896 -1.1117213964462278 0.027336971834301952 0.12362667545676233 -1.6344369649887083 -1.3318121433258054 -0.1209946498274803 -0.8562977910041808 -0.71280694007873524 0.48025263845920568 0.024168025236576799 1.5471168756484988 1.3740616440773012 -1.249278128147125 -1.5931699275970457 -1.4556132555007932 0.17619657516479495 0.46751846373081213 -0.86411932110786427 -1.249278128147125 -0.69905126094818104 0.21460897475481036 1.4406213760375979 -0.79534095525741566 0.75816252827644359 1.3439886569976809 -1.1667441129684446 0.7408721148967744 0.16246472299098971 0.27493907511234289 0.34902189671993261 0.24742772430181506 0.56712579727172863 -1.6894596219062803 0.55665695667266857 0.39337947964668279 0.3024504035711289 0.1524230241775513 1.0000000180025095e-35 -1.1051840782165525 -0.22647736221551892 -1.5381472110748289 1.0332759618759157 0.71915432810783397 -0.399532601237297 -0.64909949898719776 0.7031398117542268 0.58884355425834667 -0.040110195055603974 -0.74031826853752125 -0.093357957899570451 0.1524230241775513 0.19295527786016467 -1.5612686872482298 1.6136765480041506 0.37166170775890356 0.99200892448425304 -0.70610728859901417 0.34453167021274572 1.6536123752593996 -1.1438745856285093 -0.76782962679862965 -0.47033214569091791 -1.7030923366546629 -0.58394512534141529 0.36618536710739141 0.30122427642345434 1.2065384984016421 1.2941899895668032 0.89290067553520214 0.21963211894035342 0.45280016958713537 -1.125477075576782 0.69743552803993236 -0.64733111858367909 0.91461947560310375 -0.23797510564327237 0.58752840757370006 0.43114647269248968 0.93633723258972179 0.5977628529071809 -0.64733111858367909 -1.0154317021369932 -0.33589969575405115 1.0882986783981325 0.041092643514275558 0.99200892448425304 -0.11998183652758597 0.36618536710739141 0.43048222362995153 0.69786554574966442 -0.63027289509773243 1.0000000180025095e-35 0.21963211894035342 0.37166170775890356 1.2808780670166018
decision_type=2 2 2 2 2 2 2 2 2 2 2 2 2 2 2 2 2 2 2 2 2 2 2 2 2 2 2 2 2 2 2 2 2 2 2 2 2 2 2 2 2 2 2 2 2 2 2 2 2 2 2 2 2 2 2 2 2 2 2 2 2 2 2 2 2 2 2 2 2 2 2 2 2 2 2 2 2 2 2 2 2 2 2 2 2 2 2 2 2 2 2 2 2 2 2 2 2 2 2 2 2 2 2 2 2 2 2 2 2 2 2 2 2 2 2 2 2 2 2 2 2 2 2 2 2 2 2
left_child=1 16 3 4 32 9 15 19 12 20 11 28 13 14 51 29 36 21 63 59 22 58 87 70 64 35 45 40 30 -4 55 -14 103 79 116 124 -1 38 39 52 -28 84 -30 56 46 -27 -29 -44 -21 83 109 101 80 68 -51 -7 65 88 -11 62 -61 67 -8 -13 -25 96 76 -62 69 -32 -18 104 114 -43 75 -15 -17 78 102 81 -16 -5 122 112 -24 -20 -23 -2 -46 -39 -12 -10 -56 -85 -37 -66 -19 -41 -67 110 -80 -6 121 -3 -33 -64 125 -40 -101 -38 -58 -50 -34 -114 -47 -75 -35 -57 -93 -45 -70 -9 -53 -124 -26 -100 -127
right_child=5 2 6 33 8 10 7 77 91 17 90 18 31 74 37 66 23 43 85 48 -22 86 41 24 25 26 27 44 42 -31 53 71 49 34 -36 94 50 89 107 97 -42 73 47 119 57 72 -48 -49 111 54 -52 82 -54 -55 92 117 99 -59 -60 60 61 -63 105 -65 95 98 -68 -69 120 -71 -72 -73 -74 115 -76 -77 -78 -79 100 -81 -82 -83 -84 93 -86 -87 -88 -89 -90 -91 -92 118 -94 -95 -96 -97 -98 -99 106 108 -102 -103 -104 -105 -106 -107 -108 -109 -110 -111 -112 -113 113 -115 -116 -117 -118 -119 -120 -121 -122 -123 123 -125 -126 126 -128
leaf_value=-0.035295782943350687 0.059857045466249641 -0.016705580829032538 -0.088837916309183265 0.02724884379903475 -0.020419478714466092 0.032880217323877983 -0.041471046713883415 0.0033552134453373795 0.021255409080162643 -0.0063771239593625045 0.067168732395878547 -0.014503707462970757 -0.069239224897963664 0.017731086825951935 -0.032657973979684445 -0.13812144790376935 -0.062454892396926878 -0.02314576855964131 0.023577099450189494 -0.080538663560693932 0.056845598676374988 -0.07181393398178948 0.0048228036510673429 -0.030942041664211835 -0.056782980723814519 -0.053131548330701633 -0.11842673984228397 -0.061015787337507524 0.07344082043035742 0.0083027804493904112 -0.019285075155397253 -0.042027141112089161 0.015947024067598677 0.051058678800059903 0.036394919819501513 -0.07717280308405558 -0.0055059918414939336 -0.0069552479751408105 -0.077312235739869145 -0.019377291237997672 -0.06804314097842655 0.0047150250409658144 -0.0051014373136254445 0.035948022884481089 -0.066174283374601336 -0.026075372872874144 -0.025568252119562058 0.057576077461242672 -0.058019177818551981 0.037470192990714704 -0.051374887228012089 -0.003716157221580055 -0.088159834782282509 0.051007021131186651 0.023169974218090545 0.054143714977202009 -0.0037065083791430172 -0.035957106463611131 0.043165347156199546 -0.0075698429389068709 -0.058287094557285313 -0.0116583194041794 -0.014605553540047901 -0.042496606082451052 0.004126209685179804 -0.012416944980621339 -0.14520135164260867 -0.040654160002660422 0.020119604561112673 0.018450475474376057 -0.097991604524500245 -0.019059102008878084 -0.029425439299749473 0.019145569240345675 0.0055214818401469121 0.035827303595507322 -0.093875733452874269 0.0017856941122694739 -0.019005113317156739 0.031351197227283766 -0.061443194105074955 0.046878078018243501 0.0038181276583511923 0.028645399544440526 -0.021764762497745282 0.046290178861882948 -0.04590230339765549 0.03826386976080972 -0.050589022712652081 -0.02952717131376267 0.084424004654089613 0.011482632801412269 0.0066415944712103483 0.017555792781376197 -0.11060203204283846 -0.010301076233948745 0 -0.0031865755536665142 0.0059354109516781238 0.0059269161115993148 -0.0076268640286954389 -0.046732560949666165 0.0080938538958628976 -0.0020533674728545931 -0.029947380579330704 -0.024558887455547063 0.01513404505327344 -0.046907333731651311 0.025137354815783709 -0.017577101765671701 0.015390678397379818 -0.045855776071548462 0.013640075289322774 -0.0044444292594733479 -0.012217295136116446 0.03407920258045196 0.067626195268197506 0.037833115919069814 0.0014187250994811102 0.022495946421011076 0.033048867021615684 -0.0081879942009122821 -0.014351129645351755 -0.0032422170023445364 -0.031160973527214749 0.0053826192785054452 -0.0073338583866624472
leaf_weight=137 32 28 10.000000000000002 29 13.000000000000002 55 56 15.999999999999998 49 14.000000000000002 53 37 83 47 21 12.999999999999998 20 26 28 54 139 26 9.9999999999999982 26 21.000000000000004 28 50 27 193 19 11.000000000000002 149 280 30 82 20 134 24 70 44 36 25 12.000000000000002 33 66 14.999999999999998 116 13.999999999999998 93 138 12.999999999999998 126 29 28 57 427 12.000000000000002 55 9.9999999999999982 25 49 32 86 40 27 13.999999999999998 32 143 50 20 33 26 55 33 17 66 36 55 105 134 25 103 69 70 42 26 29 36 85 19 155 140 27 87 36 62 10.999999999999998 25 89 9.9999999999999982 41 12.999999999999998 13.999999999999998 30 43 56 21 9.9999999999999982 45 20 12.999999999999998 66 41 15.999999999999998 99 24 164 21 27 36 25 126 85 80 9.9999999999999982 39 37
leaf_count=137 32 28 10 29 13 55 56 16 49 14 53 37 83 47 21 13 20 26 28 54 139 26 10 26 21 28 50 27 193 19 11 149 280 30 82 20 134 24 70 44 36 25 12 33 66 15 116 14 93 138 13 126 29 28 57 427 12 55 10 25 49 32 86 40 27 14 32 143 50 20 33 26 55 33 17 66 36 55 105 134 25 103 69 70 42 26 29 36 85 19 155 140 27 87 36 62 11 25 89 10 41 13 14 30 43 56 21 10 45 20 13 66 41 16 99 24 164 21 27 36 25 126 85 80 10 39 37
internal_value=3.10892e-05 -0.0148523 -0.00648609 0.00657911 -0.00409136 0.0367217 -0.0367965 -0.0299426 -0.0178761 0.0156406 0.0509113 0.0446181 -0.023957 -0.0153328 -0.0235273 -0.0992785 -0.0411135 0.00107265 -0.00268887 -0.04143 0.0354302 -0.0367735 0.0204617 -0.0476181 -0.0450677 -0.0503579 -0.0457074 -0.0552413 0.0518583 -0.026872 0.0460701 -0.0462498 0.019048 0.047352 0.0569383 -0.0831807 -0.0220246 -0.0474821 -0.0531145 -0.0409353 -0.0984179 0.00557545 0.0683856 0.0089063 -0.0443367 -0.0244574 -0.0326731 0.0293453 -0.0605877 0.0213673 -0.0109624 -0.00686467 -0.0654052 0.0261527 0.0302609 0.0513038 0.0043464 -0.0522122 0.0149665 -0.0321752 -0.0374604 -0.0407257 -0.0253487 -0.029468 -0.0118006 -2.79216e-05 -0.124497 -0.0454588 0.0191253 0.00471997 -0.086079 -0.037198 -0.0193927 0.0197051 0.0256558 0.028566 -0.108242 -0.00863492 -0.0105488 0.0372105 -0.0493829 0.0428405 -0.00472715 0.0173074 -0.0165629 0.0352467 -0.0593044 0.0492181 -0.0578246 -0.0174869 0.0803936 0.0125878 0.0180567 0.0226819 -0.100314 -0.00587149 -0.0165565 -0.0137118 0.00307214 0.0172074 -0.0159175 -0.0350048 -0.00542311 -0.00937485 -0.0395169 -0.0187101 0.00432489 -0.0741994 0.021902 -0.00720921 0.00624173 -0.0533196 0.0147291 0.00848841 -0.0142951 0.0259988 0.0653648 0.0534763 0.00990343 0.0294226 0.0248733 -0.00683802 -0.00677661 -0.00904709 -0.0499061 0.00283618 -0.000758206
internal_weight=6935 4934 3743 2616 2074 2001 1127 1017 1300 806 1195 987 1084 783 653 110 1191 465 131 660 341 79 202 887 834 719 632 435 856 29 637 301 774 542 276 87 304 267 224 144 86 134 219 386 349 197 143 26 213 716 167 386 75 134 222 503 317 206 24 447 249 224 198 77 115 237 81 192 106 31 53 218 169 82 130 113 49 357 302 266 46 132 360 494 52 54 55 68 151 43 208 216 84 157 56 89 37 69 200 80 146 26 156 58 192 142 186 80 55 154 25 159 337 57 114 57 194 448 167 69 75 142 291 165 31 165 76
internal_count=6935 4934 3743 2616 2074 2001 1127 1017 1300 806 1195 987 1084 783 653 110 1191 465 131 660 341 79 202 887 834 719 632 435 856 29 637 301 774 542 276 87 304 267 224 144 86 134 219 386 349 197 143 26 213 716 167 386 75 134 222 503 317 206 24 447 249 224 198 77 115 237 81 192 106 31 53 218 169 82 130 113 49 357 302 266 46 132 360 494 52 54 55 68 151 43 208 216 84 157 56 89 37 69 200 80 146 26 156 58 192 142 186 80 55 154 25 159 337 57 114 57 194 448 167 69 75 142 291 165 31 165 76
is_linear=0
shrinkage=0.05


Tree=2
num_leaves=128
num_cat=0
split_feature=9 9 9 9 9 5 9 9 9 9 9 9 9 9 9 7 9 7 9 9 0 9 9 9 9 9 9 9 2 9 1 9 9 9 9 9 7 7 9 9 2 9 0 9 9 2 9 3 9 2 1 9 9 9 6 9 6 6 9 9 9 9 2 9 2 2 5 2 9 9 9 9 9 9 2 3 9 9 5 9 9 9 9 1 0 9 2 9 2 2 9 9 2 3 7 0 3 3 2 0 2 0 0 0 6 2 9 2 3 6 2 9 2 5 9 0 9 3 3 9 1 9 1 2 9 9 0
split_gain=1395.99 397.629 577.995 431.708 239.487 220.838 175.08 98.047 93.8106 86.6315 84.8763 83.1964 129.454 71.9894 98.6025 96.4943 69.3493 54.937 48.9743 41.3671 31.5292 34.1213 41.1762 36.8574 63.574 26.3461 35.0286 25.8443 24.3699 20.5576 20.4812 19.9723 19.4046 19.1252 17.6232 17.3401 17.199 19.8521 30.5922 15.7219 15.0696 15.0526 12.7451 12.0085 11.9751 11.2255 11.1278 10.8351 10.6884 9.99297 9.96682 9.59878 9.51274 9.29673 8.09786 7.39933 6.70878 9.31138 10.4318 7.48966 6.59534 6.30689 5.80709 5.43471 5.16751 4.65671 4.13432 4.03608 3.89428 3.64839 3.22608 3.21821 3.12652 3.05269 2.95034 2.94744 2.92305 2.85099 2.81594 2.81398 2.76169 3.27535 2.39638 2.2525 2.24347 2.14425 2.0551 1.90553 2.14397 1.87686 1.86087 1.97098 1.84739 1.82688 1.70669 1.70494 1.61899 1.61454 1.60362 1.44401 1.42319 1.39814 1.39023 1.28182 1.27176 1.26714 1.23453 1.15675 1.12214 1.10847 1.09345 1.06436 1.03933 1.03197 1.40651 0.999722 0.982018 0.885934 0.879327 0.858569 1.85692 0.858451 0.85011 0.84757 0.834592 0.81019 0.807371
threshold=0.73065117001533519 -1.1392327547073362 0.16489368677139285 -0.10666989907622336 -0.75407394766807545 1.0506009459495547 0.21991638094186786 0.5500524938106538 1.1845883131027224 1.2143183350563052 -0.21316542476415631 1.6269885301589968 1.5604287981987002 -0.35959677398204798 -0.42615647614002222 -1.4077746868133543 0.17864936590194705 -1.5748887658119199 1.6003646254539492 0.44000713527202612 0.47445386648178106 -1.6481926441192625 -1.6069256067275999 -1.5106359124183653 -1.4693688750267027 1.102054297924042 1.0195202827453616 1.4539332389831545 0.43681606650352484 -0.31966094672679896 -0.63816359639167775 0.027336971834301952 -1.1117213964462278 -1.3318121433258054 0.12362667545676233 -1.6894596219062803 -0.070860028266906724 -0.8562977910041808 -0.71280694007873524 -1.6344369649887083 0.024168025236576799 1.3740616440773012 0.25791636854410177 1.5471168756484988 -1.249278128147125 0.48025263845920568 -1.4556132555007932 1.0000000180025095e-35 0.46751846373081213 0.2847875058650971 -0.90169563889503468 1.1708326339721682 -1.5931699275970457 -0.74031826853752125 1.3439886569976809 -0.69905126094818104 0.16246472299098971 0.34902189671993261 0.27493907511234289 0.24742772430181506 1.0195202827453616 -1.1667441129684446 0.52368924021720897 1.4406213760375979 0.7408721148967744 0.71915432810783397 0.55665695667266857 0.76258990168571483 0.3024504035711289 -0.45278035104274744 -0.399532601237297 -0.22647736221551892 0.7031398117542268 0.99200892448425304 0.58884355425834667 1.0766730904579165 -1.5381472110748289 1.6802362799644472 -0.73994550108909596 1.0332759618759157 -0.86411932110786427 -0.78158527612686146 -0.040110195055603974 0.1524230241775513 0.21460897475481036 -0.093357957899570451 -1.5612686872482298 -1.2630338072776792 -0.084422904998064027 0.34994289278984075 -1.0291873812675474 -0.98792037367820729 -1.4743955731391905 -0.18854984268546102 0.88169082999229442 0.34453167021274572 -0.18854984268546102 1.4984139800071719 0.52368924021720897 0.19295527786016467 -0.97487434744834889 0.36618536710739141 0.17130158096551898 0.47445386648178106 -0.08627621084451674 0.93633723258972179 -1.125477075576782 0.32822409272193914 0.23319111764431003 -1.1434266567230222 0.21963211894035342 0.68938416242599498 -1.3875223994255064 0.58752840757370006 1.2941899895668032 0.43114647269248968 0.05484831519424916 -0.46971046924591059 -0.89145144820213307 -0.63027289509773243 1.0000000180025095e-35 0.3299617618322373 -1.1652276515960691 0.69743552803993236 -0.90538632869720448 1.0882986783981325 0.21460897475481036
decision_type=2 2 2 2 2 2 2 2 2 2 2 2 2 2 2 2 2 2 2 2 2 2 2 2 2 2 2 2 2 2 2 2 2 2 2 2 2 2 2 2 2 2 2 2 2 2 2 2 2 2 2 2 2 2 2 2 2 2 2 2 2 2 2 2 2 2 2 2 2 2 2 2 2 2 2 2 2 2 2 2 2 2 2 2 2 2 2 2 2 2 2 2 2 2 2 2 2 2 2 2 2 2 2 2 2 2 2 2 2 2 2 2 2 2 2 2 2 2 2 2 2 2 2 2 2 2 2
left_child=1 17 3 4 32 8 16 19 25 89 13 12 27 14 15 55 28 33 62 56 21 35 39 52 45 26 73 30 -4 -15 60 82 106 126 116 47 37 38 53 -23 86 54 -18 -29 46 -25 -26 -19 -21 -45 78 -27 -24 99 66 110 59 58 -58 -8 -7 109 112 75 -53 70 101 -67 -60 -39 -16 123 74 -2 103 98 -54 -13 102 -42 -52 -82 85 119 -55 -5 -28 115 -89 -10 122 117 -22 -40 -20 -38 -41 -68 -32 -17 -37 -11 -34 -9 108 -43 -3 -70 -12 -46 -6 -76 -14 -56 -115 -35 -33 -92 -61 -57 -121 -120 -80 -31 -104 -81 -1
right_child=5 2 6 31 10 11 7 72 9 41 104 77 18 29 65 36 42 20 94 48 92 22 23 24 44 51 40 43 -30 71 63 34 50 87 -36 100 95 69 93 96 79 105 -44 49 61 -47 -48 -49 -50 -51 80 64 76 84 113 83 57 -59 68 118 -62 -63 -64 -65 -66 67 97 -69 107 -71 -72 -73 -74 -75 111 -77 -78 -79 90 125 81 -83 -84 -85 -86 -87 -88 88 -90 -91 91 -93 -94 -95 -96 -97 -98 -99 -100 -101 -102 -103 124 -105 -106 -107 -108 -109 -110 -111 -112 -113 -114 114 -116 -117 -118 -119 121 120 -122 -123 -124 -125 -126 -127 -128
leaf_value=-0.040716354853163161 0.056678502056333763 -0.016471293931526524 -0.084799830046567021 0.02580202058489834 -0.020086529135704037 0.050591861885644442 -0.039754149090302615 -0.006526317889520886 -0.068488940971869014 -0.021425432754414424 0.01720311899341288 0.068282473523701953 -0.025774566327983684 -0.065679415736017363 0.016393353231821436 -0.019815238647029866 -0.14297030649687115 -0.088917811458761042 0.024667570135423117 -0.077337895429740525 -0.053522917949236359 -0.047260536345942267 -0.050381049657690115 -0.11448192160380516 -0.058429007607121622 0.054216657012701043 0.0034161551141490541 0.069915953639391307 0.0090258155400423628 -0.0398469378462393 0.032518561939398442 0.053261881733344778 0.016522487644354347 -0.004674700888095149 0.034611286379042129 0.0056133670205335048 -0.0067709149889372024 -0.073461517801013176 -0.0068501477650648292 -0.068803935527801507 0.0042622550746175243 0.023299177582065265 -0.095499059519042154 0.0016678937481095391 -0.062101882582201687 -0.068233711602109851 -0.02433773080015985 -0.027329127700240527 -0.050823079806245022 0.061911652215889512 0.018566516036726533 -0.002668230294116905 -0.013399898625262162 -0.057336509871482845 0.0031344902400787067 -0.0034919698052758848 -0.007017241964197677 -0.010579642067896203 -0.056047412617164755 -0.022661652692028734 0.01617298901848057 -0.034420794690648716 -0.040449663346463986 0.048236848803666924 0.042310079880213985 -0.020346363005651666 0.0032819941167553687 0.020774396715255886 -0.032978112991650897 -0.037374734167869281 0.034026139328877131 -0.017713402826339007 0.0023078146692915038 0.035916045808792117 -0.013101733853467383 0.00091569924727082259 -0.027835205811060082 0.083831701185392307 0.0081459361483791366 0.018542526234418918 0.035336875745528185 0.0069260020726002181 0.030105336924393974 0.003671233845194086 -0.088264395842949553 0.044001236622397966 -0.020345653406810014 -0.0065893842107974544 -0.038457005274566747 -0.044551280084997417 0.0065851152637465445 0.017018202714988908 -0.088005826897091355 -0.024017946671487558 0.045453394793328786 -0.027519217365317879 -0.10490823763608935 -0.015554701217139762 0.018414510705021071 -0.046061241142451768 -0.0090477958688548275 0 0.027045786966918967 0.011091796264729717 0.0063252236025291494 0.039493403417820282 -0.0016978453151913809 -0.04410286422446371 0.0065637531979499692 -0.049427690607436167 -0.04475951614479224 -0.025267298954725265 -0.0065943506573913277 0.0084520960140102748 0.02463289766287317 -0.016501439044421373 0.066126052486896514 -0.0046290811562332617 -0.017593664284105654 -0.014014947953930294 -0.003368680452042055 -0.0060131159704178575 0.019536838371596123 -0.029109876629981126 0.017640852648413405 0.031920324365297952 -0.030231354743242261
leaf_weight=47 44 30 10.000000000000002 27 14.000000000000002 462 56 148 26 27 104 111 9.9999999999999982 78 48 13.000000000000002 37 9.9999999999999982 34 58 11.999999999999998 28 28 37 30 139 10.999999999999998 184 18 145 44 58 196 121 83 21 26 78 42 13.999999999999998 25 59 45 14.000000000000002 67 32 129 26 166 12.999999999999998 49 13.000000000000002 103 24 11.999999999999998 135 22 31 56 60 15.999999999999998 59 43 25 10.999999999999998 10.000000000000002 201 11.999999999999998 74 11.999999999999998 71 27 60 49 116 14.999999999999998 58 114 26 38 141 11.999999999999998 134 64 23 110 39 12.000000000000002 9.9999999999999982 31 43 32 44 26 20 17 39 10.999999999999998 53 14.999999999999998 64 10.999999999999998 83 9.9999999999999982 79 21 28 79 37 93 10.999999999999998 24 26 22 48 21 149 28 53 87 81 27 73 43 52 26 94
leaf_count=47 44 30 10 27 14 462 56 148 26 27 104 111 10 78 48 13 37 10 34 58 12 28 28 37 30 139 11 184 18 145 44 58 196 121 83 21 26 78 42 14 25 59 45 14 67 32 129 26 166 13 49 13 103 24 12 135 22 31 56 60 16 59 43 25 11 10 201 12 74 12 71 27 60 49 116 15 58 114 26 38 141 12 134 64 23 110 39 12 10 31 43 32 44 26 20 17 39 11 53 15 64 11 83 10 79 21 28 79 37 93 11 24 26 22 48 21 149 28 53 87 81 27 73 43 52 26 94
internal_value=0.000274684 -0.0139056 -0.00602619 0.00671367 -0.0036328 0.03506 -0.0356557 -0.0292436 0.015805 0.000662354 -0.0166613 0.0490815 0.0425659 -0.0223206 -0.0145883 -0.0226097 -0.0954246 -0.0390188 -0.0031602 -0.0403564 -0.0452784 -0.0427391 -0.0468906 -0.0424702 -0.0503161 0.0337248 0.022701 0.0499295 -0.0260796 -0.0435311 0.0445625 0.0456664 0.0180741 -0.0205667 0.0549096 -0.0179147 -0.0452046 -0.0505706 -0.0384319 -0.0805969 0.00666424 0.00870738 -0.118444 0.0652652 -0.0420306 -0.0943861 -0.0311263 -0.046513 -0.058024 0.0320279 0.0202727 0.0491506 -0.0237206 -0.0602783 0.00396199 -0.00661383 -0.031597 -0.0369439 -0.0403995 -0.024273 0.0494864 -0.0497472 -0.0281419 0.0271125 0.0186146 0.0232705 -0.000509224 0.00179379 -0.0438395 -0.0691685 0.0271513 -0.0352058 -0.00800618 0.0462908 -0.0101003 0.0219679 -0.0187708 0.0765189 0.0166096 0.0189536 0.0297842 0.0332005 0.0355912 -0.00475768 -0.0740991 0.0406637 -0.0150555 -0.00883051 -0.0223343 -0.056549 0.011787 0.00689522 -0.081773 -0.0137397 0.0331434 -0.0155264 -0.0969146 0.00221271 0.0251298 -0.0351515 -0.00534433 -0.0154903 0.0194932 -0.00531705 0.011637 0.028047 -0.00957369 -0.0390038 0.0145123 -0.0551188 -0.0324389 -0.0153871 -0.0126099 0.0174959 0.0198086 -0.00656185 0.062819 0.0020903 -0.017807 -0.00656071 -0.00896182 -0.0138694 0.0167067 -0.0375846 0.0236163 0.0244617 -0.0340237
internal_weight=7073 5025 3826 2676 2115 2048 1150 1040 864 469 1322 1184 959 1102 809 668 110 1199 133 682 894 838 717 636 447 395 232 826 28 293 615 561 793 305 290 121 276 233 143 81 139 412 82 211 378 69 159 36 224 27 735 163 189 75 332 392 458 262 231 196 478 219 79 137 24 141 250 22 209 90 119 215 358 93 298 112 161 225 533 89 202 153 271 367 47 137 50 164 22 57 202 103 56 68 54 43 53 212 97 28 85 38 331 158 220 80 58 153 141 160 25 140 36 82 70 142 207 71 140 303 168 80 99 188 135 64 141
internal_count=7073 5025 3826 2676 2115 2048 1150 1040 864 469 1322 1184 959 1102 809 668 110 1199 133 682 894 838 717 636 447 395 232 826 28 293 615 561 793 305 290 121 276 233 143 81 139 412 82 211 378 69 159 36 224 27 735 163 189 75 332 392 458 262 231 196 478 219 79 137 24 141 250 22 209 90 119 215 358 93 298 112 161 225 533 89 202 153 271 367 47 137 50 164 22 57 202 103 56 68 54 43 53 212 97 28 85 38 331 158 220 80 58 153 141 160 25 140 36 82 70 142 207 71 140 303 168 80 99 188 135 64 141
is_linear=0
shrinkage=0.05


Tree=3
num_leaves=128
num_cat=0
split_feature=9 9 9 9 9 5 9 9 9 9 9 9 9 9 7 9 9 7 9 9 9 9 9 9 9 9 9 9 9 9 9 9 5 4 9 9 2 2 7 7 9 9 9 9 9 2 9 9 9 9 9 9 1 9 9 5 2 2 9 2 3 9 2 1 2 9 9 9 5 2 9 0 9 9 9 9 2 9 9 9 2 4 3 2 0 9 9 4 9 9 0 2 5 9 1 9 2 4 3 0 0 4 9 0 2 3 2 2 2 9 1 0 2 0 9 2 2 8 9 9 2 2 3 2 2 9 1
split_gain=1259.19 357.692 532.664 372.751 215.85 191.072 181.525 86.7659 79.3912 72.1909 70.6457 109.451 69.1977 90.4675 86.2836 68.5358 52.8429 49.7262 44.6496 37.0028 31.7722 24.7334 28.1952 24.4747 21.9053 19.8971 34.5391 38.7005 63.487 20.0896 19.0067 16.9681 16.0418 15.8167 15.6745 15.6459 13.5472 13.3104 13.162 16.2765 30.2441 12.8368 11.5189 11.4511 11.1651 10.1448 9.29986 8.98693 8.78625 7.59059 6.84283 6.39965 5.91839 5.89663 5.72757 5.35218 5.0407 4.9079 4.87727 4.82755 9.80599 3.88139 3.54819 4.56662 3.25924 3.17858 10.2369 7.2086 5.13061 3.17047 2.98727 2.95653 2.93529 2.79862 2.38377 2.37001 2.2923 2.26896 2.20966 2.15384 2.15168 2.11351 2.09766 2.09348 2.03366 1.91737 1.89731 1.85008 1.7667 1.71098 1.69781 1.67307 1.65419 1.64239 1.64199 1.63268 1.56417 1.55891 1.55151 1.54776 1.44197 1.43949 1.42686 1.1521 1.11024 1.04265 1.03602 1.00147 0.993063 0.969057 0.945206 0.942111 0.924499 0.908608 0.904621 0.902299 0.893702 0.862057 0.819043 0.818798 0.814327 0.747741 0.734348 0.723217 0.72099 0.702953 0.693882
threshold=0.73065117001533519 -1.1392327547073362 0.16489368677139285 -0.10666989907622336 -0.75407394766807545 1.0197294950485232 0.21991638094186786 0.5500524938106538 -0.21316542476415631 1.1845883131027224 1.6269885301589968 1.5604287981987002 -0.35959677398204798 -0.42615647614002222 -1.4077746868133543 1.2143183350563052 0.17864936590194705 -1.5916000008583067 1.6003646254539492 0.44000713527202612 -1.7169709801673887 1.102054297924042 1.0195202827453616 1.4539332389831545 1.0057646036148074 -1.6481926441192625 -1.6069256067275999 -1.5106359124183653 -1.4693688750267027 -1.7032153010368345 -0.31966094672679896 0.027336971834301952 -0.67820259928703297 0.37142364680767065 0.12362667545676233 -1.3318121433258054 0.024168025236576799 0.50197042524814617 -0.070860028266906724 -0.8562977910041808 -0.71280694007873524 -1.6344369649887083 -1.249278128147125 1.5471168756484988 1.3740616440773012 0.21963211894035342 1.1708326339721682 -1.4556132555007932 0.48127414286136633 -1.5931699275970457 -0.69905126094818104 0.75816252827644359 -0.90169563889503468 1.4406213760375979 -1.1667441129684446 0.55665695667266857 0.56712579727172863 0.7408721148967744 -1.1117213964462278 0.30650527775287634 0.3737714439630509 -1.6894596219062803 0.024168025236576799 1.2065384984016421 0.93633723258972179 0.3162060827016831 0.27493907511234289 0.24742772430181506 -0.24600152671337125 0.71915432810783397 -0.22647736221551892 0.45280016958713537 -0.399532601237297 -0.78158527612686146 -0.86411932110786427 0.7031398117542268 0.58884355425834667 -0.040110195055603974 1.0332759618759157 0.99200892448425304 0.045885797590017326 -0.67232638597488392 0.3737714439630509 -1.5612686872482298 0.30122427642345434 -1.5381472110748289 -0.093357957899570451 -0.60545364022254933 1.6802362799644472 1.6136765480041506 0.17130158096551898 -0.12786052748560903 -0.52384456992149342 -0.63027289509773243 1.4700673818588259 -0.72656258940696705 0.78430870175361644 -1.1438745856285093 -0.18854984268546102 0.34453167021274572 0.21460897475481036 1.0442760586738589 -1.0291873812675474 0.30122427642345434 0.95805501937866222 0.93609276413917553 -0.67081829905509938 -0.64909949898719776 0.93633723258972179 -1.125477075576782 1.4700673818588259 0.45280016958713537 -0.56222632527351368 0.34453167021274572 0.041092643514275558 0.13275895640254023 0.80602750182151806 0.098220024257898345 1.3341258168220522 -0.11998183652758597 0.69743552803993236 0.21963211894035342 -1.3131957650184629 -0.69253605604171742 -0.10614171624183653 1.0882986783981325 -1.1652276515960691
decision_type=2 2 2 2 2 2 2 2 2 2 2 2 2 2 2 2 2 2 2 2 2 2 2 2 2 2 2 2 2 2 2 2 2 2 2 2 2 2 2 2 2 2 2 2 2 2 2 2 2 2 2 2 2 2 2 2 2 2 2 2 2 2 2 2 2 2 2 2 2 2 2 2 2 2 2 2 2 2 2 2 2 2 2 2 2 2 2 2 2 2 2 2 2 2 2 2 2 2 2 2 2 2 2 2 2 2 2 2 2 2 2 2 2 2 2 2 2 2 2 2 2 2 2 2 2 2 2
left_child=1 17 3 4 32 9 16 19 12 21 11 23 13 14 50 96 33 35 56 65 -19 22 79 24 51 29 41 49 37 -22 -14 77 52 -4 114 103 83 -29 39 40 45 -27 47 -25 55 -16 -23 -30 -21 -28 121 -7 90 62 81 117 110 -48 109 60 -18 -31 63 -26 80 66 67 -8 115 72 120 100 -15 74 -54 76 111 86 -38 -2 94 -44 -41 -24 -68 122 -5 -52 -12 -20 -3 -42 -37 -89 -57 -47 -11 -10 -43 -40 -70 118 126 -1 -78 -96 -92 -69 -46 -34 -13 123 -63 -91 -33 -67 -102 -17 -82 -99 -32 -6 -51 -9 -104 -80 -60
right_child=5 2 6 31 8 10 7 75 97 15 88 18 30 69 38 44 59 20 89 48 25 46 36 43 53 26 27 28 42 61 70 34 58 -35 -36 92 78 -39 99 82 91 98 54 -45 108 95 57 -49 -50 85 87 -53 73 -55 -56 64 -58 -59 102 -61 -62 112 -64 -65 -66 68 84 107 71 -71 -72 -73 -74 -75 -76 -77 104 -79 125 -81 101 -83 -84 -85 -86 -87 -88 93 -90 113 106 -93 -94 -95 105 -97 -98 119 -100 -101 116 -103 124 -105 -106 -107 -108 -109 -110 -111 -112 -113 -114 -115 -116 -117 -118 -119 -120 -121 -122 -123 -124 -125 -126 -127 -128
leaf_value=-0.036636377727985385 0.054850063954080854 0.014883833704622526 -0.07027141015638004 0.024673149218516693 -0.019279295870890983 0.029091590131228823 -0.037599635403264657 -0.011427904065223593 0.019315918215837044 -0.064696204463640855 0.065158866417407993 -0.019984882168826604 -0.062555866981127181 0.015412641450141868 -0.07949768665858678 -0.0030194209384567599 -0.13820134639739989 -0.092985092885792264 0.021412666703441316 -0.068543552209349254 -0.060197089088374171 0.051827731206435572 0.0047855531525882802 0.066487726365094604 -0.018743084176228594 -0.045626384060958342 -0.046553264988793266 -0.10594605996608736 -0.055958349219074957 -0.028111844201882681 -0.038220531561890168 0.044960272245936926 -0.015047020022092123 0.010251320325104252 0.033220078784428286 -0.026150168888270861 0.004011546789729239 -0.060011291133634972 -0.0062727267268802168 -0.070520190645509698 -0.0040038932927564021 -0.067338606781429708 -0.059644971861467735 0.027711790395155551 0.021886352224677219 -0.029271996240317823 -0.004078930195953164 -0.023548606167575207 -0.046716360982122097 -0.010148409298683207 -0.0012039542512280921 0.048918050367148753 0.018760702980851585 0.046486646555937254 -0.032482362394615757 0.0017945519348281916 -0.03888752955198288 0.04071950450878252 0.0058905954502655993 -0.12988249022786211 -0.078340407352189764 0.0026666935654939151 0.024129132970326372 0.021115288818255071 0.017601034763692455 -0.02344933732492583 -0.060039479136466983 0.0013079779983187717 -0.016658134250901641 0.0034015834555029866 -0.017249043397605423 -0.0056574656224499149 0.032255269321235451 0.0066067978146020327 0.033419258090918953 0.0016561146285950495 -0.015513308827711684 0.028380908628659593 0.017329538303452571 0.034156707509567862 0.0054843643233830975 -0.04539304386662401 -0.043127076397923868 -0.020009012664784678 -0.040403389925403259 -0.025449563640135304 0.041980734679561399 -0.003934290927373899 0.079361785527701692 0.023952192176472053 0.015346697403456675 -0.019878050433297177 -0.0064806314574187276 -0.013945641005473831 0.0099892529042373453 -0.052700443029403687 -0.041305331310321547 0.01059214725712692 -0.10011702795823417 -0.026536407619714736 -0.036886108582050117 -0.0070156545694917451 0.010018285359442235 -0.024690797219471053 -0.00078225899225799374 0.026551507562398914 0.024860555212329723 -0.014939438323391247 0.037961108976354206 -0.0014803449616634422 -0.0037063025418472917 0.0065029461467638605 -0.009766473406762408 0.048838865035458617 0.061526147744485317 -0.012539214118150994 -0.017351761230013588 -0.018532079312205317 -0.0061020796086328731 0.00070595837439651858 -0.027496895404850563 -0.041250258431984835 -0.019297956531533066 -0.0037541834185313852 -0.00096446435318082676 0.030284726190567018 0.017906255673455156
leaf_weight=74 34 262 10 27 12.000000000000002 52 54 50 51 23 99 20 82 47 34 15.999999999999998 11.999999999999998 31 27 84 28 128 9.9999999999999982 183 12 28 26 49 26 29 147 26 27 13 88 10.999999999999998 22 32 22 66 31 17 76 24 50 24 13.000000000000002 133 144 74 196 456 43 25 58 32 39 9.9999999999999982 20 40 36 19 92 15 54 34 31 10.999999999999998 14.999999999999998 19 28 10.999999999999998 73 14.999999999999998 136 52 138 139 36 37 92 91 15.999999999999998 39 55 53 103 97 106 10.000000000000002 54 39 141 74 28 19 28 142 35 18 117 44 24 48 14.999999999999998 17 105 46 17 27 18 13.999999999999998 56 18 167 63 9.9999999999999982 24 17 26 40 11.999999999999998 38 89 35 24 45
leaf_count=74 34 262 10 27 12 52 54 50 51 23 99 20 82 47 34 16 12 31 27 84 28 128 10 183 12 28 26 49 26 29 147 26 27 13 88 11 22 32 22 66 31 17 76 24 50 24 13 133 144 74 196 456 43 25 58 32 39 10 20 40 36 19 92 15 54 34 31 11 15 19 28 11 73 15 136 52 138 139 36 37 92 91 16 39 55 53 103 97 106 10 54 39 141 74 28 19 28 142 35 18 117 44 24 48 15 17 105 46 17 27 18 14 56 18 167 63 10 24 17 26 40 12 38 89 35 24 45
internal_value=-0.00013686 -0.0135858 -0.00613325 0.00614472 -0.0034226 0.0334561 -0.034645 -0.02805 -0.015845 0.0144232 0.0460808 0.0404649 -0.0213356 -0.013636 -0.0213593 0.000933871 -0.0951773 -0.0377116 -0.00187696 -0.0385939 -0.0434019 0.031249 0.0196087 0.0469718 0.0420509 -0.0415204 -0.0447473 -0.0408285 -0.0486252 -0.0232889 -0.0419174 0.0427624 0.0171646 -0.0260195 0.0514784 -0.0189332 0.00570346 -0.0888131 -0.0431035 -0.0477369 -0.0372397 -0.0759194 -0.0399264 0.0621708 0.00809762 -0.0586952 0.0465565 -0.0291962 -0.055044 -0.0216665 -0.00631517 0.0469595 0.0209876 0.0244955 -0.0473243 0.00419928 -0.0263539 0.0160754 0.0038847 -0.112701 -0.0959227 -0.0128258 0.0194849 0.00318516 0.00662946 -0.0300879 -0.0350924 -0.0245932 -0.0260003 0.0228909 -0.0337696 -0.0317718 0.0258818 0.0283057 0.0300495 -0.00810375 -0.00977857 0.0334821 0.0180792 0.0447598 0.00396684 -0.0522251 -0.0658194 -0.0148544 -0.0481477 -0.017458 0.03864 -0.00456158 0.0728767 0.0321601 0.0175444 -0.0130739 -0.00809838 -0.00835165 0.0107287 -0.0407002 -0.0529916 0.0115826 -0.0909681 -0.0159382 -0.033706 0.000483792 0.00934501 -0.0322161 -0.014116 0.016796 0.0217768 -0.0117493 0.0265368 -0.00850484 -0.0126949 -0.00534517 -0.0065573 0.0412556 0.0595635 -0.0166147 -0.0355346 -0.012674 0.0035928 0.00910496 -0.0361118 -0.0316754 -0.0134403 -0.00661214 0.00351227 0.0230051 0.0144302
internal_weight=6966 4975 3802 2658 2108 1991 1144 1033 1315 795 1196 991 1096 799 660 442 111 1173 132 675 899 353 202 859 652 868 736 656 465 132 297 550 793 23 281 274 131 81 269 229 147 80 384 207 391 77 151 159 228 191 391 508 615 144 225 324 77 23 178 88 48 104 119 27 284 447 197 111 250 139 215 153 120 194 179 358 306 269 82 71 230 167 82 49 86 165 130 367 205 55 421 70 152 171 77 43 51 219 52 40 142 153 124 122 153 45 159 57 67 54 38 153 75 28 193 97 127 40 109 168 187 24 112 139 59 60 65
internal_count=6966 4975 3802 2658 2108 1991 1144 1033 1315 795 1196 991 1096 799 660 442 111 1173 132 675 899 353 202 859 652 868 736 656 465 132 297 550 793 23 281 274 131 81 269 229 147 80 384 207 391 77 151 159 228 191 391 508 615 144 225 324 77 23 178 88 48 104 119 27 284 447 197 111 250 139 215 153 120 194 179 358 306 269 82 71 230 167 82 49 86 165 130 367 205 55 421 70 152 171 77 43 51 219 52 40 142 153 124 122 153 45 159 57 67 54 38 153 75 28 193 97 127 40 109 168 187 24 112 139 59 60 65
is_linear=0
shrinkage=0.05


end of trees

feature_importances:
Column_9=287
Column_2=82
Column_0=34
Column_3=21
Column_5=18
Column_1=16
Column_7=16
Column_4=15
Column_6=15
Column_8=4

parameters:
[boosting: gbdt]
[objective: regression]
[metric: l2]
[tree_learner: serial]
[device_type: cpu]
[data_sample_strategy: bagging]
[data: ]
[valid: ]
[num_iterations: 600]
[learning_rate: 0.05]
[num_leaves: 128]
[num_threads: 16]
[seed: 2023]
[deterministic: 0]
[force_col_wise: 0]
[force_row_wise: 0]
[histogram_pool_size: -1]
[max_depth: 20]
[min_data_in_leaf: 10]
[min_sum_hessian_in_leaf: 0.001]
[bagging_fraction: 0.9]
[pos_bagging_fraction: 1]
[neg_bagging_fraction: 1]
[bagging_freq: 1]
[bagging_seed: 26561]
[bagging_by_query: 0]
[feature_fraction: 0.85]
[feature_fraction_bynode: 1]
[feature_fraction_seed: 22040]
[extra_trees: 0]
[extra_seed: 25715]
[early_stopping_round: 0]
[early_stopping_min_delta: 0]
[first_metric_only: 0]
[max_delta_step: 0]
[lambda_l1: 0.1]
[lambda_l2: 1]
[linear_lambda: 0]
[min_gain_to_split: 0]
[drop_rate: 0.1]
[max_drop: 50]
[skip_drop: 0.5]
[xgboost_dart_mode: 0]
[uniform_drop: 0]
[drop_seed: 17353]
[top_rate: 0.2]
[other_rate: 0.1]
[min_data_per_group: 100]
[max_cat_threshold: 32]
[cat_l2: 10]
[cat_smooth: 10]
[max_cat_to_onehot: 4]
[top_k: 20]
[monotone_constraints: ]
[monotone_constraints_method: basic]
[monotone_penalty: 0]
[feature_contri: ]
[forcedsplits_filename: ]
[refit_decay_rate: 0.9]
[cegb_tradeoff: 1]
[cegb_penalty_split: 0]
[cegb_penalty_feature_lazy: ]
[cegb_penalty_feature_coupled: ]
[path_smooth: 0]
[interaction_constraints: ]
[verbosity: 1]
[saved_feature_importance_type: 0]
[use_quantized_grad: 0]
[num_grad_quant_bins: 4]
[quant_train_renew_leaf: 0]
[stochastic_rounding: 1]
[linear_tree: 0]
[max_bin: 255]
[max_bin_by_feature: ]
[min_data_in_bin: 3]
[bin_construct_sample_cnt: 200000]
[data_random_seed: 6644]
[is_enable_sparse: 1]
[enable_bundle: 1]
[use_missing: 1]
[zero_as_missing: 0]
[feature_pre_filter: 1]
[pre_partition: 0]
[two_round: 0]
[header: 0]
[label_column: ]
[weight_column: ]
[group_column: ]
[ignore_column: ]
[categorical_feature: ]
[forcedbins_filename: ]
[precise_float_parser: 0]
[parser_config_file: ]
[objective_seed: 2023]
[num_class: 1]
[is_unbalance: 0]
[scale_pos_weight: 1]
[sigmoid: 1]
[boost_from_average: 1]
[reg_sqrt: 0]
[alpha: 0.9]
[fair_c: 1]
[poisson_max_delta_step: 0.7]
[tweedie_variance_power: 1.5]
[lambdarank_truncation_level: 30]
[lambdarank_norm: 1]
[label_gain: ]
[lambdarank_position_bias_regularization: 0]
[eval_at: ]
[multi_error_top_k: 1]
[auc_mu_weights: ]
[num_machines: 1]
[local_listen_port: 12400]
[time_out: 120]
[machine_list_filename: ]
[machines: ]
[gpu_platform_id: -1]
[gpu_device_id: -1]
[gpu_use_dp: 0]
[num_gpu: 1]

end of parameters

pandas_categorical:null
