tree
version=v4
num_class=1
num_tree_per_iteration=1
label_index=0
max_feature_idx=9
objective=regression
feature_names=Column_0 Column_1 Column_2 Column_3 Column_4 Column_5 Column_6 Column_7 Column_8 Column_9
feature_infos=[-4.9281487464904785:0.63685661554336548] [-2.6146364212036133:3.7100627422332764] [-5.1990861892700195:1.272971510887146] [-2.2269694805145264:2.5527749061584473] [-5.5711894035339355:1.3641557693481445] [-1.9902403354644775:2.1465384960174561] [-1.982926607131958:1.6860036849975586] [-2.3018357753753662:1.4582350254058838] [-2.4405524730682373:1.9915002584457397] [-1.7305047512054443:1.7332621812820435]
tree_sizes=9701 9717 9702 9723 9735 9723 9751 9744

Tree=0
num_leaves=112
num_cat=0
split_feature=9 9 9 9 8 9 9 1 9 9 9 9 3 9 9 9 4 0 9 9 2 3 9 9 9 9 9 9 9 1 9 9 9 9 2 6 6 6 9 9 9 9 2 6 3 9 9 0 0 5 9 9 9 4 9 9 9 9 6 6 4 9 6 9 6 2 9 3 9 9 3 9 9 9 9 5 1 9 9 5 2 2 9 9 9 4 1 2 2 2 2 9 9 0 9 9 9 2 2 0 2 9 8 3 1 4 9 9 0 2 9
split_gain=1413.2 714.006 883.194 357.232 257.426 223.802 219.49 193.266 125.334 202.302 91.3397 127.608 90.4032 95.3065 79.0113 88.209 65.4845 63.798 60.6524 82.4421 47.7837 46.9068 43.906 55.9772 50.3201 43.2501 44.2232 42.6043 67.9073 37.1657 33.1516 30.6905 41.3429 28.2588 27.0729 26.6332 20.8186 20.2765 19.6813 18.6406 18.0528 15.8969 14.9082 14.3434 14.07 13.7296 13.3448 12.765 12.7563 11.2556 10.2602 9.14143 8.59573 7.94443 7.87888 18.8749 7.65343 7.44296 6.74516 6.61255 6.16347 6.11576 6.32284 5.46815 6.87334 5.4489 5.19608 5.06652 4.82329 6.49927 5.75057 4.75207 4.08963 3.87063 3.75748 3.74926 3.66152 3.64268 3.84235 3.59455 3.58492 2.97909 2.97619 4.58995 3.54531 2.96327 4.87769 4.56524 2.93261 2.58994 2.25596 2.24782 2.02496 1.99922 1.93931 1.81735 1.77628 1.77427 1.77032 1.71961 1.70562 1.70467 1.58299 1.5619 1.51482 1.45924 1.42114 1.4161 1.40775 1.33459 1.2883
threshold=0.82694086432456981 0.26118339598178869 -1.0429430603981016 -0.01348631316795945 0.40732413530349737 0.3024504035711289 -0.67153990268707264 1.0000000180025095e-35 -1.6757040023803709 -1.6344369649887083 -1.373079180717468 -1.4143462181091306 2.0607353448867802 1.5338048934936526 1.2675660848617556 1.3075019121170046 -0.13390543684363362 0.30122427642345434 1.102054297924042 0.90947490930557262 0.56712579727172863 -1.0320318043231962 -0.35959677398204798 -0.27972511947154993 -0.13329377770423886 -0.63027289509773243 -0.41284452378749842 0.63436147570610057 0.52254116535186779 1.2065384984016421 0.21991638094186786 -1.1667441129684446 -1.249278128147125 1.6403004527091982 0.13275895640254023 -0.39720386266708368 0.10028097406029703 0.038097223732620485 1.6935482025146487 -0.23978930711746213 0.5500524938106538 1.4539332389831545 0.34994289278984075 1.2196152210235598 0.65493208169937145 1.1295656561851504 -0.58900588750839222 0.32287797331810003 0.34453167021274572 0.24794243276119235 -1.0704543590545652 -1.6206812858581541 0.81318518519401561 1.1456176638603213 -0.399532601237297 -0.50647184252738942 -1.6894596219062803 0.97825327515602123 0.16246472299098971 -1.7030923366546629 -0.67232638597488392 0.44000713527202612 0.53557908535003673 1.6802362799644472 1.5927295684814455 -0.1712960675358772 0.027336971834301952 -0.75087112188339222 -1.5106359124183653 -1.4556132555007932 -1.7349367737770078 1.3873735666275027 1.5204929709434511 0.67562848329544078 -0.61651721596717823 -0.64733111858367909 0.67948076128959667 -1.0291873812675474 -0.71280694007873524 1.6371585130691531 0.76258990168571483 0.82774528861045849 -0.78158527612686146 -0.94665333628654469 -0.90538632869720448 1.1456176638603213 1.2065384984016421 0.65399897098541271 0.7408721148967744 0.69743552803993236 -1.1920572519302366 -1.0154317021369932 -0.83660796284675587 0.25791636854410177 0.66187280416488659 -0.14660571515560147 0.41249577701091772 -0.12786052748560903 -1.3440858125686643 0.1279941909015179 0.45853486657142645 1.0745429992675783 -0.69273146986961354 1.4984139800071719 1.4700673818588259 -0.032564855180680745 1.6403004527091982 0.10987100377678873 0.19295527786016467 0.78430870175361644 -0.31966094672679896
decision_type=2 2 2 2 2 2 2 2 2 2 2 2 2 2 2 2 2 2 2 2 2 2 2 2 2 2 2 2 2 2 2 2 2 2 2 2 2 2 2 2 2 2 2 2 2 2 2 2 2 2 2 2 2 2 2 2 2 2 2 2 2 2 2 2 2 2 2 2 2 2 2 2 2 2 2 2 2 2 2 2 2 2 2 2 2 2 2 2 2 2 2 2 2 2 2 2 2 2 2 2 2 2 2 2 2 2 2 2 2 2 2
left_child=1 2 8 6 14 20 77 17 56 48 11 16 13 18 53 47 59 25 19 -6 -3 42 54 44 93 65 46 28 36 33 37 32 -12 -15 -13 60 89 66 45 -28 -30 43 -18 103 110 -14 74 81 -10 67 -33 -23 73 -2 55 -9 105 98 -32 -11 -19 96 -63 64 76 -8 -5 -38 70 -70 -61 109 -43 94 -27 100 -47 -4 82 -78 -55 -16 83 91 99 86 -45 -88 90 -7 -75 -79 -86 95 -29 -25 -51 -68 -21 -85 -53 -59 -48 -20 -73 -1 -31 -99 -42 -17 -24
right_child=4 5 3 30 12 27 7 22 9 10 31 34 38 29 15 71 21 35 41 57 -22 51 23 24 -26 26 39 52 40 106 58 50 -34 -35 -36 -37 49 -39 -40 -41 108 72 -44 85 -46 63 102 -49 -50 61 -52 75 -54 80 -56 -57 -58 101 -60 68 -62 62 -64 -65 -66 -67 97 -69 69 -71 -72 104 -74 88 -76 -77 79 78 -80 -81 -82 -83 -84 84 92 -87 87 -89 -90 -91 -92 -93 -94 -95 -96 -97 -98 107 -100 -101 -102 -103 -104 -105 -106 -107 -108 -109 -110 -111 -112
leaf_value=0.014627512694687029 0.038748948878975363 -0.16538840323652329 0.0071334260630320605 0.057313569912231396 0.025313716520298082 -0.0087020163113670293 -0.054609503271841248 -0.01539129832144346 -0.1280690951575883 -0.0022876016237718846 -0.026187521203429084 -0.13725748206853655 0.040975663498550488 0.076608427917661412 -0.051840165086812211 -0.0018723646349577306 -0.06765423020402378 0.012888847290414833 0.045551446719171752 0.044701943870917436 -0.08606265239867085 -0.06605733234441985 0.040253881042222509 -0.033205846293107986 0.018084190591509102 -0.037733674701847492 -0.061130795316184601 -0.026508389171757161 -0.098154181199071669 0.089774315482121544 0.027707856801415132 -0.040994600311595651 0.0063147601701605358 0.010771887110489821 -0.076886181154350433 -0.03132488415023961 -0.068450248017564413 0.068113100524956185 0.055075294785134912 -0.029827079877330579 -0.073989734739195498 0.03655770037889694 -0.11542962153684529 0.030802112669095397 0.013710743764391334 -0.012453040921983974 -0.0022556502461731436 -0.022623945934621352 -0.081629466706810261 -0.035001413588216075 -0.016024737640292035 -0.015791161814829268 -0.002834319746645983 -0.00025007036258564106 -0.034233713505161113 0.01596409333105811 -0.0066351966272016312 0.077013662225052501 -0.0042117690141153814 -0.021249253830151082 -0.016323036416907445 -0.049288833103295057 -0.026473173991997598 0.023133036757450577 -0.026092842605318176 -0.089182063785897644 0.031128917444169062 -0.04439807968130606 -0.013306142108438272 -0.032333325399269149 -0.055625780288319507 0.0089025604376606875 0.058557123386067299 -0.026468721883294837 -0.014211844162938851 -0.047390790836808937 0.022802998628351272 0.017758319564506412 0.015700592632429775 -0.0024662900306848543 0.027971263228738275 -0.080390465754999071 0.033735602037415498 0.0039153895497290158 0.02879285473322088 -0.007058624708624452 0.017492327904578608 -0.0063355860841723538 -0.026050938920972603 -0.027102683739660044 -0.040849175601854922 0.034588577953761301 0.019178049693622225 -0.0095133321455506143 -0.010284210035260441 -0.016535308119453845 -0.019999585819946677 0.040225257322663938 0.061898241933021667 0.018312066661403649 -0.034690709951035327 0.061257050372242626 0.015371350984768332 0.028862917490698164 0.026769018067123639 0.029077493858923414 0.073701185952102025 0.0518069923656291 -0.058915678666827939 0.007726481843216549 0.054427549421698848
leaf_weight=33 121 41 28 83 158 54 25 152 57 33 252 39 25 31 27 93 41 102 34 35 43 25 43 51 239 29 116 56 54 188 63 200 159 34 46 66 55 165 25 86 44 134 37 27 36 24 20 23 31 38 54 36 30 23 26 69 28 196 22 25 21 121 46 22 25 43 45 53 99 85 27 22 29 44 44 24 28 27 88 27 21 30 144 34 143 22 42 37 97 30 139 143 106 21 30 29 54 131 94 55 20 48 33 40 29 48 54 58 123 58 78
leaf_count=33 121 41 28 83 158 54 25 152 57 33 252 39 25 31 27 93 41 102 34 35 43 25 43 51 239 29 116 56 54 188 63 200 159 34 46 66 55 165 25 86 44 134 37 27 36 24 20 23 31 38 54 36 30 23 26 69 28 196 22 25 21 121 46 22 25 43 45 53 99 85 27 22 29 44 44 24 28 27 88 27 21 30 144 34 143 22 42 37 97 30 139 143 106 21 30 29 54 131 94 55 20 48 33 40 29 48 54 58 123 58 78
internal_value=-8.32096e-05 -0.0133386 -0.00348302 0.01341 0.0377604 -0.0480652 0.0038807 -0.00841574 -0.0356375 -0.0399863 -0.0345654 -0.0498993 0.0484423 0.0533376 0.00477201 -0.0113035 -0.0391653 -0.0298937 0.0450045 0.0558041 -0.126271 -0.0621892 0.00848958 0.017041 0.00559578 -0.041278 -0.0335669 -0.0418018 -0.0494882 0.0774331 0.0485842 -0.0221266 -0.0136288 0.0428559 -0.10586 -0.00594902 -0.0382124 0.0536634 0.0148695 -0.048016 -0.0722232 0.0291837 -0.0914911 0.0196514 0.0416345 0.00789434 -0.0102069 -0.0553901 -0.112811 -0.0433511 -0.0357697 -0.0397644 -0.0286665 0.0321491 -0.00871647 -0.00557377 0.0157247 0.0686174 0.0194934 -0.0233298 0.00781007 -0.0373942 -0.0431992 0.00105959 -0.00378568 -0.0774472 0.0459517 -0.0571624 -0.0262501 -0.0222231 -0.0398113 0.00634336 0.0408049 -0.0307704 -0.0239397 -0.0308338 0.00351141 0.0251426 0.0258135 0.0105756 0.0135416 -0.0679935 0.0271522 0.0252235 0.0217131 0.00939179 0.0128401 0.00639278 -0.033676 -0.0155152 -0.0375542 0.032035 0.0247929 -0.0238436 -0.021032 -0.0274415 -0.0265057 0.0416948 0.0576124 0.0129169 -0.0230311 0.0741767 0.00880114 0.0370358 0.0193814 0.0234407 0.0865058 0.0440334 -0.063304 0.00184121 0.0497619
internal_weight=7041 5215 4063 2664 1826 1152 2097 1329 1399 1290 1202 537 1379 1203 447 282 452 585 896 531 84 183 744 497 340 396 328 1068 672 307 567 665 411 65 85 189 451 482 176 202 221 365 78 202 157 151 126 80 88 367 254 105 396 165 247 221 109 373 85 269 123 259 167 126 104 68 317 108 236 184 52 202 163 366 73 80 79 768 740 55 44 57 652 508 338 128 106 79 280 84 183 170 249 101 86 80 92 234 129 89 56 244 53 74 51 81 242 189 167 151 121
internal_count=7041 5215 4063 2664 1826 1152 2097 1329 1399 1290 1202 537 1379 1203 447 282 452 585 896 531 84 183 744 497 340 396 328 1068 672 307 567 665 411 65 85 189 451 482 176 202 221 365 78 202 157 151 126 80 88 367 254 105 396 165 247 221 109 373 85 269 123 259 167 126 104 68 317 108 236 184 52 202 163 366 73 80 79 768 740 55 44 57 652 508 338 128 106 79 280 84 183 170 249 101 86 80 92 234 129 89 56 244 53 74 51 81 242 189 167 151 121
is_linear=0
shrinkage=1


Tree=1
num_leaves=112
num_cat=0
split_feature=9 9 9 9 7 9 9 1 9 9 1 9 9 9 9 9 9 9 9 4 2 7 1 1 9 9 9 9 9 9 9 2 7 6 6 9 4 9 9 9 9 9 0 9 9 6 0 0 2 2 9 9 9 9 9 6 6 9 9 1 9 9 9 6 6 9 9 9 7 9 2 7 0 9 9 1 0 6 9 9 9 6 0 9 9 2 9 9 9 9 6 9 9 9 0 2 2 9 2 2 2 2 9 9 9 4 9 9 2 9 2
split_gain=1229.43 636.253 769.354 315.11 273.801 193.988 189.475 177.282 108.12 188.095 77.1068 75.4533 113.893 72.6358 75.1315 63.2196 101.725 52.366 77.7163 47.517 41.2884 40.2771 40.2695 39.4198 37.2799 32.1002 61.0357 30.0749 29.3597 36.1325 24.8715 22.9675 22.5963 18.2707 17.6082 17.5593 17.4824 16.9117 27.8437 35.0551 16.8546 15.4638 13.3523 13.2132 13.1651 14.3923 12.6045 11.5368 11.1554 10.2098 10.1109 9.60499 9.51349 7.38751 6.96789 21.8962 6.89047 6.39939 6.33212 9.8277 6.70816 6.30937 6.24525 5.87072 5.7691 4.94911 4.65577 5.48516 4.48548 4.38273 4.35884 4.32718 4.15576 3.85959 3.8385 3.31892 3.2931 3.28487 3.06403 3.41249 2.86349 2.84952 2.73129 2.53307 7.79938 4.05085 2.37945 3.78488 2.95532 2.00191 1.9284 1.82652 1.74514 1.72616 1.71332 1.69119 1.67881 1.47039 1.37204 1.63052 1.32864 1.3059 1.30211 1.27385 1.14185 1.07897 1.01693 0.987706 0.945098 0.862667 0.82906
threshold=0.82694086432456981 0.26118339598178869 -1.0429430603981016 -0.01348631316795945 0.54746168851852428 0.3024504035711289 -0.67153990268707264 1.0000000180025095e-35 -1.6757040023803709 -1.6344369649887083 1.2065384984016421 -1.373079180717468 -1.4143462181091306 1.102054297924042 0.90947490930557262 1.2675660848617556 1.3075019121170046 -0.63027289509773243 -0.41284452378749842 -0.13390543684363362 0.56712579727172863 -1.2740830183029173 1.0000000180025095e-35 0.1524230241775513 1.5204929709434511 0.63436147570610057 0.52254116535186779 0.21991638094186786 -1.1667441129684446 -1.249278128147125 -1.5243915915489195 0.089323412626981749 -1.3576400279998777 0.038097223732620485 0.038097223732620485 -0.65778425335884083 -0.73988714814186085 1.6935482025146487 1.6403004527091982 1.5204929709434511 0.5500524938106538 -0.23978930711746213 0.25791636854410177 1.1708326339721682 -0.13329377770423886 -0.45938761532306666 0.34453167021274572 0.34453167021274572 -0.45363435149192805 0.78430870175361644 1.4539332389831545 -1.0704543590545652 1.6802362799644472 0.93698623776435863 1.1708326339721682 1.2196152210235598 -1.7030923366546629 0.7994295358657838 0.39874011278152471 1.2065384984016421 0.44000713527202612 -1.6894596219062803 1.6403004527091982 0.16246472299098971 0.53557908535003673 -0.61651721596717823 -1.5106359124183653 -1.4556132555007932 1.132361948490143 -1.5656585693359373 0.19791434705257419 0.91511324048042308 0.34453167021274572 0.027336971834301952 0.67562848329544078 0.41595189273357397 0.27957032620906835 1.5927295684814455 -1.0291873812675474 -0.71280694007873524 0.3162060827016831 -1.6409085988998411 0.34453167021274572 1.3873735666275027 1.4139974117279055 0.63228118419647228 -0.78158527612686146 -0.94665333628654469 -0.90538632869720448 -0.83660796284675587 1.2196152210235598 -1.0154317021369932 0.66187280416488659 0.12362667545676233 0.19295527786016467 -0.12786052748560903 0.65399897098541271 0.89571923017501842 0.84946307539939891 -0.21473368257284162 0.78430870175361644 0.045885797590017326 -0.25310124456882471 -0.93289768695831288 -0.14660571515560147 -0.032564855180680745 -1.6069256067275999 0.10987100377678873 0.19791434705257419 0.46751846373081213 -0.99659264087676991
decision_type=2 2 2 2 2 2 2 2 2 2 2 2 2 2 2 2 2 2 2 2 2 2 2 2 2 2 2 2 2 2 2 2 2 2 2 2 2 2 2 2 2 2 2 2 2 2 2 2 2 2 2 2 2 2 2 2 2 2 2 2 2 2 2 2 2 2 2 2 2 2 2 2 2 2 2 2 2 2 2 2 2 2 2 2 2 2 2 2 2 2 2 2 2 2 2 2 2 2 2 2 2 2 2 2 2 2 2 2 2 2 2
left_child=1 2 8 6 15 20 78 17 61 46 13 12 19 14 97 43 49 35 32 56 -3 110 30 42 -12 26 33 34 29 -13 70 -14 65 -7 73 -8 71 38 39 54 -28 47 44 -2 45 -23 -10 102 -44 82 83 -30 77 -16 55 75 -11 74 59 96 -60 105 -26 -29 109 -19 69 -68 -64 -58 -21 -25 -32 -5 92 -15 -50 -40 -4 86 -61 106 -17 100 -85 -86 87 91 103 -90 -55 -80 -27 -36 -42 -75 -35 -6 99 -76 -18 -37 -20 -89 108 -1 -24 -97 -47 -62 -9
right_child=4 5 3 27 10 25 7 21 9 11 24 28 31 37 53 16 50 18 41 22 -22 23 81 36 62 57 40 63 51 -31 72 -33 -34 58 93 101 -38 -39 52 -41 94 -43 48 -45 -46 104 -48 -49 76 -51 -52 -53 -54 90 -56 -57 66 -59 60 80 64 -63 68 -65 -66 -67 67 -69 -70 -71 -72 -73 -74 95 98 -77 -78 -79 79 -81 -82 -83 -84 84 85 -87 -88 88 89 -91 -92 -93 -94 -95 -96 107 -98 -99 -100 -101 -102 -103 -104 -105 -106 -107 -108 -109 -110 -111 -112
leaf_value=0.014666944938815303 0.00018954711227581419 -0.15575351828620548 0.0068514560401025746 0.054314734437797642 0.021552343627632555 -0.0074690877092787288 -0.031451756350829134 -0.023552399841339694 -0.12136542584936499 -0.0021266713839124987 0.035272462575859025 -0.024429172049371565 -0.13188009725676642 0.033069815724317372 0.046423152346035529 -0.046792835670132794 -0.0015649268207467955 -0.036984358672742489 -0.060793084604175464 -0.072045178413391114 -0.080511821479332168 0.008591737237564007 -0.026495854020118715 0.019903612346388402 0.084598201577727863 -0.025878180669886727 -0.094180061381596791 0.026236598554885748 -0.039220217549180619 0.0058641033396424702 -0.025951594344916798 -0.074094937547393477 0.013311052708602193 -0.067362905383110058 0.047261136894424759 -0.065414487278979763 0.016836486056671672 0.058209331596598905 -0.0020075090755043287 0.06620314969466283 -0.070813679827584172 -0.027610631044029346 -0.0065632329242570064 0.037535973038379251 0.01554746725798949 -0.039897717606453671 -0.076884007804534027 -0.015457229536869342 0.044391470046147061 -0.074407283874119032 0.033287744145644338 -0.015362129442949304 0.022345598952637782 0.06384930899324974 0.030904424838012173 -0.018976090943966156 -0.021717619595046228 -0.010750295639950403 -0.022320733109817789 -0.047482571693567129 -0.039211569482629952 -0.0051343451036761209 0.042024201752307519 -0.0039448447102172811 -0.023915786627266143 -0.011326395754483255 -0.013029530722843975 -0.030859911202320029 0.07435307511025005 -0.051346760988235478 -0.10801560066640377 0.045188480271742895 -0.059142513573169714 0.029876070188151468 -0.029203122435137632 0.0093020656336606899 0.018805938575948991 -0.024391784390900284 0.0176982489125482 0.014604828101985249 -0.025159201187931975 -0.040256002410647591 -0.021224752512006534 0.025705598224446458 0.012810562918072239 -0.010945794398063109 0.031859682421659083 0.020936692788683136 0.027763711185990903 0.018256490724580781 0.075016895328697417 0.032816662762662492 -0.0098596178793481423 0.067676855040633158 -0.055399349115548592 0.039109296510069391 -0.046218955737573134 0.0349073162366604 -0.024466720104894854 -0.039739220349256664 0.0077695766631592769 -0.092910592017635227 -0.04291343631652686 0.0076805806651034135 -0.01579910575722655 0.027261818978521559 -0.011249145067296924 0.049468918504386117 -0.025039174850573956 -0.051172067018655634 -0.012736204205612013
leaf_weight=35 28 41 26 78 133 51 27 22 58 36 62 244 35 57 57 30 107 26 94 24 40 42 24 23 184 55 51 65 196 164 20 45 130 49 23 22 198 33 34 51 44 140 34 153 45 20 33 20 22 33 37 56 26 222 83 38 25 48 84 25 54 29 23 21 44 67 94 83 35 30 39 103 23 44 79 21 34 31 28 80 45 27 20 52 33 37 141 28 137 110 113 138 27 137 123 126 26 28 43 120 58 30 25 54 23 44 24 57 48 64 127
leaf_count=35 28 41 26 78 133 51 27 22 58 36 62 244 35 57 57 30 107 26 94 24 40 42 24 23 184 55 51 65 196 164 20 45 130 49 23 22 198 33 34 51 44 140 34 153 45 20 33 20 22 33 37 56 26 222 83 38 25 48 84 25 54 29 23 21 44 67 94 83 35 30 39 103 23 44 79 21 34 31 28 80 45 27 20 52 33 37 141 28 137 110 113 138 27 137 123 126 26 28 43 120 58 30 25 54 23 44 24 57 48 64 127
internal_value=8.47312e-05 -0.0124688 -0.003167 0.0128023 0.0353793 -0.0458905 0.00382617 -0.00752324 -0.0332409 -0.037293 0.0487777 -0.0319309 -0.0459965 0.0415259 0.0530383 0.00729412 -0.00365148 -0.0281774 -0.0221348 -0.0360491 -0.120032 0.00868731 -0.0558074 0.0145328 0.0706824 -0.0399607 -0.0466053 0.0463585 -0.0206045 -0.0122679 -0.0755716 -0.100692 -0.000111717 -0.0357847 0.0513842 -0.0658176 0.0262392 0.0244075 0.0209757 0.0295664 -0.0682808 -0.0396743 0.000335229 0.0317914 -0.00759398 -0.0154814 -0.106246 -0.0515407 0.0159286 -0.0526922 0.0090349 -0.0340001 -0.00268988 0.0648419 0.019893 0.0118173 -0.022547 -0.0280784 -0.0394495 -0.0479995 -0.034236 0.0146859 0.0795718 0.0189061 -0.0402395 -0.0188167 -0.0256929 -0.0215171 0.0624626 -0.0385073 -0.0956524 0.0407661 -0.0446455 0.0440241 -0.0306045 0.0268696 0.0294599 -0.0128909 0.02403 0.0246434 -0.0336883 -0.0272473 -0.0371823 0.0058035 0.0112359 0.000276323 0.0258812 0.0241174 0.0208711 0.0236204 0.0678283 0.0303878 -0.0207861 0.0650539 -0.0598579 0.0402654 -0.0607376 0.0240761 -0.0338322 -0.0357235 0.00174333 -0.0827314 -0.0574258 0.0124048 -0.0265647 0.0219349 -0.0192577 0.0425874 -0.0299242 -0.0460741 -0.0144796
internal_weight=6935 5116 4003 2615 1819 1113 2064 1322 1388 1280 1231 1189 529 927 553 588 407 581 502 449 81 741 181 592 304 1032 660 551 660 408 106 80 223 442 465 79 324 374 341 250 218 279 268 181 178 133 91 139 90 83 324 252 91 392 199 116 268 372 391 145 246 108 242 86 162 93 232 177 58 55 63 126 43 305 324 78 56 65 742 716 70 75 50 287 122 70 636 495 329 247 335 166 82 160 167 227 75 161 242 199 165 52 119 82 91 79 48 183 68 118 149
internal_count=6935 5116 4003 2615 1819 1113 2064 1322 1388 1280 1231 1189 529 927 553 588 407 581 502 449 81 741 181 592 304 1032 660 551 660 408 106 80 223 442 465 79 324 374 341 250 218 279 268 181 178 133 91 139 90 83 324 252 91 392 199 116 268 372 391 145 246 108 242 86 162 93 232 177 58 55 63 126 43 305 324 78 56 65 742 716 70 75 50 287 122 70 636 495 329 247 335 166 82 160 167 227 75 161 242 199 165 52 119 82 91 79 48 183 68 118 149
is_linear=0
shrinkage=0.05


Tree=2
num_leaves=112
num_cat=0
split_feature=9 9 9 9 7 9 9 1 9 9 1 9 9 9 9 9 9 9 9 9 9 2 9 9 9 3 9 1 9 9 9 9 9 7 9 9 9 6 6 9 1 9 9 3 6 0 3 0 6 0 7 7 9 9 9 9 9 5 9 9 6 9 7 0 3 3 9 9 9 9 6 9 9 9 9 9 9 2 2 9 2 9 2 0 9 9 9 2 9 3 2 9 9 3 2 5 9 2 0 0 0 9 9 2 9 9 2 2 2 3 6
split_gain=1147.8 597.258 698.066 297.829 245.536 194.696 178.721 160.578 97.6555 160.449 84.8802 74.5338 97.2132 54.9347 71.6564 50.9723 73.014 45.222 105.518 39.9868 43.2996 38.6291 37.1374 33.476 57.3069 29.3225 29.2255 78.1515 25.9956 34.7408 25.49 25.2867 24.2759 22.1433 21.4578 19.5465 17.3732 16.8278 15.7308 14.5974 15.722 13.9456 12.3567 11.524 11.2407 10.6513 10.4229 10.3105 10.007 9.98456 9.42657 14.6516 8.46177 8.44987 7.39494 7.19249 6.95661 10.8768 8.13413 6.51249 5.54705 5.12375 4.92062 4.87254 4.7188 5.93792 4.58972 4.54553 4.3412 3.51508 3.18471 3.08922 2.80285 2.78867 2.7862 7.93497 3.78353 2.67194 2.56637 2.51059 2.45371 2.40716 2.36887 2.35893 2.30891 3.36313 2.88278 2.29466 2.03577 1.97186 1.95965 1.95231 1.8903 1.86355 1.69499 1.68732 1.66773 1.55441 1.41268 1.37409 1.31604 1.28341 2.91848 1.23259 1.22104 1.20645 1.19972 1.17779 1.16882 1.14956 1.09445
threshold=0.82694086432456981 0.26118339598178869 -1.0429430603981016 -0.01348631316795945 0.6143074929714204 0.3024504035711289 -0.67153990268707264 1.0000000180025095e-35 -1.6757040023803709 -1.6344369649887083 1.2065384984016421 -1.373079180717468 -1.4143462181091306 1.102054297924042 0.90947490930557262 -0.63027289509773243 -0.41284452378749842 1.2675660848617556 1.3075019121170046 -0.35959677398204798 -0.27972511947154993 0.58884355425834667 -0.13329377770423886 0.63436147570610057 0.52254116535186779 1.4984139800071719 -1.5106359124183653 1.0000000180025095e-35 -1.1667441129684446 -1.249278128147125 1.6935482025146487 1.4539332389831545 0.21991638094186786 -1.3576400279998777 -1.3868348598480222 -0.65778425335884083 0.5500524938106538 0.038097223732620485 0.038097223732620485 1.1708326339721682 0.41595189273357397 -0.23978930711746213 1.5204929709434511 0.65493208169937145 1.2196152210235598 0.32287797331810003 -1.0320318043231962 0.32287797331810003 -1.6409085988998411 0.32287797331810003 0.46390463411808019 -1.2072371840476988 -1.0704543590545652 1.5204929709434511 0.81318518519401561 -1.6894596219062803 1.1570770144462588 1.6371585130691531 1.6802362799644472 0.97825327515602123 0.34902189671993261 1.6403004527091982 1.132361948490143 0.32287797331810003 -0.46971046924591059 -1.4537760615348814 -1.4556132555007932 -0.61651721596717823 0.027336971834301952 0.67562848329544078 1.5927295684814455 -1.0291873812675474 -1.6069256067275999 -0.71280694007873524 1.3873735666275027 1.4139974117279055 1.4406213760375979 0.045885797590017326 0.82774528861045849 0.44000713527202612 0.80602750182151806 0.24742772430181506 0.52368924021720897 0.34453167021274572 -0.78158527612686146 -0.94665333628654469 -0.90538632869720448 0.69743552803993236 -1.0154317021369932 1.0000000180025095e-35 -1.365804076194763 -0.83660796284675587 1.0745429992675783 -1.0320318043231962 0.7408721148967744 0.21707098931074145 0.66187280416488659 -0.12786052748560903 0.19295527786016467 0.1279941909015179 0.23626267164945605 0.44000713527202612 0.3162060827016831 0.63228118419647228 0.12362667545676233 -0.31966094672679896 0.7408721148967744 -1.1920572519302366 -1.3440858125686643 -0.46971046924591059 1.0000000180025095e-35
decision_type=2 2 2 2 2 2 2 2 2 2 2 2 2 2 2 2 2 2 2 2 2 2 2 2 2 2 2 2 2 2 2 2 2 2 2 2 2 2 2 2 2 2 2 2 2 2 2 2 2 2 2 2 2 2 2 2 2 2 2 2 2 2 2 2 2 2 2 2 2 2 2 2 2 2 2 2 2 2 2 2 2 2 2 2 2 2 2 2 2 2 2 2 2 2 2 2 2 2 2 2 2 2 2 2 2 2 2 2 2 2 2
left_child=1 2 8 6 17 21 71 15 55 45 13 12 26 14 -6 35 33 39 49 50 43 -3 100 24 37 53 27 46 29 109 44 74 38 67 77 -8 -26 -7 68 40 -2 47 -12 105 -27 -10 63 -18 72 78 51 -9 -30 -15 69 -1 -46 -58 70 90 64 -44 -63 -11 65 -39 93 -17 -5 96 -59 -4 -29 84 108 -76 94 -14 -19 -62 107 -34 -81 -50 85 88 99 -42 -73 -37 -16 -88 -61 -28 -77 -67 -25 -70 -38 -87 103 102 -66 -22 -40 -21 -99 -71 -20 -13 -24
right_child=4 5 3 32 10 23 7 19 9 11 42 28 34 25 59 16 41 18 31 20 22 -23 110 54 36 30 66 48 52 -31 -32 -33 81 -35 -36 89 98 60 104 -41 87 -43 61 -45 56 -47 -48 -49 83 -51 -52 -53 -54 -55 -56 -57 57 58 -60 92 79 62 -64 -65 101 95 -68 -69 97 80 -72 73 -74 -75 75 76 -78 -79 -80 82 -82 -83 -84 -85 -86 86 91 -89 -90 -91 -92 -93 -94 -95 -96 -97 -98 106 -100 -101 -102 -103 -104 -105 -106 -107 -108 -109 -110 -111 -112
leaf_value=0.020965928254447069 0.035195635331253854 -0.14598298159738382 0.0062786180948023688 0.052073650367288705 0.022606620604042397 -0.0066706852030474694 -0.027658325562564035 -0.013606155964175928 -0.11825157549916482 -0.1060567216995435 0.035094577570756277 -0.022017647654542494 -0.12514737108174492 0.02939439833556351 0.040131029232246124 -0.034266227147271559 -0.055297977482884113 -0.047204924933612349 -0.0082541017721478767 0.035893925956704396 -0.029240073522795802 -0.076927412165836859 0.013046563573214889 -0.024011256219002242 -0.091203246333382351 0.027006717793847203 -0.0099011552552966519 -0.026991884071718566 -0.037047638588818939 0.0056228834568866574 0.054258470192100061 0.036473071112714965 0.024622977538066998 0.012885320704280787 -0.056196247377703269 -0.060152242129499267 -0.067089723745981864 -0.021878254342646827 0.045976500385082691 0.035453192119934286 -0.02357639986134711 -0.02660146727130331 0.0805285273380177 0.011886864630893494 -0.025759527362559154 -0.077115302513807257 -0.055925161822846063 -0.018315172642469409 -0.028390443290118129 -0.021878621299509651 -0.03314761587363832 0.014644027734870342 -0.015016608903089824 0.062796547438235997 -0.0017411703119675319 -0.0084901008838122443 0.032217261857456631 -0.0012354629368267278 0.019556158408522609 0.06968871888203837 -0.014909912855364383 0.039481431005212175 0.071564399112354626 -0.07048511026161057 -0.045598277038541336 -0.059473314422827508 -0.0292805017395453 -0.010714283359045637 0.028218827427675328 -0.025314898416399959 -0.022816588588663051 0.015977498815364897 -0.006192123267630285 0.014479494522410361 0.025128309704877179 0.0048384761038635466 0.017585789493244627 -0.08841708004474641 -0.07306803997073856 -0.024261248428770837 -0.022295072417042844 0.0062093535371656929 -0.043214210145401236 -0.051610197375218075 0.030311041120169819 0.003376897761379095 0.026344010922022994 8.3851191170868422e-05 0.031258471027342943 -0.088530016750902746 0.056275167107582097 0.017194500639392384 0.054401746270607933 -0.025499566780546535 -0.01321921109621014 -0.044072165643727346 -0.0091573128709569584 0.042280938790032745 -0.052645242933569286 0.016498117904477524 -0.010527316956884331 -0.042604455234957678 -0.025982043277247843 -0.01399302015391489 0.063549195442880901 0.049177851155400278 0.03024224203079939 -0.036008053989905232 0.0032751274866644636 -0.03210281735286117 0.020093654491499347
leaf_weight=82 30 47 29 82 171 49 29 145 48 38 23 215 33 37 40 30 116 31 25 43 45 43 139 56 54 49 84 21 202 167 32 86 56 136 30 21 44 20 25 180 20 144 185 35 22 38 37 24 31 26 33 66 58 46 29 27 26 32 26 198 31 23 43 27 28 64 87 65 47 45 36 30 65 87 57 20 22 23 27 46 72 27 32 23 137 33 143 20 136 36 99 115 48 25 34 53 31 151 115 52 26 50 82 23 139 79 39 158 142 39 105
leaf_count=82 30 47 29 82 171 49 29 145 48 38 23 215 33 37 40 30 116 31 25 43 45 43 139 56 54 49 84 21 202 167 32 86 56 136 30 21 44 20 25 180 20 144 185 35 22 38 37 24 31 26 33 66 58 46 29 27 26 32 26 198 31 23 43 27 28 64 87 65 47 45 36 30 65 87 57 20 22 23 27 46 72 27 32 23 137 33 143 20 136 36 99 115 48 25 34 53 31 151 115 52 26 50 82 23 139 79 39 158 142 39 105
internal_value=-8.23483e-05 -0.0120965 -0.0031016 0.0119018 0.0336763 -0.0439122 0.00322548 -0.00776832 -0.0316819 -0.0355176 0.0481457 -0.030752 -0.0449237 0.0403531 0.0497217 -0.0269398 -0.020909 0.0108118 0.00165724 0.00783845 0.0159936 -0.114198 0.00587414 -0.0378369 -0.0446575 0.0232238 -0.0352298 -0.0468502 -0.0197976 -0.0120741 0.0136665 0.0127332 0.0440611 -1.77018e-05 -0.093323 -0.062399 -0.0660844 -0.0345039 0.048358 0.0279472 0.00841861 -0.0378419 0.0724253 0.0376044 0.00661857 -0.10117 -0.079951 -0.0491329 -0.0223379 -0.0487904 -0.00870354 -0.00474221 -0.0322094 0.0484336 -0.0261 0.0136586 -0.000556439 0.00423883 -0.00375756 0.0616752 -0.0378385 0.0756932 0.0611401 -0.0925727 -0.0414657 -0.0485877 -0.0207171 -0.0184312 0.0416032 -0.0280413 -0.0128259 0.0225433 -0.011523 0.0231773 0.00582919 0.0112004 0.00056375 -0.111878 -0.060279 -0.0276679 -0.0308598 0.0187782 -0.0324854 -0.0390389 0.0243245 0.0226569 0.0197015 -0.0120328 0.0286091 -0.0792924 0.0519492 0.0223479 0.0669382 -0.0136781 -0.00656481 -0.0529293 -0.0188827 0.0377769 -0.0570368 0.0115025 -0.0206854 -0.0351036 -0.0313411 -0.0243605 0.0611653 0.0448257 0.0399811 -0.0337734 0.00151034 -0.023686 0.0161488
internal_weight=7073 5217 4068 2668 1856 1149 2102 1340 1400 1291 1136 1205 524 862 556 601 515 720 470 739 495 90 338 1059 668 306 438 242 681 421 223 386 566 231 86 86 213 455 483 250 70 284 274 157 191 86 102 140 140 84 244 211 260 83 391 109 142 120 94 385 406 251 66 65 297 137 196 95 319 362 68 762 86 733 300 133 76 56 58 109 275 83 78 54 646 509 343 40 166 57 139 258 246 109 54 117 87 237 159 85 94 160 110 68 164 122 190 203 167 254 244
internal_count=7073 5217 4068 2668 1856 1149 2102 1340 1400 1291 1136 1205 524 862 556 601 515 720 470 739 495 90 338 1059 668 306 438 242 681 421 223 386 566 231 86 86 213 455 483 250 70 284 274 157 191 86 102 140 140 84 244 211 260 83 391 109 142 120 94 385 406 251 66 65 297 137 196 95 319 362 68 762 86 733 300 133 76 56 58 109 275 83 78 54 646 509 343 40 166 57 139 258 246 109 54 117 87 237 159 85 94 160 110 68 164 122 190 203 167 254 244
is_linear=0
shrinkage=0.05


Tree=3
num_leaves=112
num_cat=0
split_feature=9 9 9 9 7 9 9 1 9 4 3 9 1 9 9 4 9 9 9 9 9 9 9 2 9 1 9 9 9 0 9 9 9 8 3 9 3 9 9 9 3 9 3 9 0 0 7 7 9 9 5 5 9 9 9 4 2 0 9 9 9 9 9 5 4 4 9 9 9 9 4 9 9 9 9 9 3 1 9 0 9 9 9 2 0 0 2 2 3 3 2 9 2 9 4 8 8 9 9 9 9 3 2 9 4 8 2 0 0 2 2
split_gain=983.928 569.977 601.676 263.042 223.566 171.664 156.598 147.648 93.7701 135.318 77.4567 62.6395 50.809 50.7973 91.7395 46.0167 37.2475 43.367 35.029 34.1867 118.46 32.3671 50.4549 31.8006 30.92 27.088 42.6351 26.061 30.2093 24.0709 23.6691 23.2635 19.8121 18.4967 16.1559 15.9351 15.6075 14.2681 13.1393 12.9208 11.186 10.8759 10.6631 9.80848 9.72098 9.69889 8.87844 15.0463 8.50825 7.98338 7.88781 12.6517 8.15809 7.48357 7.0415 6.92864 5.96868 8.47138 5.89977 5.89062 5.7029 5.31458 5.29009 5.26736 15.953 5.25966 4.20152 4.24044 3.80252 3.76034 4.37024 3.32549 2.94164 3.04109 2.90206 2.81916 2.60541 2.42961 2.03875 2.02567 1.95085 1.92513 6.98314 2.5735 1.8498 1.80604 1.61413 1.59172 1.54741 1.53018 1.52653 1.48533 1.48441 1.46703 1.44802 1.43612 1.4309 2.16791 1.97657 1.38152 1.37599 1.3339 1.24663 1.23723 1.19908 1.10792 1.08691 1.06721 1.04977 1.04653 1.03944
threshold=0.82694086432456981 0.26118339598178869 -1.0429430603981016 -0.01348631316795945 0.56417387723922741 0.3024504035711289 -0.67153990268707264 1.0000000180025095e-35 -1.6757040023803709 -0.13390543684363362 2.0607353448867802 0.90947490930557262 1.0000000180025095e-35 1.2675660848617556 1.3075019121170046 -1.0432220101356504 -0.35959677398204798 -0.27972511947154993 -0.13329377770423886 -1.373079180717468 -1.4143462181091306 0.63436147570610057 0.52254116535186779 0.56712579727172863 -1.5243915915489195 1.2065384984016421 1.102054297924042 -1.1667441129684446 -1.249278128147125 0.21460897475481036 0.21991638094186786 1.5204929709434511 -1.3868348598480222 0.86189281940460216 1.4984139800071719 0.5500524938106538 1.0000000180025095e-35 1.6935482025146487 1.1708326339721682 1.4539332389831545 0.65493208169937145 1.1295656561851504 -0.32913015782833094 0.10987100377678873 0.30122427642345434 0.32287797331810003 0.46390463411808019 -1.2740830183029173 1.5204929709434511 -1.0704543590545652 -0.3694873303174972 0.21707098931074145 0.3299617618322373 -0.63027289509773243 0.7994295358657838 -0.43655125796794886 0.78430870175361644 0.34453167021274572 0.97825327515602123 0.041092643514275558 1.6802362799644472 0.20616070926189425 -1.6894596219062803 -0.52384456992149342 -0.57167378067970265 -1.1776555180549619 0.44000713527202612 0.49502982199192053 -0.23978930711746213 -1.4556132555007932 -0.16768633574247357 0.67562848329544078 -1.0291873812675474 -0.69905126094818104 0.24742772430181506 1.6536123752593996 1.0766730904579165 0.67948076128959667 0.41249577701091772 0.23626267164945605 -0.61651721596717823 1.4139974117279055 1.3873735666275027 0.65399897098541271 0.25791636854410177 0.17130158096551898 -1.365804076194763 0.82774528861045849 -0.32913015782833094 0.23319111764431003 -0.95315605401992787 -0.31966094672679896 0.82774528861045849 0.66187280416488659 -0.63923451304435719 0.47096353769302374 -0.9518354833126067 -0.94665333628654469 -0.89163067936897267 1.0745429992675783 0.89571923017501842 -0.46971046924591059 0.63228118419647228 0.46751846373081213 -0.032564855180680745 -0.34271475672721857 0.67571672797203075 0.1279941909015179 0.19295527786016467 0.52368924021720897 0.65399897098541271
decision_type=2 2 2 2 2 2 2 2 2 2 2 2 2 2 2 2 2 2 2 2 2 2 2 2 2 2 2 2 2 2 2 2 2 2 2 2 2 2 2 2 2 2 2 2 2 2 2 2 2 2 2 2 2 2 2 2 2 2 2 2 2 2 2 2 2 2 2 2 2 2 2 2 2 2 2 2 2 2 2 2 2 2 2 2 2 2 2 2 2 2 2 2 2 2 2 2 2 2 2 2 2 2 2 2 2 2 2 2 2 2 2
left_child=1 2 8 6 13 23 72 15 62 19 11 100 24 38 44 33 46 40 79 20 55 22 50 -3 45 26 58 28 101 36 43 -27 84 65 48 -24 80 41 -2 76 91 -12 105 59 92 -11 47 -9 -28 -29 52 110 89 -38 71 -10 57 -36 86 -5 75 -45 104 64 94 -8 78 103 -65 70 109 93 -4 96 -32 77 81 -43 -53 102 -17 82 -16 -83 -22 -69 -13 90 -66 -7 -73 -18 -15 -23 -31 -55 -74 -98 107 -60 -6 -21 -19 -68 -1 -14 -56 -99 -37 -57 -52
right_child=4 5 3 30 10 21 7 16 9 12 37 25 42 14 39 29 17 18 -20 27 32 54 35 -25 -26 31 34 49 -30 63 74 -33 -34 -35 56 108 53 -39 -40 -41 -42 60 -44 61 -46 -47 -48 -49 -50 -51 51 66 -54 95 106 69 -58 -59 99 -61 -62 -63 -64 68 88 -67 67 85 -70 -71 -72 87 73 -75 -76 -77 -78 -79 -80 -81 -82 83 -84 -85 -86 -87 -88 -89 -90 -91 -92 -93 -94 -95 -96 -97 97 98 -100 -101 -102 -103 -104 -105 -106 -107 -108 -109 -110 -111 -112
leaf_value=0.012808906771242618 -0.0011145901968120599 -0.1411301068284295 0.0056402488048964495 0.048199191770770339 0.019388882409442556 -0.02662145306958872 -0.01510303200263044 -0.013473537753025691 -0.046143518353346735 -0.10433367221128374 0.034904758288310127 0.038498024919698406 -0.026094101200855913 -0.047101130508459536 0.003222810061834753 -0.036840819354568212 0.033993115133427558 -0.028154568087596161 0.015527182430184137 -0.020279494477707206 -0.087127765106118249 -0.02328877235358616 -0.086313796461674211 -0.07625290016795315 -0.039103659468929512 0.034234417515232207 0.029115950737921698 -0.03553401429578662 0.0053700861311517661 0.0049396765185520056 0.023962830169634387 0.074204968533256574 -0.053231211751699453 -0.027208368528273796 -0.0089599892403930438 -0.06356172230508593 -0.080574403454860055 0.046907918334007266 0.034397941481275777 0.032188372117168504 0.011188873985933292 -0.012039651942905039 -0.054734146775621363 0.057326466422908166 -0.024762736447155476 -0.07197309386730194 -0.03231772396600608 0.014340486646526391 0.060541434940837684 -0.014389773058231737 -0.061941419693888458 -0.032136436133849915 -0.0084302334221458795 -0.035300358349368691 -0.00078346547153260973 -0.012955588505137712 0.03614125449169913 0.025022345463580949 0.06579776470808639 0.032003070581966726 0.020682414962599677 0.032716149908881033 -0.005210329732757861 -0.043443416344358568 -0.028132228974414909 0.011533432039336216 -0.035660936507311738 -0.037678931724457521 -0.023912335176076466 -0.027512186579406264 -0.029912929762812224 -0.024186680602784061 0.02491775260632749 0.011044330162103058 0.0042442776821553707 -0.018106639604358113 -0.006608618096797728 0.0087385501685168822 -0.016757246649317575 -0.0076587943906157186 -0.01700442365756066 0.0094597392422812333 0.024528079652892693 -0.0098547674989437357 -0.1223312335629617 -0.018339435998350383 0.053096194048919299 -0.02231848199984857 -0.05007255236533556 -0.045324353098869327 -0.035782422382437007 0.047537056838764864 -0.069838720175527766 -0.0085087483083563197 -0.010259942988981493 -0.055099865812502924 0.028938451409339906 0.0030579256010241809 0.021810222543570974 0.052005712475095479 0.03211768886138653 -0.031715010862578365 -0.012971321380008822 -0.04874725202719371 0.025158102869987486 -0.010240674616190895 -0.014677576288100212 0.015074059027173218 -0.050627422297564076 -0.0033297364053356906 -0.042113471740768071
leaf_weight=39 31 43 29 109 142 33 22 149 25 83 25 42 20 25 124 27 46 51 239 205 22 52 56 42 36 46 52 199 174 41 54 238 27 61 39 44 35 24 160 52 36 23 32 195 32 49 32 71 41 60 48 40 58 20 26 79 22 33 193 141 23 30 27 46 22 96 54 20 66 79 33 48 427 60 29 33 39 33 56 28 28 34 55 33 30 39 100 55 21 24 141 84 30 27 24 60 53 27 108 48 28 33 22 59 49 28 30 62 126 45 20
leaf_count=39 31 43 29 109 142 33 22 149 25 83 25 42 20 25 124 27 46 51 239 205 22 52 56 42 36 46 52 199 174 41 54 238 27 61 39 44 35 24 160 52 36 23 32 195 32 49 32 71 41 60 48 40 58 20 26 79 22 33 193 141 23 30 27 46 22 96 54 20 66 79 33 48 427 60 29 33 39 33 56 28 28 34 55 33 30 39 100 55 21 24 141 84 30 27 24 60 53 27 108 48 28 33 22 59 49 28 30 62 126 45 20
internal_value=-2.67644e-05 -0.0111194 -0.00227318 0.0116438 0.0317976 -0.0422961 0.00350402 -0.00688673 -0.0291135 -0.0330599 0.0444838 0.04955 -0.0661072 0.00732093 -0.00233578 -0.0261139 0.00756173 0.0153735 0.00510862 -0.024896 -0.0378124 -0.0367205 -0.0432873 -0.110333 -0.0817131 0.0550698 0.0485826 -0.0183046 -0.0104507 -0.0357273 0.0421142 0.0678737 -0.0910835 -0.00508636 0.0287739 -0.0625984 -0.0498699 0.0121551 0.0286583 0.00950915 0.0362414 0.00577127 -0.0327306 0.0464213 -0.0478045 -0.0929525 -0.00812253 -0.00447292 0.0434669 -0.0307099 -0.0334932 -0.0373985 -0.0218588 -0.0603714 -0.0249074 -0.0214021 0.0139327 0.00674466 0.0581541 0.0392285 -0.000983086 0.0542044 0.0140032 -0.0246228 -0.0164924 0.00648213 -0.0322817 -0.0370579 -0.0322475 -0.0185976 -0.0139662 -0.0277427 0.0214902 0.0221054 0.0172058 -0.00674963 0.0052731 0.000143141 -0.0234305 -0.0194557 -0.0272263 0.00717592 0.00986902 -5.84003e-05 -0.109362 -0.0254139 0.0490778 -0.0306779 -0.0397418 -0.035142 -0.0329803 0.0430407 -0.0605291 -0.0184069 -0.000742912 -0.0506469 0.023068 0.0198218 0.0172354 0.0632771 0.021661 -0.0219912 -0.0238159 -0.0428613 0.0198906 -0.017244 -0.00835366 0.0115032 -0.0543273 -0.00951692 -0.0568045
internal_weight=6966 5166 4025 2651 1800 1141 2093 1327 1374 1259 1185 1024 248 615 424 569 758 506 340 1011 340 1056 677 85 168 854 570 671 412 390 558 284 79 179 187 226 170 161 191 337 166 137 80 475 87 132 252 220 93 259 451 336 115 115 379 261 94 72 383 250 112 225 115 220 108 118 268 172 112 236 157 323 766 737 83 89 285 56 96 101 55 246 179 67 52 59 142 244 43 57 189 130 55 79 65 80 677 250 197 241 170 238 73 113 88 48 56 89 170 124 68
internal_count=6966 5166 4025 2651 1800 1141 2093 1327 1374 1259 1185 1024 248 615 424 569 758 506 340 1011 340 1056 677 85 168 854 570 671 412 390 558 284 79 179 187 226 170 161 191 337 166 137 80 475 87 132 252 220 93 259 451 336 115 115 379 261 94 72 383 250 112 225 115 220 108 118 268 172 112 236 157 323 766 737 83 89 285 56 96 101 55 246 179 67 52 59 142 244 43 57 189 130 55 79 65 80 677 250 197 241 170 238 73 113 88 48 56 89 170 124 68
is_linear=0
shrinkage=0.05


Tree=4
num_leaves=112
num_cat=0
split_feature=9 9 9 9 8 9 9 1 9 9 9 9 3 9 9 9 9 9 0 4 9 9 9 1 9 9 2 9 9 9 9 9 9 9 6 9 9 9 9 9 9 6 9 6 0 9 9 3 5 0 9 9 9 4 9 9 9 6 9 6 4 3 9 9 9 3 9 3 3 2 2 9 6 2 9 9 9 9 1 1 2 0 2 9 9 1 5 9 2 2 9 9 9 9 0 9 9 2 3 2 9 9 0 2 9 4 2 2 2 2 6
split_gain=936.56 498.597 564.252 239.601 174.608 154.54 141.325 120.391 82.4448 132.554 61.9128 89.7195 55.4994 68.7745 52.2722 61.7568 44.7804 54.9986 42.1705 38.4912 33.106 36.4329 34.8781 32.6763 30.9382 32.7684 29.8665 27.8974 44.0628 22.7495 41.3345 21.0209 20.8536 27.9029 18.3761 17.3265 15.877 13.5302 13.3047 13.1196 12.7709 12.6828 11.7361 11.448 9.99147 9.84411 9.25811 9.15756 8.9292 8.58204 7.81661 13.1868 6.75028 6.52049 6.34658 5.03346 4.96732 4.90882 4.79413 4.42885 4.42203 4.38099 4.17191 4.0667 3.84084 3.76814 3.7391 3.71849 3.65132 3.6333 3.62615 3.2767 4.96567 2.96024 2.86514 2.69897 2.4939 3.27642 2.47714 4.1935 3.53797 2.25894 2.2148 2.1487 2.81451 2.08358 3.36302 2.05653 1.85849 1.67832 1.66313 2.24301 1.56087 1.39226 1.35904 1.34839 1.26349 1.21986 1.19049 1.17655 1.15449 1.4907 1.27025 1.12944 1.09458 1.0721 1.04765 1.04708 1.04332 0.962585 0.953079
threshold=0.82694086432456981 0.26118339598178869 -1.0429430603981016 -0.01348631316795945 0.40732413530349737 0.3024504035711289 -0.67153990268707264 1.0000000180025095e-35 -1.6757040023803709 -1.6344369649887083 -1.373079180717468 -1.4143462181091306 2.0607353448867802 1.5338048934936526 1.2675660848617556 1.3075019121170046 1.102054297924042 0.90947490930557262 0.30122427642345434 -0.13390543684363362 -0.35959677398204798 -0.27972511947154993 -0.13329377770423886 1.0000000180025095e-35 -0.63027289509773243 -0.41284452378749842 0.58884355425834667 0.63436147570610057 0.52254116535186779 1.6403004527091982 1.6935482025146487 0.20616070926189425 -1.1667441129684446 -1.249278128147125 -0.39720386266708368 -1.3868348598480222 -1.5243915915489195 1.6935482025146487 0.12362667545676233 -0.25310124456882471 0.5500524938106538 0.10028097406029703 1.4539332389831545 1.2196152210235598 0.36618536710739141 1.1295656561851504 0.39874011278152471 0.65493208169937145 -1.2030172944068906 0.32287797331810003 -0.399532601237297 -0.50647184252738942 -1.0704543590545652 1.1456176638603213 0.81318518519401561 0.44000713527202612 0.97825327515602123 -1.7030923366546629 -1.5106359124183653 0.53557908535003673 -0.67232638597488392 -1.5943564176559446 -1.6894596219062803 0.041092643514275558 -1.4556132555007932 0.79551240801811229 1.3873735666275027 -0.75087112188339222 -0.32913015782833094 -0.1712960675358772 0.17619657516479495 1.6802362799644472 1.5927295684814455 0.76258990168571483 -0.61651721596717823 0.67562848329544078 -1.0154317021369932 -0.96040901541709889 0.94300961494445812 1.2065384984016421 0.63228118419647228 0.23626267164945605 0.80602750182151806 -0.89163067936897267 -0.71280694007873524 0.67948076128959667 1.6371585130691531 1.5204929709434511 0.69743552803993236 0.80602750182151806 -0.78158527612686146 -0.83660796284675587 -0.93289768695831288 0.66187280416488659 0.19295527786016467 1.0745429992675783 0.10987100377678873 -0.21473368257284162 1.4984139800071719 -1.3440858125686643 -0.11998183652758597 -0.080046016722917543 0.27957032620906835 -0.12786052748560903 0.85445222258567821 -0.032564855180680745 0.71915432810783397 0.78430870175361644 0.58884355425834667 -1.6481418609619138 0.10028097406029703
decision_type=2 2 2 2 2 2 2 2 2 2 2 2 2 2 2 2 2 2 2 2 2 2 2 2 2 2 2 2 2 2 2 2 2 2 2 2 2 2 2 2 2 2 2 2 2 2 2 2 2 2 2 2 2 2 2 2 2 2 2 2 2 2 2 2 2 2 2 2 2 2 2 2 2 2 2 2 2 2 2 2 2 2 2 2 2 2 2 2 2 2 2 2 2 2 2 2 2 2 2 2 2 2 2 2 2 2 2 2 2 2 2
left_child=1 2 8 6 14 26 76 18 62 44 11 19 13 16 53 49 17 104 24 57 50 47 -23 36 69 48 -3 28 41 -15 -31 38 33 -12 60 81 70 45 63 -27 -30 88 43 98 -10 -14 67 -22 74 82 51 -9 -34 -2 75 -48 99 -11 61 -57 -20 -59 105 -5 -60 110 107 -43 -25 -8 -21 72 85 -55 -26 93 -4 -78 -45 -80 -81 -13 -16 92 90 -47 -87 103 -7 97 91 -85 -79 -29 -61 109 -65 -77 -18 -19 -24 -102 -103 -44 -6 -1 -42 -17 -67 -58 -33
right_child=4 5 3 31 12 27 7 20 9 10 32 35 37 29 15 66 42 56 34 23 21 22 100 68 25 39 -28 54 40 30 -32 65 52 -35 -36 -37 -38 -39 -40 -41 106 46 87 78 -46 71 55 -49 -50 -51 -52 -53 -54 73 -56 59 95 58 64 94 -62 -63 -64 96 -66 108 -68 -69 -70 -71 -72 -73 -74 -75 -76 89 77 83 79 80 -82 -83 -84 84 -86 86 -88 -89 -90 -91 -92 -93 -94 -95 -96 -97 -98 -99 -100 -101 101 102 -104 -105 -106 -107 -108 -109 -110 -111 -112
leaf_value=0.012105977458413691 0.031143327373446841 -0.13354593912760418 0.010088193045904567 0.04561551305754432 0.014577445015311241 -0.0072766003374685993 -0.044924999544253719 -0.012957239461441837 -0.10387437545484113 -0.0011784566273646696 -0.021126328784829149 -0.082419031858444222 0.034572174612964905 0.072441923980777326 -0.041748570757252829 -0.0014914744109082677 0.037792141096932547 0.036191798618861612 0.010475285602477166 -0.059607545392853879 0.040078274202346803 -0.019725181026311191 0.0053177825920283795 -0.014970034207217396 -0.029794899890056029 -0.052887921701086332 -0.070418393130346049 -0.022140030948252516 -0.080481839712177011 -0.0028309250250458718 0.067631795363766817 0.015474255223359382 -0.033635110725452631 0.0049461728067784439 -0.026177759147607366 -0.051721002521186048 -0.041296834662193208 0.045047462911441412 0.056382737580887576 -0.026330790882653526 -0.047381797214520391 -0.056345522355648783 0.038504472167955509 -0.0079166021484595086 -0.058426902646368198 -0.0088225595055795893 -0.019331522402634107 0.010092072684646529 0.012109824740003015 -0.017919536619244711 -0.031377802547649485 0.013651427623829735 -0.012796157551929355 -0.0025399187221550028 -0.0013127850741147997 -0.040040460446985754 0.046116318021501818 -0.020769802577072574 -0.010488563207621426 -0.029141635500958992 -0.014144624329426073 -0.050373551905155182 -0.0047517521232366567 0.030094912508837612 -0.025568861089929753 0.033124130751405446 0.017009126918636402 -0.036745780102651691 -0.039050264954566954 -0.073206547444516976 -0.093204715847969064 0.018460648910452924 -0.021484797116369012 0.021701565131545069 -0.0095807913613195229 -0.025043348591011691 0.029223661344984303 0.020565307419747117 0.026010984874197413 0.013769243073294916 -0.0067679651037213353 -0.11542032133130467 -0.065533925547744287 0.025426098420820404 0.012734603870478346 0.020689702661766205 -0.0030958008316035075 0.046719971740687337 -0.022942644916474821 -0.02116649919547714 0.027610060276866362 0.015103841764209544 0.0094945374828572567 -0.008450713248983506 -0.01187109670912226 0.049630849719047548 0.043165997167428333 -0.033988555490730273 0.023520338369001234 0.050382404397892704 0.021431788602887199 0.0098773159388275376 0.021276241113596106 0.026601739373710964 0.023835188615145071 0.023997077183878942 -0.059396034816526028 0.0069118736264437951 0.017538186978726163 0.064476751287778231 0.0013152059506286275
leaf_weight=39 131 44 56 115 57 50 25 152 61 34 259 25 27 221 27 99 34 34 108 20 124 101 29 49 25 93 40 57 55 33 55 27 189 169 64 28 40 28 166 100 115 61 35 25 21 22 82 33 42 22 31 66 51 25 29 122 20 30 96 27 21 24 24 138 78 41 52 57 24 43 42 23 24 24 59 82 114 55 27 41 41 33 32 112 81 29 29 26 31 77 147 112 82 30 23 49 29 123 41 92 85 104 33 96 100 45 52 58 20 179 21
leaf_count=39 131 44 56 115 57 50 25 152 61 34 259 25 27 221 27 99 34 34 108 20 124 101 29 49 25 93 40 57 55 33 55 27 189 169 64 28 40 28 166 100 115 61 35 25 21 22 82 33 42 22 31 66 51 25 29 122 20 30 96 27 21 24 24 138 78 41 52 57 24 43 42 23 24 24 59 82 114 55 27 41 41 33 32 112 81 29 29 26 31 77 147 112 82 30 23 49 29 123 41 92 85 104 33 96 100 45 52 58 20 179 21
internal_value=0.000152489 -0.0107497 -0.00244925 0.0110379 0.0306069 -0.0396701 0.00328806 -0.00648806 -0.028358 -0.0319153 -0.0276296 -0.0405083 0.0395209 0.0434045 0.00425441 -0.00887832 0.0363207 0.0456032 -0.023614 -0.0311855 0.00663007 0.0139297 0.00496093 -0.0493039 -0.0331155 -0.0264365 -0.104667 -0.034489 -0.0406976 0.0637846 0.0414734 0.0401563 -0.0175008 -0.0108438 -0.00448933 -0.0869781 -0.0675022 0.0136898 0.0449565 -0.0393344 -0.0589743 -0.0316306 0.0227659 0.014891 -0.0930796 0.00773455 -0.0355363 0.0338792 -0.00652592 -0.0456552 -0.00828761 -0.00487585 -0.0292783 0.0253449 -0.0238838 -0.029923 0.0560215 -0.0189421 -0.0215744 -0.0348315 0.00638942 -0.0346037 0.0134799 0.038055 -0.0173562 0.0201975 0.00552446 -0.0472662 -0.0233075 -0.0636107 -0.0834851 0.00180339 -0.00202116 0.00953002 -0.0158766 -0.0256494 0.0205077 0.0213222 0.00604837 0.00929419 0.00354282 -0.102834 -0.0555263 0.019746 0.0214358 0.00401109 0.00894605 0.0330884 -0.0134789 -0.0280713 0.0232962 0.020355 0.0140558 -0.0175692 -0.0215857 0.0604651 0.0326082 -0.0305494 0.0304024 0.0468683 0.0149332 0.0161598 0.0127573 0.0300495 0.0205876 0.0186836 -0.051454 0.00163704 0.0283793 0.0628713 0.00943293
internal_weight=7050 5192 4035 2654 1858 1157 2097 1338 1381 1273 1191 523 1388 1206 470 290 897 531 580 437 758 509 352 175 387 319 84 1073 675 309 88 557 668 428 193 86 102 182 448 193 222 453 366 209 82 154 372 157 126 81 249 218 240 180 398 254 374 262 228 172 129 54 108 282 174 109 209 118 73 68 62 127 104 49 84 369 759 703 134 109 82 58 59 589 452 80 58 157 81 282 371 224 137 87 50 248 167 205 75 126 251 222 137 131 157 84 167 157 61 199 48
internal_count=7050 5192 4035 2654 1858 1157 2097 1338 1381 1273 1191 523 1388 1206 470 290 897 531 580 437 758 509 352 175 387 319 84 1073 675 309 88 557 668 428 193 86 102 182 448 193 222 453 366 209 82 154 372 157 126 81 249 218 240 180 398 254 374 262 228 172 129 54 108 282 174 109 209 118 73 68 62 127 104 49 84 369 759 703 134 109 82 58 59 589 452 80 58 157 81 282 371 224 137 87 50 248 167 205 75 126 251 222 137 131 157 84 167 157 61 199 48
is_linear=0
shrinkage=0.05


Tree=5
num_leaves=112
num_cat=0
split_feature=9 9 9 9 7 9 9 1 9 9 3 9 9 9 9 9 9 7 4 3 5 1 9 9 0 9 9 9 9 9 9 5 9 1 5 9 1 0 6 9 9 6 6 9 9 9 6 0 9 0 0 9 9 4 9 9 0 0 9 9 6 6 0 6 9 3 9 3 1 7 9 9 9 9 9 0 5 4 9 9 5 4 9 3 9 9 9 9 9 0 3 9 9 3 9 9 1 9 9 8 7 9 3 8 0 0 8 9 9 9 9
split_gain=843.996 435.193 511.714 208.456 176.251 130.494 123.467 123.69 71.6142 109.139 68.5989 60.1254 75.2435 51.366 42.5736 67.6972 39.6116 54.2743 36.3495 34.873 27.3533 26.6613 23.8175 41.1865 23.0515 22.6065 31.7203 20.6943 19.4318 25.5107 16.7304 15.53 14.8113 20.8058 13.9776 13.918 13.7627 13.2823 13.0538 12.8593 12.5594 12.3442 11.3328 8.96581 8.55753 7.63468 7.62191 7.58096 6.62398 6.54822 6.20192 6.16162 5.93696 5.54624 5.53447 5.3885 5.27489 4.75634 4.69243 4.60016 4.3104 4.16685 4.16309 4.12179 3.60275 4.15236 4.08291 3.35573 3.63116 3.13149 3.07481 3.0476 2.7873 2.72158 6.90769 2.68883 2.37381 2.3139 2.31192 2.37133 2.2087 2.12159 1.98081 2.00824 1.82432 1.77751 1.70135 2.91852 2.32972 1.57708 1.52788 1.4988 1.35485 1.34891 1.34369 1.24743 1.1783 1.15358 1.11677 1.09309 1.02799 0.991425 0.98779 0.931994 0.888499 0.875541 0.852653 0.849838 0.823617 0.822971 0.791498
threshold=0.82694086432456981 0.26118339598178869 -1.0429430603981016 -0.01348631316795945 0.54746168851852428 0.3024504035711289 -0.67153990268707264 1.0000000180025095e-35 -1.6757040023803709 -1.6344369649887083 1.9201549887657168 -1.373079180717468 -1.4143462181091306 0.90947490930557262 1.2675660848617556 1.3075019121170046 -0.63027289509773243 0.41377100348472601 -0.13390543684363362 -1.0320318043231962 -1.2338887453079221 0.1524230241775513 0.63436147570610057 0.52254116535186779 0.30122427642345434 1.5338048934936526 1.102054297924042 0.21991638094186786 -1.1667441129684446 -1.249278128147125 -1.3868348598480222 1.8532593846321108 1.6935482025146487 0.41595189273357397 -1.2338887453079221 -0.65778425335884083 1.2065384984016421 0.25791636854410177 0.038097223732620485 -0.23978930711746213 0.5500524938106538 0.038097223732620485 -0.27283042669296259 -0.13329377770423886 1.1708326339721682 -1.6206812858581541 -0.45938761532306666 0.30122427642345434 1.4406213760375979 0.34453167021274572 0.30122427642345434 -1.0704543590545652 0.7994295358657838 -0.84053975343704213 -0.33297289907932276 0.97825327515602123 0.34453167021274572 0.25791636854410177 1.4539332389831545 -1.6894596219062803 0.34902189671993261 0.16246472299098971 0.30122427642345434 -1.7030923366546629 -1.5106359124183653 -1.7349367737770078 -1.4556132555007932 -0.32913015782833094 1.2065384984016421 0.71457675099372875 0.67562848329544078 0.027336971834301952 -0.61651721596717823 1.4139974117279055 1.3873735666275027 0.23626267164945605 -0.64733111858367909 0.20321029424667361 -1.0291873812675474 -0.71280694007873524 0.18619880080223086 1.1456176638603213 0.44000713527202612 -0.61029079556465138 1.102054297924042 1.5204929709434511 -0.78158527612686146 -0.94665333628654469 -0.90538632869720448 0.27957032620906835 -0.61029079556465138 -0.83660796284675587 0.7719181776046754 1.0000000180025095e-35 1.6403004527091982 -0.93289768695831288 -0.63816359639167775 0.89571923017501842 0.66187280416488659 0.38459731638431555 -0.93985486030578602 0.81318518519401561 1.0766730904579165 -1.2927647233009336 0.19295527786016467 0.45280016958713537 1.3028275966644289 0.23367205262184146 -0.89163067936897267 0.93698623776435863 -0.14660571515560147
decision_type=2 2 2 2 2 2 2 2 2 2 2 2 2 2 2 2 2 2 2 2 2 2 2 2 2 2 2 2 2 2 2 2 2 2 2 2 2 2 2 2 2 2 2 2 2 2 2 2 2 2 2 2 2 2 2 2 2 2 2 2 2 2 2 2 2 2 2 2 2 2 2 2 2 2 2 2 2 2 2 2 2 2 2 2 2 2 2 2 2 2 2 2 2 2 2 2 2 2 2 2 2 2 2 2 2 2 2 2 2 2 2
left_child=1 2 8 6 14 24 78 16 59 49 13 12 18 97 44 47 35 34 63 56 -9 37 23 41 -3 26 55 38 29 -13 75 94 33 84 72 -8 -33 43 71 57 -25 -7 54 46 -2 -21 -22 -16 73 -10 -39 -30 70 -52 -23 109 -20 -19 89 105 67 107 69 -11 65 -65 -66 68 80 -35 98 -5 -18 74 102 -14 -47 -69 -4 86 -43 -64 -62 -84 -12 -60 87 90 95 -28 -80 108 96 -37 -27 -89 -72 -6 -24 100 -36 -54 -17 -68 -42 -1 -71 -29 -90 -15 -48
right_child=4 5 3 27 10 22 7 20 9 11 32 28 30 25 15 48 17 39 19 45 21 42 52 40 -26 31 58 61 51 -31 -32 36 -34 62 99 93 -38 50 -40 -41 104 60 -44 -45 -46 76 110 -49 -50 -51 53 -53 101 -55 -56 -57 -58 -59 85 -61 82 -63 81 64 66 -67 103 77 -70 106 92 -73 -74 -75 -76 -77 -78 -79 79 -81 -82 -83 83 -85 -86 -87 -88 88 91 -91 -92 -93 -94 -95 -96 -97 -98 -99 -100 -101 -102 -103 -104 -105 -106 -107 -108 -109 -110 -111 -112
leaf_value=0.010852646771253962 0.00010073880132819927 -0.073402713787315096 0.0048915859819057272 0.044239403141869443 0.017679903696736565 -0.0062482495655250903 -0.02496646800367483 -0.011784245411321621 -0.099954975469439641 -0.0016095125494757668 0.048168980702757838 -0.020322945612346436 -0.077627391081589919 0.037772971043984097 -0.054909018244383469 0.0035264611985349591 -0.028657892612474308 -0.049393810200340615 -0.083865089749223465 -0.052894543684445898 0.0052024278336037432 0.015610222045231509 -0.020697218616460934 -0.076873898203090096 -0.13153323496089261 0.068905252384585003 0.0068001668660144787 0.014021878184810764 -0.031762334961799824 0.0048844511264606438 -0.048414753079414369 0.0024939956187847116 0.047363633188334385 0.0054162748221477331 0.0017836861241527875 -0.052596890358697801 0.058783993683755399 0.03116354254575876 0.053319798482627405 -0.02230996583797494 -0.057513394951820375 -0.053127062266523188 0.014043584812159947 0.011430245094622177 0.03050881995831007 -0.015088337018046176 -0.023574173092952393 -0.021177231384042122 0.023370503011074933 -0.063031313595948393 -0.012738094728440048 -0.012392569709230554 -0.013915430443982283 0.018941480510177151 0.039206706156435706 0.0578426443911218 -0.051861345767974854 -0.024641657612238337 0.028625391969054018 -0.0047833049495238818 -0.012621418468188495 -0.0043920033357360147 0.019334189106532569 -0.015371177764609457 -0.010161843731215127 -0.044220520870294426 -0.03417496497814472 -0.024830107706672464 -0.02257998587080726 -0.017228335896506904 -0.017922263013441925 0.03204532415004431 -0.0093292256712072322 -0.0057707378610589166 0.021930095114346064 -0.11095128131635262 -0.033936358361433334 -0.040482436630286667 0.015760503580975461 0.011655443124933008 -0.038052035966127114 0.00055667684914974074 -0.019035450606606902 -0.035673255896703768 0.027958479606442984 0.04430853683373024 0.026031096162559053 0.01738388054072857 0.014197536814829399 0.023648346046468729 0.027706213018228842 0.014481012054095303 -0.035283031742103767 -0.077322285539574098 0.051386006471925774 0.0044978754206870999 -0.02803122359573057 0.029369781243390056 -0.0079489554278552536 0.00014009687762994033 0.013832492371831012 -0.00068216126944337574 -0.0060428983422324938 -0.021260094877920653 -0.045191704623462746 0.0221612431264172 -0.0040333097778438107 0.026416226021117636 0.024803674731541565 0.048402739598833289 -0.012064606759425563
leaf_weight=32 27 47 27 80 137 50 28 148 50 31 23 245 25 59 52 130 27 101 50 25 38 36 57 58 33 214 31 30 198 169 29 20 32 43 22 20 23 38 163 146 39 54 204 47 161 57 75 27 54 26 24 54 29 30 96 230 27 28 96 31 31 21 37 23 94 31 25 94 26 34 45 225 61 53 55 32 25 37 40 80 81 25 39 43 35 28 143 29 28 26 128 108 60 35 28 53 151 28 27 25 97 27 33 56 120 47 20 35 107 86 23
leaf_count=32 27 47 27 80 137 50 28 148 50 31 23 245 25 59 52 130 27 101 50 25 38 36 57 58 33 214 31 30 198 169 29 20 32 43 22 20 23 38 163 146 39 54 204 47 161 57 75 27 54 26 24 54 29 30 96 230 27 28 96 31 31 21 37 23 94 31 25 94 26 34 45 225 61 53 55 32 25 37 40 80 81 25 39 43 35 28 143 29 28 26 128 108 60 35 28 53 151 28 27 25 97 27 33 56 120 47 20 35 107 86 23
internal_value=7.41244e-05 -0.0102804 -0.00253712 0.010342 0.0290813 -0.0374234 0.00311336 -0.00590141 -0.0271854 -0.0305312 0.0396829 -0.0267892 -0.0393509 0.0454979 0.0065775 -0.00257973 -0.0230543 -0.017742 -0.0309285 -0.0479025 0.00744498 0.0121144 -0.0327446 -0.0384948 -0.0987094 0.0505045 0.0444467 0.037584 -0.0167487 -0.010046 -0.0819787 0.0621259 0.0161014 0.0112952 8.33415e-05 -0.0549067 0.0332543 0.000559675 0.0417273 -0.0327259 -0.0564417 -0.0298305 0.0215417 -0.00722631 0.0261653 -0.0290067 -0.0137102 -0.0437893 0.00754095 -0.0883058 0.0159582 -0.0276771 -0.0229144 0.00488606 0.0329371 0.0527635 -0.0734518 -0.0442521 0.0270204 0.0114307 -0.0327193 0.0148165 0.00187374 -0.0187786 -0.0210857 -0.0324357 -0.017419 -0.0360038 -0.0410612 -0.00458546 -0.0253972 0.0353779 -0.015515 0.0043124 0.00677896 -0.0979259 -0.0211743 -0.0295242 0.0194666 0.0200087 -0.0444283 0.0118916 -0.0239906 -0.0280848 0.0366536 0.0324929 0.0210394 0.0195418 0.0166667 0.0147605 0.0249721 0.0191351 -0.0281612 -0.069431 0.067098 0.00920966 -0.025813 0.0198286 -0.0167413 0.00965691 0.0116384 -0.00765901 0.00156407 -0.0256143 -0.0485546 0.0177735 -0.0125035 0.0209949 0.0227245 0.0443659 -0.0210221
internal_weight=7023 5176 4028 2646 1847 1148 2092 1349 1382 1272 1255 1196 530 1006 592 404 590 507 444 184 759 611 1068 672 80 841 556 554 666 414 86 285 249 217 232 83 43 275 468 275 217 455 336 183 188 107 136 79 325 76 92 252 396 54 132 375 77 129 181 110 405 86 159 260 229 54 175 292 161 97 340 305 88 271 218 57 82 131 743 716 135 62 113 82 58 124 636 493 325 57 168 243 256 55 242 82 196 165 84 144 119 56 163 81 159 79 54 65 135 145 98
internal_count=7023 5176 4028 2646 1847 1148 2092 1349 1382 1272 1255 1196 530 1006 592 404 590 507 444 184 759 611 1068 672 80 841 556 554 666 414 86 285 249 217 232 83 43 275 468 275 217 455 336 183 188 107 136 79 325 76 92 252 396 54 132 375 77 129 181 110 405 86 159 260 229 54 175 292 161 97 340 305 88 271 218 57 82 131 743 716 135 62 113 82 58 124 636 493 325 57 168 243 256 55 242 82 196 165 84 144 119 56 163 81 159 79 54 65 135 145 98
is_linear=0
shrinkage=0.05


Tree=6
num_leaves=112
num_cat=0
split_feature=9 9 9 9 7 9 9 1 9 9 3 9 9 9 9 9 4 4 3 9 9 9 9 9 9 9 9 9 5 2 4 8 2 9 9 1 9 6 6 9 5 2 9 3 6 6 9 2 7 4 3 7 7 9 9 1 9 2 2 6 9 6 4 9 9 3 3 6 1 9 9 9 9 9 9 9 9 9 3 2 9 9 3 9 9 9 2 9 9 3 4 9 6 7 2 2 2 2 8 9 9 2 9 1 9 2 9 9 2 9 2
split_gain=751.247 405.21 463.904 198.418 157.819 130.752 113.455 100.966 68.8032 108.482 62.6192 49.581 46.7548 67.7374 41.4925 57.4763 36.5405 32.9712 29.4523 24.7829 29.6095 26.0159 22.689 29.2498 22.6708 37.9048 18.6242 17.8081 23.9585 17.7621 16.7384 15.0006 14.0799 13.9772 12.7319 18.6325 11.4693 11.3393 10.5902 10.1706 9.43423 7.99919 7.88543 7.85195 7.63401 7.0251 6.74763 6.40084 5.47953 5.37584 5.33425 5.28397 10.7268 5.1432 5.10358 4.80101 4.5672 4.45552 5.68634 3.87781 3.78594 3.61063 3.50074 3.48233 3.33659 3.27667 3.08716 3.00974 3.00801 2.8796 2.87675 2.66482 2.45181 4.69718 2.30734 2.36819 2.09265 2.00994 1.74582 1.62628 1.61241 1.5874 1.55677 1.44628 1.4053 4.94975 2.15313 1.30678 2.37613 1.71915 1.28108 1.2638 1.205 1.20208 1.19514 1.17583 1.17515 1.17096 1.1515 1.14958 1.14641 1.1011 1.04943 1.00656 0.973065 0.950241 0.942247 1.06668 0.93987 0.900804 0.880471
threshold=0.82694086432456981 0.26118339598178869 -1.0429430603981016 -0.01348631316795945 0.54746168851852428 0.3024504035711289 -0.67153990268707264 1.0000000180025095e-35 -1.6757040023803709 -1.6344369649887083 1.9201549887657168 0.90947490930557262 -1.373079180717468 -1.4143462181091306 1.2675660848617556 1.3075019121170046 -1.0432220101356504 -0.13390543684363362 -1.0320318043231962 -0.35959677398204798 -0.27972511947154993 -0.13329377770423886 1.5338048934936526 1.102054297924042 0.63436147570610057 0.52254116535186779 0.21991638094186786 -0.63027289509773243 -0.61645966768264759 0.56712579727172863 -0.57167378067970265 0.86189281940460216 0.13275895640254023 -0.65778425335884083 1.6935482025146487 0.41595189273357397 0.5500524938106538 0.038097223732620485 0.10028097406029703 -0.23978930711746213 1.8841308355331423 0.26306973397731787 1.1708326339721682 0.65493208169937145 -1.7652760744094846 -1.0190532207489011 0.39874011278152471 0.80602750182151806 -1.5247541666030882 -0.94188034534454335 -0.18854984268546102 0.46390463411808019 -1.2740830183029173 1.4539332389831545 0.7994295358657838 0.94300961494445812 0.97825327515602123 0.87118187546730053 1.0000000180025095e-35 0.16246472299098971 0.44000713527202612 -1.7030923366546629 -1.1776555180549619 -1.5106359124183653 -1.4556132555007932 -0.75087112188339222 -1.5943564176559446 0.53557908535003673 1.0000000180025095e-35 -1.6894596219062803 0.68938416242599498 0.027336971834301952 -1.2630338072776792 -1.1667441129684446 -1.0291873812675474 -0.69905126094818104 1.5204929709434511 -1.0842100381851194 1.0766730904579165 0.69743552803993236 -0.61651721596717823 1.102054297924042 1.0000000180025095e-35 -1.2767894864082334 1.4139974117279055 1.3873735666275027 0.65399897098541271 -0.96040901541709889 -0.89163067936897267 -0.61029079556465138 -0.40346042811870569 1.2941899895668032 1.0000000180025095e-35 -1.1069689393043516 -0.12786052748560903 0.84946307539939891 0.41509725153446203 0.30650527775287634 -1.3427647948265073 0.89571923017501842 -0.93289768695831288 0.7408721148967744 -0.31966094672679896 -0.63816359639167775 1.6403004527091982 -0.23645249009132382 -0.080046016722917543 -0.10666989907622336 0.19791434705257419 0.12362667545676233 0.78430870175361644
decision_type=2 2 2 2 2 2 2 2 2 2 2 2 2 2 2 2 2 2 2 2 2 2 2 2 2 2 2 2 2 2 2 2 2 2 2 2 2 2 2 2 2 2 2 2 2 2 2 2 2 2 2 2 2 2 2 2 2 2 2 2 2 2 2 2 2 2 2 2 2 2 2 2 2 2 2 2 2 2 2 2 2 2 2 2 2 2 2 2 2 2 2 2 2 2 2 2 2 2 2 2 2 2 2 2 2 2 2 2 2 2 2
left_child=1 2 8 6 14 29 74 16 69 44 11 99 13 17 42 47 31 61 41 51 43 -22 23 56 25 38 37 33 48 -3 49 62 -15 -18 35 81 -27 71 79 -30 104 -19 -2 102 -10 72 65 91 80 -14 68 52 -9 78 70 -25 97 58 -37 -28 -48 -11 -8 66 -65 -40 -63 -62 -20 -1 -26 -5 83 90 -4 87 -57 -47 84 -7 -29 -12 -35 -32 85 -17 -86 89 100 -76 -74 -16 108 -50 -73 -72 -51 -13 -66 -6 -89 -96 -21 -90 -24 -41 107 -94 -23 -39 -44
right_child=4 5 3 26 10 24 7 19 9 12 34 22 30 32 15 53 27 18 50 20 21 92 40 55 54 36 59 28 39 -31 45 -33 -34 82 -36 57 -38 109 46 105 -42 -43 110 -45 -46 77 60 -49 93 96 -52 -53 -54 -55 -56 76 -58 -59 -60 -61 67 63 -64 64 98 -67 -68 -69 -70 -71 95 94 73 -75 75 -77 -78 -79 -80 -81 -82 -83 -84 -85 86 -87 -88 88 103 -91 -92 -93 106 -95 101 -97 -98 -99 -100 -101 -102 -103 -104 -105 -106 -107 -108 -109 -110 -111 -112
leaf_value=0.017280923305826697 0.00028573855109113665 -0.12118604921159291 0.0044761525094509126 0.042256157454990208 0.016568195481430476 -0.0055200777228455993 -0.010812635309994221 -0.011647924390346462 -0.05239819146337963 -0.0017936259590308455 0.04482320475578308 0.036037114106897104 -0.019450896575806606 -0.10199285955042453 -0.037976367259398104 0.0029046858005585818 -0.018644960448145866 -0.049086173602512911 -0.03168039332543101 0.029104417951210687 -0.016965198714636486 0.015460867241446703 0.065391154510314478 0.0095837320294231178 -0.017459197966063506 -0.07320709400257823 0.020310185533581358 -0.025981526187172643 -0.045183157707038138 -0.069954880969598884 -0.018242981343125408 -0.023632957703537412 -0.057156384250392094 -0.049646190197571466 0.044438292458653453 0.0066892249632697067 -0.046419996083822364 0.036827041662257649 -0.051190829172469025 -0.031122670003346037 0.03380046925108348 -0.085502495244145396 0.026302956279602135 0.0095047339357228755 -0.092987053841352474 -0.031739771962726031 -0.018115774846397516 -0.059039070506890612 -0.00094532830337288253 0.0076899633879462873 -0.04359012659106936 -0.026836889526196596 0.012088704094556826 0.025385186527714588 -0.007904292101640318 0.02625595573850998 0.055128273526827504 0.012777763953324342 -0.01683563144505024 -0.0041823852299289269 -0.035877720872729515 -0.019633494221488947 0.010031159926603445 -0.0097708155244293788 -0.034265767445876484 -0.032322481830011712 -0.045059188921004537 -0.019838063564637437 -0.010030543771600129 -0.0012763231767919559 -0.029058199471910486 0.022349129007621246 -0.0081289367127122692 -0.018996573164024286 0.014141940789866365 0.0085441659907546808 0.042757086455821991 -0.014420020839442377 -0.0055248685628420825 -0.020628638719690257 -0.0097350391195859861 0.026057469951254981 -0.073909376298680038 -0.030869230216947097 0.0084309416088645395 0.021124866889473404 -0.0096394167645485144 0.018646232067392424 0.021419479929289331 0.027644283430916922 0.0057041356057831736 -0.02083218080862876 0.012840407305667479 0.014422829679789998 0.034939130621571696 -0.017453571100486443 -0.0030402096907029118 0.04761509609383506 -0.019552720629144461 0.027676305081695319 0.008960163700668251 0.024077209921144857 0.040862327618034266 0.01140704285899119 0.050733233647687094 -0.017639623681704204 0.0096850907080806795 0.026065545183856315 0.0069230638130608471 0.052355573418205736 0.035545485733814962
leaf_weight=80 27 41 29 83 141 49 24 148 20 33 24 66 30 36 23 127 24 34 27 45 100 52 212 39 116 58 65 26 114 39 190 62 45 22 31 52 171 22 56 20 34 39 110 35 63 132 85 29 32 74 34 28 69 32 58 112 224 55 49 21 117 31 105 100 20 54 22 45 41 28 191 43 33 89 35 52 27 22 37 28 40 34 33 28 33 52 31 51 352 104 32 30 30 20 154 31 38 73 63 31 84 40 75 31 34 59 31 40 91 145 52
leaf_count=80 27 41 29 83 141 49 24 148 20 33 24 66 30 36 23 127 24 34 27 45 100 52 212 39 116 58 65 26 114 39 190 62 45 22 31 52 171 22 56 20 34 39 110 35 63 132 85 29 32 74 34 28 69 32 58 112 224 55 49 21 117 31 105 100 20 54 22 45 41 28 191 43 33 89 35 52 27 22 37 28 40 34 33 28 33 52 31 51 352 104 32 30 30 20 154 31 38 73 63 31 84 40 75 31 34 59 31 40 91 145 52
internal_value=-5.83717e-06 -0.00975171 -0.00228965 0.0100174 0.027595 -0.0360633 0.00278143 -0.00596933 -0.0257203 -0.0289626 0.0376897 0.0432743 -0.0250702 -0.0362328 0.00613101 -0.00311653 -0.02157 -0.0284394 -0.045296 0.00622609 0.0126121 0.00440442 0.0483897 0.0422312 -0.0313435 -0.0370141 0.0360192 -0.030327 -0.024798 -0.0973828 -0.0162561 -0.00362442 -0.0780845 -0.0515113 0.0149712 0.0105158 -0.0534933 0.0398085 -0.0282159 -0.0356083 0.0600961 -0.069434 0.0253239 0.0306828 -0.0839468 -0.0203615 -0.0318427 -0.0401012 -0.006966 -0.00101258 -0.0275144 -0.00677887 -0.0040795 0.00670088 -0.0217803 0.0254049 0.0503897 0.00145415 -0.00477699 0.0143501 -0.0270326 -0.017346 0.0060999 -0.019504 -0.016075 -0.0423028 -0.0308265 -0.0315713 -0.0189614 0.0125022 -0.024131 0.0340673 -0.0165615 -0.011599 0.0184793 0.019045 0.0297437 -0.0293745 0.00448279 -0.0112081 -0.0164274 0.0344507 -0.0652639 -0.0199983 0.00602299 0.00828565 -0.000335528 0.0198618 0.0186076 0.0243697 -0.00133557 -0.0288376 0.013196 0.00512611 0.031034 -0.0275233 0.00405468 0.0424143 -0.0234638 0.0187186 0.0127295 0.0328345 0.0367301 0.0206409 0.0635789 -0.0213994 0.0174183 0.0206583 0.0101135 0.0505413 0.0294696
internal_weight=6980 5159 4020 2636 1821 1139 2063 1325 1384 1276 1238 993 1193 525 583 394 581 444 175 744 499 344 821 541 1059 663 573 390 311 80 668 191 81 79 245 214 229 487 434 193 280 73 189 155 83 526 357 82 118 142 102 245 217 312 396 178 363 156 101 86 247 269 129 236 183 110 53 162 68 108 338 320 372 154 738 709 139 154 280 77 66 58 55 218 243 179 64 657 518 139 65 53 244 52 237 222 112 139 83 172 135 194 120 383 246 79 101 70 143 167 162
internal_count=6980 5159 4020 2636 1821 1139 2063 1325 1384 1276 1238 993 1193 525 583 394 581 444 175 744 499 344 821 541 1059 663 573 390 311 80 668 191 81 79 245 214 229 487 434 193 280 73 189 155 83 526 357 82 118 142 102 245 217 312 396 178 363 156 101 86 247 269 129 236 183 110 53 162 68 108 338 320 372 154 738 709 139 154 280 77 66 58 55 218 243 179 64 657 518 139 65 53 244 52 237 222 112 139 83 172 135 194 120 383 246 79 101 70 143 167 162
is_linear=0
shrinkage=0.05


Tree=7
num_leaves=112
num_cat=0
split_feature=9 9 9 9 7 9 9 1 9 9 1 9 9 9 9 0 9 9 4 6 9 9 9 9 7 9 9 0 3 9 9 9 9 9 9 6 9 6 9 9 9 9 6 1 9 5 9 0 9 0 7 7 9 9 6 9 9 1 9 9 9 9 9 6 1 5 6 9 6 9 9 9 9 7 9 9 9 9 9 9 9 9 9 0 0 9 9 9 9 9 0 8 9 9 9 9 0 9 9 9 0 7 9 0 9 6 6 7 3 9 9
split_gain=687.061 369.441 409.266 177.582 144.968 115.204 104.954 90.2616 60.2378 94.6195 52.932 40.4778 59.5128 38.4425 42.0179 32.961 31.4885 61.2282 26.6477 33.4222 25.3664 26.944 24.1707 24.168 22.1666 20.7692 33.6956 19.8771 18.5837 16.4697 16.3262 20.3551 16.1132 15.0967 14.1943 13.9884 13.9139 10.7697 10.4173 10.3871 9.73066 9.45521 9.42866 8.35123 7.71355 6.81625 6.72239 6.16129 6.05434 7.57748 5.86151 9.21891 4.35192 4.33369 4.00644 3.9615 3.85545 5.28468 3.84855 3.70066 3.58717 3.20965 2.99383 6.59576 4.62926 5.908 2.88659 2.63416 2.61373 2.58205 2.55223 2.52282 2.11316 2.09604 2.0931 1.97514 2.42291 1.7379 1.57795 5.58217 1.51887 1.51348 2.18628 1.44917 1.35768 1.29312 1.28341 1.22894 1.22456 1.89572 1.2115 1.17438 1.12116 1.20013 1.08149 1.04459 1.02825 0.981455 0.961705 0.94945 0.910936 0.866742 0.861849 0.844852 0.813498 0.794589 0.785194 0.764782 0.71752 0.71131 0.692582
threshold=0.82694086432456981 0.26118339598178869 -1.0429430603981016 -0.01348631316795945 0.56417387723922741 0.3024504035711289 -0.67153990268707264 1.0000000180025095e-35 -1.6757040023803709 -1.6206812858581541 1.2065384984016421 -1.373079180717468 -1.4143462181091306 1.102054297924042 0.92323055863380443 0.30122427642345434 1.2675660848617556 1.3075019121170046 -0.13390543684363362 -1.5787218809127805 -0.35959677398204798 -0.27972511947154993 -0.13329377770423886 -0.63027289509773243 0.29679055511951452 0.63436147570610057 0.52254116535186779 0.30122427642345434 1.4984139800071719 1.5204929709434511 -1.1667441129684446 -1.249278128147125 0.21991638094186786 -1.5243915915489195 1.6935482025146487 -0.39720386266708368 -1.3868348598480222 0.038097223732620485 -0.25310124456882471 0.5500524938106538 1.1708326339721682 1.4539332389831545 0.038097223732620485 0.41595189273357397 -0.34628482162952418 -1.1721458435058592 1.5204929709434511 0.30122427642345434 -1.6344369649887083 0.36618536710739141 0.46390463411808019 -1.2740830183029173 0.7994295358657838 -1.0704543590545652 -1.6409085988998411 -1.6894596219062803 0.39874011278152471 1.2065384984016421 -1.5106359124183653 -1.4556132555007932 0.44000713527202612 0.89571923017501842 1.6802362799644472 1.5927295684814455 0.67948076128959667 1.6371585130691531 0.53557908535003673 0.027336971834301952 1.2196152210235598 -0.50647184252738942 -0.61651721596717823 0.7719181776046754 1.6403004527091982 1.132361948490143 0.24742772430181506 -1.0154317021369932 -0.96040901541709889 0.3162060827016831 1.3873735666275027 1.4139974117279055 -0.31966094672679896 -0.89163067936897267 -0.71280694007873524 0.43114647269248968 0.27957032620906835 0.67562848329544078 -0.14660571515560147 -0.93289768695831288 -0.78158527612686146 -0.83660796284675587 0.25791636854410177 -1.2927647233009336 -0.11998183652758597 -0.080046016722917543 -1.6069256067275999 0.12362667545676233 0.19295527786016467 1.0000000180025095e-35 0.66187280416488659 0.74440684914588939 0.19295527786016467 -0.90643143653869618 0.27493907511234289 0.45280016958713537 0.46751846373081213 -1.0190532207489011 -0.83249902725219715 0.046119431033730514 -0.46971046924591059 0.23367205262184146 -0.10666989907622336
decision_type=2 2 2 2 2 2 2 2 2 2 2 2 2 2 2 2 2 2 2 2 2 2 2 2 2 2 2 2 2 2 2 2 2 2 2 2 2 2 2 2 2 2 2 2 2 2 2 2 2 2 2 2 2 2 2 2 2 2 2 2 2 2 2 2 2 2 2 2 2 2 2 2 2 2 2 2 2 2 2 2 2 2 2 2 2 2 2 2 2 2 2 2 2 2 2 2 2 2 2 2 2 2 2 2 2 2 2 2 2 2 2
left_child=1 2 8 6 16 27 75 15 55 48 13 12 18 14 61 23 40 47 54 94 50 44 84 -8 45 26 37 102 46 -12 31 108 42 -21 43 69 90 -7 -26 -28 -2 78 67 -30 -22 70 -15 -18 49 -10 51 -9 71 105 -11 103 57 -39 -56 -60 -58 -6 63 64 -45 -66 104 97 -16 -17 -25 85 -31 -74 109 -4 -77 -59 -19 -80 -46 87 88 -81 86 98 -23 -78 89 -83 -14 -61 -24 110 -20 -44 -41 -5 -27 -87 -68 -53 -3 -1 -62 -32 -89 -71 -13 -34 -94
right_child=4 5 3 32 10 25 7 20 9 11 29 30 36 28 68 35 17 41 19 33 21 22 92 24 38 52 39 -29 34 72 53 -33 74 -35 -36 -37 -38 56 -40 96 -42 -43 95 62 80 -47 -48 -49 -50 -51 -52 101 -54 -55 58 -57 60 77 59 91 66 -63 -64 -65 65 -67 100 -69 -70 107 -72 -73 73 -75 -76 76 81 -79 79 83 -82 82 -84 -85 -86 99 -88 106 -90 -91 -92 -93 93 -95 -96 -97 -98 -99 -100 -101 -102 -103 -104 -105 -106 -107 -108 -109 -110 -111 -112
leaf_value=0.009736718794863139 -0.00088314526300463424 -0.053737889934817089 0.0084220567342351404 0.030626559257507326 0.01587692863115206 -0.0052430486271007872 -0.056224135743148301 -0.010797454428468019 -0.086660602092742928 -0.0025387477872774325 0.027242415181050701 -0.016570042467481175 -0.071977809190750128 0.022578503822700848 0.045293251851189459 -0.0084294012902925413 -0.050074002919373688 0.0012439298394216123 -0.021404160439006746 -0.07757908592098639 0.0057020612681905431 -0.024878097051868636 0.0022175862672156655 -0.026623774053794999 -0.045636108866397372 -0.018553578416849004 -0.069872863693483944 -0.1202058345930917 0.023926153625635542 0.062572987224023366 -0.022286563854325904 0.0044225447691112222 0.012366116598800377 -0.034944371800673633 0.042657496631145479 -0.021842438127122707 -0.042857832511266077 -0.046052897117427882 -0.022127793432728759 -0.052651530989380774 0.028133119330400736 0.027349569496733173 0.034789241254329688 -0.0078482460444412976 0.026974396979702372 0.011258480659575743 0.049090390606802342 -0.019710912741720679 -0.046862888655492235 -0.047728812965479768 -0.026956111738400068 0.0024240472438660536 -0.007319735791207406 -0.011973743728810439 -0.033250416394991753 -0.0044897917774505917 -0.016296062961994828 -0.036147340834140777 -0.0090058622515061873 -0.033417958083252118 -0.028234601978744778 0.02980749808972882 0.016380959142137459 -0.020100321046806674 0.025640765246690109 -0.0029703357070684435 -0.025297148029009505 0.02970462391004626 0.056141895362149891 0.014875658415257932 -0.008206511684601004 -0.032339019970647219 0.03369467330529638 0.056240629941918134 0.0013922923029615331 0.025269094452393795 0.01812759031509531 -0.01957161705148347 0.020152030313580201 -0.0062962600194279936 0.03935791277266168 0.022329140474311018 0.010565125058078535 0.0083574086350078399 -0.0053294239057735966 -0.025189596296925295 -0.010488615326445412 0.0045766960812249676 0.023856337129278746 0.012976901471551698 -0.10051051463399614 -0.019090296225301152 0.011668285910661023 0.010780868125430337 -0.0082694224371398627 0.049958536422087085 -0.040774987902372113 0.045515872240066535 -0.0067670375191872679 -0.016570985241031105 -0.010394011381203714 0.014697762114965186 -0.076231891301370439 0.020430765987611288 -0.03855586566496641 -0.030712729832832367 0.014365376532077791 0.0059820292718359277 -0.024842684441763494 0.024934978231235787 0.021940256812070548
leaf_weight=34 35 22 56 27 144 51 66 155 64 46 50 214 24 53 256 23 53 162 30 56 29 48 23 27 93 57 57 34 50 193 54 174 26 37 29 66 29 73 102 42 163 53 24 48 55 37 48 27 27 21 31 21 56 53 38 31 76 29 99 23 55 61 26 36 37 34 23 225 106 43 62 57 22 42 25 112 57 46 57 44 76 112 76 26 21 132 26 53 145 117 27 57 29 131 36 143 123 54 27 54 22 48 30 50 63 137 34 59 35 26 56
leaf_count=34 35 22 56 27 144 51 66 155 64 46 50 214 24 53 256 23 53 162 30 56 29 48 23 27 93 57 57 34 50 193 54 174 26 37 29 66 29 73 102 42 163 53 24 48 55 37 48 27 27 21 31 21 56 53 38 31 76 29 99 23 55 61 26 36 37 34 23 225 106 43 62 57 22 42 25 112 57 46 57 44 76 112 76 26 21 132 26 53 145 117 27 57 29 131 36 143 123 54 27 54 22 48 30 50 63 137 34 59 35 26 56
internal_value=0.000279146 -0.00909699 -0.00201987 0.00956148 0.0263715 -0.0343661 0.00290003 -0.00559243 -0.0239044 -0.0270153 0.0362691 -0.0227679 -0.0334887 0.0302549 0.0383764 -0.0204196 0.00662948 -0.00109959 -0.0258755 -0.0419962 0.00586158 0.012464 0.00435067 -0.0287903 -0.0229926 -0.0297197 -0.0351094 -0.0897283 0.0174282 0.0542917 -0.0146612 -0.0086862 0.0348117 -0.0611691 0.0102849 -0.00339739 -0.072833 -0.026958 -0.0335151 -0.0509988 0.0230253 0.00813637 0.0382657 0.00605444 0.0292682 -0.00657208 0.035536 -0.0401963 -0.0707534 -0.077709 -0.00692765 -0.00404837 -0.0203648 -0.0249416 -0.0160074 0.0106817 -0.0297987 -0.0363235 -0.0188377 -0.0156103 -0.0256238 0.0201467 0.00101317 -0.00165313 0.00404853 0.0120887 -0.029847 0.0328149 0.0486158 0.00643766 -0.0140275 -0.0225697 0.0594282 0.0491281 0.013376 0.0176773 0.0183985 -0.0263722 0.00453068 0.00868075 0.0344025 0.0170628 0.0185166 -0.000812418 -0.0168694 -0.0203956 -0.0200296 0.012423 0.0201 0.0176281 -0.0887258 -0.0235712 0.0128206 0.0139342 -0.0144701 0.0479986 -0.0440971 0.0409868 -0.0148892 -0.0227894 -0.0183955 0.0110503 -0.0679087 0.0162677 -0.0340228 -0.0284589 0.00852193 0.00983933 -0.0178276 0.0190024 0.0186121
internal_weight=7019 5164 4035 2639 1855 1129 2089 1327 1396 1281 1235 1169 502 928 567 578 620 422 422 159 749 494 334 387 321 1043 660 86 361 307 667 423 550 93 260 191 80 438 195 222 198 342 473 231 160 126 101 80 112 85 255 224 383 244 263 115 387 148 217 179 239 205 181 155 119 71 163 306 362 125 89 327 257 64 77 762 706 75 289 127 131 594 450 70 95 270 74 144 374 229 51 80 239 216 66 167 165 81 84 186 45 69 52 84 118 191 87 102 249 52 85
internal_count=7019 5164 4035 2639 1855 1129 2089 1327 1396 1281 1235 1169 502 928 567 578 620 422 422 159 749 494 334 387 321 1043 660 86 361 307 667 423 550 93 260 191 80 438 195 222 198 342 473 231 160 126 101 80 112 85 255 224 383 244 263 115 387 148 217 179 239 205 181 155 119 71 163 306 362 125 89 327 257 64 77 762 706 75 289 127 131 594 450 70 95 270 74 144 374 229 51 80 239 216 66 167 165 81 84 186 45 69 52 84 118 191 87 102 249 52 85
is_linear=0
shrinkage=0.05


end of trees

feature_importances:
Column_9=509
Column_2=83
Column_0=58
Column_6=57
Column_3=49
Column_1=40
Column_4=31
Column_7=29
Column_5=19
Column_8=13

parameters:
[boosting: gbdt]
[objective: regression]
[metric: l2]
[tree_learner: serial]
[device_type: cpu]
[data_sample_strategy: bagging]
[data: ]
[valid: ]
[num_iterations: 600]
[learning_rate: 0.05]
[num_leaves: 112]
[num_threads: 16]
[seed: 2023]
[deterministic: 0]
[force_col_wise: 0]
[force_row_wise: 0]
[histogram_pool_size: -1]
[max_depth: 20]
[min_data_in_leaf: 20]
[min_sum_hessian_in_leaf: 0.001]
[bagging_fraction: 0.9]
[pos_bagging_fraction: 1]
[neg_bagging_fraction: 1]
[bagging_freq: 1]
[bagging_seed: 26561]
[bagging_by_query: 0]
[feature_fraction: 0.85]
[feature_fraction_bynode: 1]
[feature_fraction_seed: 22040]
[extra_trees: 0]
[extra_seed: 25715]
[early_stopping_round: 0]
[early_stopping_min_delta: 0]
[first_metric_only: 0]
[max_delta_step: 0]
[lambda_l1: 0]
[lambda_l2: 1]
[linear_lambda: 0]
[min_gain_to_split: 0]
[drop_rate: 0.1]
[max_drop: 50]
[skip_drop: 0.5]
[xgboost_dart_mode: 0]
[uniform_drop: 0]
[drop_seed: 17353]
[top_rate: 0.2]
[other_rate: 0.1]
[min_data_per_group: 100]
[max_cat_threshold: 32]
[cat_l2: 10]
[cat_smooth: 10]
[max_cat_to_onehot: 4]
[top_k: 20]
[monotone_constraints: ]
[monotone_constraints_method: basic]
[monotone_penalty: 0]
[feature_contri: ]
[forcedsplits_filename: ]
[refit_decay_rate: 0.9]
[cegb_tradeoff: 1]
[cegb_penalty_split: 0]
[cegb_penalty_feature_lazy: ]
[cegb_penalty_feature_coupled: ]
[path_smooth: 0]
[interaction_constraints: ]
[verbosity: 1]
[saved_feature_importance_type: 0]
[use_quantized_grad: 0]
[num_grad_quant_bins: 4]
[quant_train_renew_leaf: 0]
[stochastic_rounding: 1]
[linear_tree: 0]
[max_bin: 255]
[max_bin_by_feature: ]
[min_data_in_bin: 3]
[bin_construct_sample_cnt: 200000]
[data_random_seed: 6644]
[is_enable_sparse: 1]
[enable_bundle: 1]
[use_missing: 1]
[zero_as_missing: 0]
[feature_pre_filter: 1]
[pre_partition: 0]
[two_round: 0]
[header: 0]
[label_column: ]
[weight_column: ]
[group_column: ]
[ignore_column: ]
[categorical_feature: ]
[forcedbins_filename: ]
[precise_float_parser: 0]
[parser_config_file: ]
[objective_seed: 2023]
[num_class: 1]
[is_unbalance: 0]
[scale_pos_weight: 1]
[sigmoid: 1]
[boost_from_average: 1]
[reg_sqrt: 0]
[alpha: 0.9]
[fair_c: 1]
[poisson_max_delta_step: 0.7]
[tweedie_variance_power: 1.5]
[lambdarank_truncation_level: 30]
[lambdarank_norm: 1]
[label_gain: ]
[lambdarank_position_bias_regularization: 0]
[eval_at: ]
[multi_error_top_k: 1]
[auc_mu_weights: ]
[num_machines: 1]
[local_listen_port: 12400]
[time_out: 120]
[machine_list_filename: ]
[machines: ]
[gpu_platform_id: -1]
[gpu_device_id: -1]
[gpu_use_dp: 0]
[num_gpu: 1]

end of parameters

pandas_categorical:null
