tree
version=v4
num_class=1
num_tree_per_iteration=1
label_index=0
max_feature_idx=9
objective=regression
feature_names=Column_0 Column_1 Column_2 Column_3 Column_4 Column_5 Column_6 Column_7 Column_8 Column_9
feature_infos=[-4.9281487464904785:0.63685661554336548] [-2.6146364212036133:3.7100627422332764] [-5.1990861892700195:1.272971510887146] [-2.2269694805145264:2.5527749061584473] [-5.5711894035339355:1.3641557693481445] [-1.9902403354644775:2.1465384960174561] [-1.982926607131958:1.6860036849975586] [-2.3018357753753662:1.4582350254058838] [-2.4405524730682373:1.9915002584457397] [-1.7305047512054443:1.7332621812820435]
tree_sizes=9722 9713 9752 9743

Tree=0
num_leaves=112
num_cat=0
split_feature=9 9 9 9 9 5 9 9 9 9 9 9 9 9 9 5 9 3 8 9 9 0 9 9 9 9 9 9 9 9 9 9 9 9 2 9 9 9 9 9 2 9 9 2 9 2 9 1 4 9 9 9 6 2 9 9 2 6 9 6 9 2 9 9 2 9 9 9 9 9 9 2 5 2 5 3 9 9 9 9 9 9 9 9 4 0 8 2 0 9 9 2 2 9 9 4 2 9 9 8 9 2 0 4 0 0 6 2 3 9 9
split_gain=1736.11 494.492 699.705 516.887 290.559 254.885 218.647 114.968 105.76 98.6626 98.383 152.133 94.6675 90.7776 117.724 99.2694 60.9378 58.6576 56.5491 50.6776 46.5297 43.0774 53.2281 48.2122 54.2907 70.7 37.1668 33.1033 30.5006 27.3748 24.7345 24.6275 22.2501 20.3967 19.0706 16.9216 47.0136 35.6032 16.8904 16.8856 16.8605 16.6262 26.348 15.5867 13.0418 12.9646 12.2569 11.7172 11.3951 10.7214 10.5194 9.59759 9.00937 8.333 7.89267 7.59482 7.35034 7.08533 11.5391 13.5982 9.80411 6.52713 6.02341 5.01993 3.89299 3.76195 3.76188 3.71613 3.71472 3.4822 3.4484 3.41191 3.30572 3.30202 3.22447 2.96768 2.94981 2.9357 2.92819 2.80666 2.7401 2.6857 2.35496 2.30666 2.16793 2.13698 2.01938 1.9969 1.92481 1.81343 3.05504 1.70645 1.69771 1.67434 1.58793 1.55544 1.5205 1.39733 1.62454 1.37786 1.34234 1.30423 1.27787 1.21059 1.19788 1.18829 1.18335 1.14474 1.07888 1.05467 1.04472
threshold=0.73065117001533519 -1.1392327547073362 0.16489368677139285 -0.10666989907622336 -0.75407394766807545 1.0197294950485232 0.21991638094186786 0.5500524938106538 -0.21316542476415631 0.17864936590194705 1.6269885301589968 1.5604287981987002 1.1708326339721682 -0.35959677398204798 -0.42615647614002222 -1.3265030980110166 1.6003646254539492 1.9201549887657168 -1.3927702903747556 0.44000713527202612 1.102054297924042 0.45280016958713537 -1.6481926441192625 -1.6069256067275999 -1.5106359124183653 -1.4693688750267027 1.0195202827453616 1.4539332389831545 0.99200892448425304 -0.31966094672679896 -1.1117213964462278 0.027336971834301952 0.12362667545676233 -1.6344369649887083 0.024168025236576799 -0.71280694007873524 -0.49271617829799647 -0.45278035104274744 1.5471168756484988 1.3740616440773012 0.48025263845920568 -1.249278128147125 -1.3318121433258054 0.26306973397731787 0.46751846373081213 0.58884355425834667 -1.6894596219062803 -0.90169563889503468 -0.67232638597488392 -0.69905126094818104 -1.5931699275970457 0.75816252827644359 1.3439886569976809 0.56712579727172863 -1.4556132555007932 1.4406213760375979 0.41509725153446203 0.16246472299098971 0.27493907511234289 0.34902189671993261 0.24742772430181506 -0.95315605401992787 -1.249278128147125 0.3024504035711289 0.67571672797203075 -0.22647736221551892 1.0882986783981325 -0.399532601237297 -0.43946841359138483 0.7031398117542268 -0.86411932110786427 0.58884355425834667 0.55665695667266857 0.024168025236576799 -0.73994550108909596 1.4984139800071719 0.99200892448425304 -0.040110195055603974 -1.5381472110748289 1.6536123752593996 -0.58900588750839222 1.6136765480041506 -0.093357957899570451 -0.63027289509773243 -1.1438745856285093 0.17130158096551898 -1.2745789289474485 -1.3440858125686643 0.1279941909015179 -1.0154317021369932 -0.98792037367820729 0.89290067553520214 -0.58394512534141529 0.05484831519424916 -1.125477075576782 -0.50411303341388691 -0.30160684883594507 1.2941899895668032 1.3208138942718508 0.46187606453895574 1.0332759618759157 0.69743552803993236 0.43114647269248968 -0.40346042811870569 0.43114647269248968 0.3878390789031983 0.65994662046432506 0.30650527775287634 -0.89145144820213307 0.23367205262184146 -1.1667441129684446
decision_type=2 2 2 2 2 2 2 2 2 2 2 2 2 2 2 2 2 2 2 2 2 2 2 2 2 2 2 2 2 2 2 2 2 2 2 2 2 2 2 2 2 2 2 2 2 2 2 2 2 2 2 2 2 2 2 2 2 2 2 2 2 2 2 2 2 2 2 2 2 2 2 2 2 2 2 2 2 2 2 2 2 2 2 2 2 2 2 2 2 2 2 2 2 2 2 2 2 2 2 2 2 2 2 2 2 2 2 2 2 2 2
left_child=1 18 3 4 30 12 9 19 13 -4 11 27 20 14 15 49 53 39 41 57 26 22 46 33 50 40 76 28 51 -15 94 77 93 -24 87 43 95 -38 -29 52 -26 42 -1 -17 -21 -19 -20 74 88 -6 -25 -7 72 -13 -50 73 96 60 -59 63 109 -23 -56 -60 67 101 100 -16 -39 71 -49 102 -14 -30 85 -74 -2 82 -52 -12 83 -18 -5 -51 -10 -32 -72 -28 -27 -76 -91 -73 -48 -33 -3 -37 -11 -54 -99 -75 -36 -31 -9 -87 -44 -41 -46 -65 -62 -8 -43
right_child=5 2 6 31 8 10 7 69 84 56 79 16 17 29 64 35 81 45 21 44 -22 61 23 24 25 48 34 38 55 65 47 32 -34 -35 66 36 37 68 -40 105 -42 110 104 -45 106 -47 92 70 54 80 78 -53 97 -55 62 -57 -58 58 59 -61 108 -63 -64 107 -66 -67 -68 -69 -70 -71 86 91 75 99 89 -77 -78 -79 -80 -81 -82 -83 -84 -85 -86 103 -88 -89 -90 90 -92 -93 -94 -95 -96 -97 -98 98 -100 -101 -102 -103 -104 -105 -106 -107 -108 -109 -110 -111 -112
leaf_value=-0.037052266257810926 0.063822963320064777 -0.018333795083665328 -0.025958572309675666 0.029223670934097591 -0.037624972533878906 0.034520910384289019 -0.053113327395615202 -0.0080958541836342948 0.022506310490713152 -0.13165605652410597 0.070171575666626212 -0.013006897600516647 -0.015245776172042747 -0.073778135177192325 0.018592689759747007 -0.092583465139004117 0.025110990539391167 -0.072700908910927398 -0.043032143112716303 -0.086861505808896289 0.059787518595722809 -0.067872128768227444 -0.051932372919417644 -0.055026677774640695 -0.12625487513512096 -0.048036930671163061 -0.004535012069824278 0.077128868802878517 0.009441787370419806 -0.044222288496793723 0.017978618345244751 0.059102426531697845 0.038160582878373366 -0.10677904242587667 0.0049714545914254791 -0.0081519869318949431 -0.079025518108603601 -0.037354580753961648 0.033736072305402556 0.036896524832224352 -0.073590351447493402 -0.054772015464005099 -0.0063853214539284636 -0.045042604951039587 -0.058554552010661044 -0.023148748917949425 0.0044464216078845421 0.020011804935604501 -0.065762535504199304 -0.0041513728459770163 -0.016013499953972422 0.057282728568852567 0.0080693269533112077 -0.045352209082938459 -0.028203708998307337 0.053240086663070105 -0.1533528049505723 -0.008047662902515797 -0.062125292557839447 -0.011609873017319876 -0.024964118666065217 -0.10425688575720665 -0.047312489326199816 -0.036746048994449415 0.0083961663496963396 -0.02035086904723454 0.036727518975152459 0.037990580888528767 -0.0097679918580474701 0.0018720430170945648 0.020994664589389676 -0.020164130188973197 0.0041017680038695041 0.017043605469260256 0.017448544520209705 -0.012366782337405756 0.039845042213856714 0.033697709851382339 -0.030624853543139725 0.088577835212809861 0.00050923583483652014 0.048749012177044658 0.048744818557766904 -0.015064044744129737 0.010405289711955399 0.030292132224616599 0.039060292516605685 -0.024945304675704837 -0.072033866258972443 -0.00032849191985346915 0.018925620065291641 -0.0078345630774060634 -0.010999769784896205 0.073934259423200754 -0.0022367625010827207 -0.023813303327898269 -0.096308445685056088 0.028805690469854376 0.011212282873245853 0.032014119979170738 0.020128897998865556 -0.032363773230749016 0.0052032420340851031 0.019765775760699451 -0.018861518532562998 0.021140430200400726 -0.041005343386618827 -0.047822832592275967 -0.015466801135244746 -0.035135345458272529 -0.036559982073006259
leaf_weight=161 32 31 31 25 26 58 27 141 48 21 55 40 32 79 45 33 28 24 31 51 135 33 29 26 39 22 20 188 33 142 199 57 82 55 26 74 79 26 28 43 35 49 135 43 148 31 24 45 29 121 110 443 26 41 100 26 35 26 53 30 58 38 80 72 26 27 26 65 24 57 22 110 188 25 112 31 36 142 53 160 140 28 102 81 172 85 129 31 48 50 34 40 63 141 30 20 31 37 23 68 35 46 20 54 22 24 22 79 80 28 21
leaf_count=161 32 31 31 25 26 58 27 141 48 21 55 40 32 79 45 33 28 24 31 51 135 33 29 26 39 22 20 188 33 142 199 57 82 55 26 74 79 26 28 43 35 49 135 43 148 31 24 45 29 121 110 443 26 41 100 26 35 26 53 30 58 38 80 72 26 27 26 65 24 57 22 110 188 25 112 31 36 142 53 160 140 28 102 81 172 85 129 31 48 50 34 40 63 141 30 20 31 37 23 68 35 46 20 54 22 24 22 79 80 28 21
internal_value=-2.30577e-05 -0.0157765 -0.00696182 0.00718482 -0.00407585 0.0390956 -0.0393432 -0.031973 -0.0184571 -0.103611 0.0534624 0.0468127 0.0171288 -0.0247991 -0.0160603 -0.0247033 -0.00214592 0.00228617 -0.0437155 -0.044232 0.0370425 -0.0512081 -0.0475331 -0.053337 -0.0477066 -0.0592873 0.02192 0.0545248 0.0487475 -0.0485321 0.0198618 0.0503513 0.0608325 -0.0886776 0.00688508 -0.0460534 -0.0387781 -0.0582678 0.0716853 0.00891339 -0.102659 -0.0278859 -0.0228987 -0.0666196 -0.0638944 -0.0456836 -0.0165534 0.0224166 -0.0474581 -0.00727857 -0.0258787 0.0547216 0.00431351 -0.0297326 -0.0412084 0.0288275 -0.130671 -0.0345199 -0.040001 -0.043502 -0.026968 -0.0885232 -0.036911 -0.0481125 0.0261995 -0.038957 0.0210285 0.0302941 -0.0245642 -0.00946125 0.0328998 -0.0115378 -0.000490534 0.0234105 0.0185146 0.00172498 0.0518902 0.0392567 -0.0209222 0.0842159 -0.00486857 0.0375779 0.0451604 -0.0085799 0.0131354 0.0214984 0.0365837 -0.0171824 -0.0652748 0.0132859 0.0075958 -0.0169499 -0.00673665 0.0699829 -0.010581 -0.0116998 -0.112798 0.0181791 0.0223559 0.0282139 0.0138527 -0.0415073 -0.00642187 0.0263731 -0.00824189 0.0316464 -0.0565366 -0.0428177 -0.0196093 -0.0447518 -0.0499003
internal_weight=7041 5020 3817 2657 2108 2021 1160 1042 1317 118 1221 1006 800 1097 803 667 137 459 1203 674 341 815 744 626 542 353 206 869 653 294 791 549 280 84 138 299 223 129 216 404 74 388 318 76 221 55 118 730 279 368 189 501 337 81 209 152 87 453 260 234 193 71 180 204 136 215 87 110 50 368 196 311 251 126 534 219 68 269 163 215 342 56 127 202 220 338 151 51 70 196 84 150 87 198 61 94 52 86 60 93 61 188 161 139 157 67 170 151 138 55 70
internal_count=7041 5020 3817 2657 2108 2021 1160 1042 1317 118 1221 1006 800 1097 803 667 137 459 1203 674 341 815 744 626 542 353 206 869 653 294 791 549 280 84 138 299 223 129 216 404 74 388 318 76 221 55 118 730 279 368 189 501 337 81 209 152 87 453 260 234 193 71 180 204 136 215 87 110 50 368 196 311 251 126 534 219 68 269 163 215 342 56 127 202 220 338 151 51 70 196 84 150 87 198 61 94 52 86 60 93 61 188 161 139 157 67 170 151 138 55 70
is_linear=0
shrinkage=1


Tree=1
num_leaves=112
num_cat=0
split_feature=9 9 9 9 9 5 9 9 9 9 9 9 9 9 7 9 7 9 9 9 9 9 9 9 9 9 9 9 9 9 9 9 9 9 9 9 7 7 9 2 2 9 9 9 9 9 9 9 9 9 9 9 9 6 9 6 9 6 9 2 9 5 2 9 9 1 2 9 9 9 9 9 2 9 2 0 6 1 9 2 9 0 9 4 9 2 9 4 4 2 0 9 0 2 2 2 2 2 9 5 0 6 4 9 1 9 9 9 9 5 7
split_gain=1515.19 433.266 593.385 455.694 264.93 239.205 192.297 99.485 96.5452 93.0077 87.3699 135.553 83.192 105.753 104.456 79.652 58.7265 55.3248 54.27 46.1221 43.4181 40.1223 34.6835 33.4681 58.5547 42.2273 50.7365 80.5539 31.5527 26.1126 24.1401 20.572 20.2682 18.2055 17.899 17.7307 17.7188 21.8687 38.3837 17.1567 17.0423 16.4436 14.4679 12.1826 11.1336 11.0249 10.7189 10.1523 9.63956 9.29413 9.09317 7.67585 7.36274 7.30324 6.98313 6.08209 9.58701 12.1252 8.22385 5.83117 5.14977 4.99169 4.87721 4.6137 3.82613 3.75498 3.61529 3.36202 3.3184 3.06667 2.98422 2.89349 3.29871 2.81802 2.70514 2.61502 2.60359 2.55803 2.39817 2.3818 3.43534 2.31879 2.30024 2.24765 2.1713 2.08146 2.01688 1.94913 1.73239 1.6551 1.63921 1.50061 1.49883 1.49325 1.60066 1.44719 1.43812 1.33839 1.25355 1.23262 1.21202 1.1767 1.1243 1.1193 1.08959 1.02652 0.977691 0.971679 0.967851 0.963227 1.05189
threshold=0.73065117001533519 -1.1392327547073362 0.16489368677139285 -0.10666989907622336 -0.75407394766807545 1.0197294950485232 0.21991638094186786 0.5500524938106538 -0.21316542476415631 1.1708326339721682 1.6269885301589968 1.5604287981987002 -0.35959677398204798 -0.42615647614002222 -1.4077746868133543 0.17864936590194705 -1.5581775307655332 1.2143183350563052 1.6003646254539492 0.44000713527202612 1.102054297924042 1.1845883131027224 1.0195202827453616 -1.7032153010368345 -1.6481926441192625 -1.6069256067275999 -1.5106359124183653 -1.4693688750267027 1.4539332389831545 1.0195202827453616 -0.31966094672679896 -1.1117213964462278 0.027336971834301952 0.12362667545676233 -1.6344369649887083 -1.3318121433258054 -0.1209946498274803 -0.8562977910041808 -0.71280694007873524 0.024168025236576799 0.48025263845920568 1.5471168756484988 1.3740616440773012 -1.249278128147125 -1.5931699275970457 -1.4556132555007932 0.46751846373081213 -0.86411932110786427 -0.74031826853752125 -0.69905126094818104 1.4406213760375979 -0.79534095525741566 0.75816252827644359 1.3439886569976809 -1.1667441129684446 0.16246472299098971 0.27493907511234289 0.34902189671993261 0.24742772430181506 0.56712579727172863 -1.6894596219062803 0.55665695667266857 0.30650527775287634 -1.2630338072776792 0.3024504035711289 0.1524230241775513 -1.1051840782165525 -0.22647736221551892 -1.5381472110748289 1.0332759618759157 -0.040110195055603974 0.7031398117542268 0.58884355425834667 -0.093357957899570451 -0.30160684883594507 0.19295527786016467 -1.7030923366546629 0.1524230241775513 1.6136765480041506 0.69743552803993236 -0.399532601237297 0.21460897475481036 0.99200892448425304 -0.67232638597488392 1.6536123752593996 0.34994289278984075 -0.76782962679862965 -1.1438745856285093 -0.47033214569091791 -0.58394512534141529 0.30122427642345434 1.2941899895668032 0.32287797331810003 0.91461947560310375 0.37166170775890356 -1.3223675489425657 0.89290067553520214 0.69743552803993236 -1.125477075576782 -0.64733111858367909 0.3878390789031983 0.5977628529071809 1.0442760586738589 0.041092643514275558 1.4700673818588259 1.0882986783981325 -0.11998183652758597 1.3208138942718508 0.99200892448425304 -0.64733111858367909 -1.2740830183029173
decision_type=2 2 2 2 2 2 2 2 2 2 2 2 2 2 2 2 2 2 2 2 2 2 2 2 2 2 2 2 2 2 2 2 2 2 2 2 2 2 2 2 2 2 2 2 2 2 2 2 2 2 2 2 2 2 2 2 2 2 2 2 2 2 2 2 2 2 2 2 2 2 2 2 2 2 2 2 2 2 2 2 2 2 2 2 2 2 2 2 2 2 2 2 2 2 2 2 2 2 2 2 2 2 2 2 2 2 2 2 2 2 2
left_child=1 16 3 4 31 9 15 19 12 20 11 28 13 14 49 -4 35 21 59 55 22 -11 82 66 60 34 44 40 29 52 -14 98 70 103 -26 -1 37 38 48 95 -28 -30 53 45 -27 -29 -21 75 -16 -6 65 -49 -7 61 83 58 -57 64 -8 -13 -25 -19 74 100 -58 -31 -18 97 -46 -41 73 72 -9 -5 -17 109 -36 -51 -20 80 -15 -50 -2 -45 -12 -23 -53 -10 -77 -62 -40 -55 -38 94 -63 -24 -74 -32 -3 -60 -37 -48 104 -34 -96 -71 -89 -93 -54 -33 -111
right_child=5 2 6 32 8 10 7 71 87 17 84 18 30 79 36 62 23 42 78 46 -22 85 39 24 25 26 27 43 41 50 67 47 33 -35 76 63 92 -39 90 69 -42 -43 -44 54 68 -47 101 51 81 77 -52 86 108 91 -56 56 57 -59 99 -61 89 93 -64 -65 -66 -67 -68 -69 -70 105 -72 -73 96 -75 -76 88 -78 -79 -80 -81 -82 -83 -84 -85 -86 -87 -88 106 -90 -91 -92 107 -94 -95 102 -97 -98 -99 -100 -101 -102 -103 -104 -105 -106 -107 -108 -109 -110 110 -112
leaf_value=-0.03531080197704875 0.060001214435606291 -0.016870451680031314 -0.027057275722424192 0.027406214401125908 -0.035167984692034901 0.032943134462194788 -0.041550151441703764 -0.0054556671208197812 0.021350409535691145 0.016703167252242565 0.067256943274427342 -0.014633466759206435 -0.069295662393172586 0.017274751955022413 -0.038578196283843784 -0.12459725981408901 -0.062718061322257643 -0.016697491136820695 0.023741189287654285 -0.080624854998155082 0.056879489421844488 -0.072449774237779471 -0.0061250884170559322 -0.030957670675383676 -0.05005431091412902 -0.053295024715620899 -0.11813016849405625 -0.061186323634215771 0.073465277223857414 0.004317154196905904 -0.042058737397193909 0.015962820308568004 0.051215798720236752 0.036452186924506379 -0.076186494032541907 -0.0046958520285491105 -0.007922256879670464 -0.074257488677531111 -0.019484772436788061 0.0048984296942273017 -0.068791780842317116 0.029522159757713481 0.029486772705401693 -0.065907700615269793 -0.0143363363729061 -0.025592593001758951 -0.058070711823219948 0.037551866825536004 -0.062269735565552348 -0.0067730356816106023 0.051170497516105917 0.023306986292952608 0.054154837222021315 0.0067896821965964943 -0.035753178729542666 -0.0077532472876975164 -0.058382556498050686 -0.011802014426300021 -0.014661840694132209 -0.042612750210413122 0.0042951383445012778 0.0061099334565487004 -0.14290067114328084 -0.028108620818238707 -0.040685641920814919 0.025125578974716758 -0.098191715163343102 -0.019216545224534694 -0.029509885063660996 0.019285887249690645 0.031386497826487933 0.0018707466760783326 -0.019050051568884334 0.046923752343998509 -0.085187939678629254 0.028712461726136614 -0.11115373501906525 0.0038878084407354303 0.046467063438009333 0.0096911405594172807 0.036021553747581717 -0.092802756786346446 0.038392431470187935 -0.050550403113824777 0.084454510953181836 -0.047590653550240308 0.0064539009397516821 0.011593549507703131 0.017610275491394781 -0.010376180107021587 -0.0033592109738562539 0.026951471426420744 -0.026899786395105447 0.015360055686059325 0.0071518474025651819 -0.023400464776204902 -0.0077399592103791388 -0.030055818164890464 -0.0022068534324306151 -0.024642444885613627 -0.017154744792666557 -0.045925595021959559 -0.010598000388056266 0.067654297387961179 -0.0067823306750506157 0.034270313382148747 0.0011618861051309588 0.012164960021064396 0.038276888971978971 0.014644809327728582 0.0010613360377545987
leaf_weight=137 32 28 29 29 26 55 56 156 49 24 53 37 83 44 26 21 20 37 28 54 139 25 21 26 31 28 50 27 193 31 149 280 30 82 20 113 22 80 44 25 36 26 69 69 114 116 93 138 25 291 28 57 427 25 55 25 49 32 86 40 27 92 37 31 143 75 33 26 55 33 134 55 105 103 23 70 36 69 26 21 65 24 36 82 155 30 27 140 87 62 25 35 21 21 31 31 41 43 30 56 23 66 32 164 24 24 27 20 21 31 26
leaf_count=137 32 28 29 29 26 55 56 156 49 24 53 37 83 44 26 21 20 37 28 54 139 25 21 26 31 28 50 27 193 31 149 280 30 82 20 113 22 80 44 25 36 26 69 69 114 116 93 138 25 291 28 57 427 25 55 25 49 32 86 40 27 92 37 31 143 75 33 26 55 33 134 55 105 103 23 70 36 69 26 21 65 24 36 82 155 30 27 140 87 62 25 35 21 21 31 31 41 43 30 56 23 66 32 164 24 24 27 20 21 31 26
internal_value=3.42613e-05 -0.0148493 -0.00648691 0.00658169 -0.00409221 0.0367227 -0.0368008 -0.0299447 -0.0178763 0.0156457 0.0509138 0.0446215 -0.0239556 -0.0153327 -0.0235303 -0.0993477 -0.0411026 0.00108606 -0.00272795 -0.0414334 0.0354385 -0.0367678 0.020477 -0.0476069 -0.0450531 -0.0503472 -0.045712 -0.0552497 0.0518625 0.0460765 -0.0462614 0.0190525 0.0473584 0.0569537 -0.0831175 -0.0220308 -0.0475138 -0.0531542 -0.0409989 0.005602 -0.098505 0.0684062 0.00890835 -0.0443399 -0.0244787 -0.0326913 -0.0606076 0.0213715 -0.0655354 -0.00686076 0.0261603 0.030279 0.0513198 0.00435049 -0.052229 -0.0321819 -0.0374756 -0.0407437 -0.0253696 -0.0295281 -0.0118042 -7.89613e-05 -0.124584 -0.0109912 -0.0454811 0.0191373 -0.0862148 -0.0372151 -0.019419 0.0197571 0.0372263 -0.0086485 -0.0105641 0.0428741 -0.106348 0.0173154 -0.100221 -0.0047246 0.0353292 0.0257099 0.0286799 -0.0787816 0.0492835 -0.0579554 0.0804152 -0.0599822 0.0180296 0.0126025 0.0227107 -0.00592706 -0.0137736 0.0173117 -0.0175911 0.00306324 0.00154328 -0.0166711 -0.0159482 -0.0395402 -0.00945179 -0.0187427 -0.00691271 -0.0533479 -0.00330038 0.0653879 0.00105894 0.0260772 0.00992395 0.0218878 0.0534975 0.0147421 0.00857397
internal_weight=6935 4934 3743 2616 2074 2001 1127 1017 1300 806 1195 987 1084 783 653 110 1191 465 131 660 341 79 202 887 834 719 632 435 856 637 301 774 542 276 87 304 267 224 144 134 86 219 386 349 197 143 213 716 75 386 134 222 503 317 206 447 249 224 198 77 115 237 81 167 192 106 53 218 169 82 266 357 302 132 44 494 56 360 54 130 109 49 68 151 208 55 84 216 157 89 69 80 43 200 179 52 146 192 58 142 136 159 87 194 55 57 167 55 448 337 57
internal_count=6935 4934 3743 2616 2074 2001 1127 1017 1300 806 1195 987 1084 783 653 110 1191 465 131 660 341 79 202 887 834 719 632 435 856 637 301 774 542 276 87 304 267 224 144 134 86 219 386 349 197 143 213 716 75 386 134 222 503 317 206 447 249 224 198 77 115 237 81 167 192 106 53 218 169 82 266 357 302 132 44 494 56 360 54 130 109 49 68 151 208 55 84 216 157 89 69 80 43 200 179 52 146 192 58 142 136 159 87 194 55 57 167 55 448 337 57
is_linear=0
shrinkage=0.05


Tree=2
num_leaves=112
num_cat=0
split_feature=9 9 9 9 9 5 9 9 9 9 9 9 9 9 9 7 9 7 9 9 0 9 9 9 9 9 9 9 1 9 9 9 9 9 9 7 7 9 9 2 9 9 9 9 2 9 1 9 9 9 6 9 6 6 9 9 9 3 2 2 9 2 2 5 9 9 9 9 9 9 9 2 5 9 9 3 9 7 9 1 0 0 9 9 3 9 7 2 2 0 2 2 2 9 6 2 9 6 3 9 9 3 2 0 0 5 0 9 1 2 3
split_gain=1395.44 397.473 578.25 431.646 239.343 220.922 175.619 98.0761 95.0296 88.2904 84.8008 83.4937 129.424 72.2022 98.5561 96.6439 69.5065 55.1415 49.1491 41.5672 31.8414 34.239 41.2547 37.0349 64.065 26.9569 35.2296 26.1641 20.9415 20.7954 20.1526 19.424 19.2366 17.7951 17.409 17.2881 20.0185 30.7548 15.9635 15.2736 15.1353 12.1688 12.0702 11.3352 11.0088 10.9665 10.0682 9.81935 9.68943 8.78076 8.1483 7.42061 6.82574 9.37313 10.4814 7.61718 6.77161 6.28759 6.1064 5.91655 5.68443 4.80839 4.47258 4.19143 4.09701 3.32749 3.31837 3.20085 3.15586 3.13949 3.01245 2.98704 2.87687 2.85324 2.85028 2.82189 2.53523 2.34018 2.26535 2.26068 2.25939 1.94801 1.92521 2.02123 1.89887 1.88797 1.85563 1.76926 1.71277 1.47145 1.46657 1.45724 1.44661 1.39104 1.35913 1.3095 1.26947 1.26512 1.22912 1.21112 1.15708 1.15602 1.11941 1.06141 1.0571 0.999381 0.985725 0.985144 2.09205 0.975526 0.951377
threshold=0.73065117001533519 -1.1392327547073362 0.16489368677139285 -0.10666989907622336 -0.75407394766807545 1.0506009459495547 0.21991638094186786 0.5500524938106538 1.1845883131027224 1.2143183350563052 -0.21316542476415631 1.6269885301589968 1.5604287981987002 -0.35959677398204798 -0.42615647614002222 -1.4077746868133543 0.17864936590194705 -1.5748887658119199 1.6003646254539492 0.44000713527202612 0.47445386648178106 -1.6481926441192625 -1.6069256067275999 -1.5106359124183653 -1.4693688750267027 1.102054297924042 1.0195202827453616 1.4539332389831545 -0.63816359639167775 -0.31966094672679896 0.027336971834301952 -1.1117213964462278 -1.3318121433258054 0.12362667545676233 -1.6894596219062803 -0.070860028266906724 -0.8562977910041808 -0.71280694007873524 -1.6344369649887083 0.024168025236576799 1.3740616440773012 -1.249278128147125 1.5471168756484988 -1.4556132555007932 0.45853486657142645 0.46751846373081213 -0.90169563889503468 -0.74031826853752125 -1.5931699275970457 1.1708326339721682 1.3439886569976809 -0.69905126094818104 0.16246472299098971 0.34902189671993261 0.27493907511234289 0.24742772430181506 -1.1667441129684446 1.0766730904579165 0.30650527775287634 0.56712579727172863 1.4406213760375979 0.71915432810783397 -0.30160684883594507 0.55665695667266857 0.3024504035711289 -0.399532601237297 -0.22647736221551892 0.99200892448425304 1.6802362799644472 0.7031398117542268 -1.5381472110748289 0.58884355425834667 -0.73994550108909596 -0.86411932110786427 1.0332759618759157 0.79551240801811229 -0.040110195055603974 -0.25468631833791727 -0.093357957899570451 0.1524230241775513 0.21460897475481036 0.58272233605384838 -1.0291873812675474 -0.98792037367820729 -0.18854984268546102 -1.2630338072776792 0.88169082999229442 0.34994289278984075 0.67571672797203075 0.17130158096551898 0.50197042524814617 -0.97487434744834889 0.93633723258972179 -0.80909663438796986 -0.08627621084451674 0.32822409272193914 -1.125477075576782 -1.1434266567230222 1.3578336834907534 0.05484831519424916 0.68938416242599498 0.23319111764431003 -1.3223675489425657 0.43114647269248968 0.43114647269248968 -0.64733111858367909 0.21460897475481036 -0.63027289509773243 1.0000000180025095e-35 0.69743552803993236 -0.46971046924591059
decision_type=2 2 2 2 2 2 2 2 2 2 2 2 2 2 2 2 2 2 2 2 2 2 2 2 2 2 2 2 2 2 2 2 2 2 2 2 2 2 2 2 2 2 2 2 2 2 2 2 2 2 2 2 2 2 2 2 2 2 2 2 2 2 2 2 2 2 2 2 2 2 2 2 2 2 2 2 2 2 2 2 2 2 2 2 2 2 2 2 2 2 2 2 2 2 2 2 2 2 2 2 2 2 2 2 2 2 2 2 2 2 2
left_child=1 17 3 4 31 8 16 19 25 87 13 12 27 14 15 51 -4 32 59 52 21 34 38 48 44 26 67 28 57 -15 76 96 106 99 -19 36 37 47 -23 102 50 43 -29 -26 -25 -21 72 -17 -24 -27 63 -6 55 54 -54 -8 97 -7 62 -14 75 65 -18 -11 -56 -16 109 -2 -13 71 -50 103 89 -48 -41 90 78 -38 -5 107 -49 -22 -74 110 -39 104 -20 -10 -37 -33 -30 -36 -42 -75 101 -66 -3 -43 -65 -32 -73 -12 -28 -9 -34 -57 -1 -53 -109 -31 -84
right_child=5 2 6 30 10 11 7 69 9 40 94 68 18 29 61 35 58 20 86 45 81 22 23 24 41 49 39 42 60 66 33 46 85 -35 91 88 77 84 -40 74 92 56 -44 -45 -46 -47 73 80 70 -51 -52 79 53 -55 64 105 -58 -59 -60 -61 -62 -63 -64 98 95 -67 -68 -69 -70 -71 -72 100 82 93 -76 -77 -78 -79 -80 -81 -82 -83 83 -85 -86 -87 -88 -89 -90 -91 -92 -93 -94 -95 -96 -97 -98 -99 -100 -101 -102 -103 -104 -105 -106 -107 -108 108 -110 -111 -112
leaf_value=-0.040869852590064211 0.056778802673021961 -0.016617046044238151 -0.026298875387372647 0.025963731509234225 -0.032421961455391002 0.050856487593808022 -0.039829361164256144 -0.006909916574041621 -0.068609150029994834 -0.015625037680356165 0.017292219215915318 0.068321113820586893 -0.013085851007092156 -0.065736833893800084 0.016525648550928706 -0.034963583561254605 -0.12058973718773236 -0.046572812666764135 0.024793899389249939 -0.077413682008193707 -0.092667522755536177 -0.047352153422503637 -0.05053663454179106 -0.11486905523248621 -0.05857398490751943 0.05425452017358371 -0.0056669298648124658 0.069940449289373458 0.036072118161246183 -0.039877879854342713 0.05333795001951315 0.016545229519925406 -0.004733601334692885 0.034665003667275117 0.0058230319409631193 -0.025064749173496083 -0.074250271244787835 -0.0069458221957130837 -0.096900400740128984 0.0044921096996404231 0.023294935611387096 -0.06220678568762892 0.032319604814983909 -0.024359735797804136 -0.069587733991005846 -0.050847207563009089 0.018653831728268414 -0.058170861005783087 -0.013440749370895972 0.020353132024407389 0.017521475569670458 -0.0033341800844509102 -0.0072170051017209236 -0.010721119149820879 -0.056125896437126288 -0.014225234512493693 -0.034209762637813883 0.023169682854786516 -0.13761126367669357 -0.040873003491135533 0.04841239612836104 0.0017268623630313771 -0.078222560286521914 0.0036043216888619434 -0.033039856344461445 0.034147788004742732 -0.017837371371985815 0.036096863269805907 0.083872124993282823 0.0023813595726215817 -0.027910927114850381 -0.013138086140617476 0.016771382839768194 0.036217243399309075 0.024566917413702379 0.010371034997157179 0.030138886294983055 -0.048696445780141012 0.044041615268131634 0.0037429806787986314 -0.088243210812409725 -0.064291151523590093 0.0067408126112158328 0.017144923370726633 -0.024194954611636975 -0.022173985093832019 0.045675009063311983 -0.045770260784775023 -0.0050150081345980823 0.023647047150798781 0.020638915828683161 -0.0091235728604862325 0.03981808788058433 0.023801813886966557 0.0062834482765174483 -0.044160724692046648 -0.0018550630574564225 -0.049672235263154868 -0.0080034967601442571 0.066156241913636532 -0.025462398797273633 0.0067491347668692473 -0.021213793131192368 0.0052147946242863934 -0.016738493740558625 -0.023395883485122962 -0.03022315830776566 -0.01444314047429626 -0.003255869206907114 -0.029213016344742344 -0.0049351085583550919
leaf_weight=47 44 30 28 27 25 454 56 138 26 38 104 111 37 78 48 28 21 36 34 58 32 28 28 36 30 139 20 184 31 145 58 196 121 83 21 22 70 42 53 25 59 67 27 129 33 166 49 24 103 24 82 135 22 31 56 87 59 24 37 42 25 22 24 187 74 71 27 49 114 60 58 116 99 114 64 38 134 20 110 64 23 24 43 32 26 22 20 31 21 135 43 64 21 39 79 79 28 93 25 149 24 37 30 20 21 53 94 87 81 43 28
leaf_count=47 44 30 28 27 25 454 56 138 26 38 104 111 37 78 48 28 21 36 34 58 32 28 28 36 30 139 20 184 31 145 58 196 121 83 21 22 70 42 53 25 59 67 27 129 33 166 49 24 103 24 82 135 22 31 56 87 59 24 37 42 25 22 24 187 74 71 27 49 114 60 58 116 99 114 64 38 134 20 110 64 23 24 43 32 26 22 20 31 21 135 43 64 21 39 79 79 28 93 25 149 24 37 30 20 21 53 94 87 81 43 28
internal_value=0.000278485 -0.0138998 -0.00602343 0.00672083 -0.0036271 0.0350563 -0.0356588 -0.0292439 0.0158062 0.000576652 -0.0166497 0.0490784 0.0425632 -0.022305 -0.0145706 -0.0225864 -0.0954994 -0.0390072 -0.00319283 -0.0403564 -0.0452737 -0.042735 -0.0468893 -0.0424814 -0.050336 0.0338418 0.0227335 0.0499256 0.0445529 -0.0435381 0.0456701 0.0180764 -0.0205513 0.0549218 -0.0179354 -0.0451957 -0.0505657 -0.0384582 -0.080559 0.00669294 0.00868795 -0.0420433 0.0653016 -0.031141 -0.0945163 -0.0580395 0.0202739 -0.0603428 -0.0237376 0.0494174 0.00394723 -0.00659314 -0.0316004 -0.0369547 -0.0404139 -0.0242917 -0.0497811 0.0495176 -0.118527 -0.028185 0.0269972 0.0232966 -0.100186 -0.000557191 -0.0438573 0.0272366 -0.0352175 0.0463818 0.0765365 -0.00802067 -0.0187937 -0.010116 0.0166139 0.0298017 0.0190405 0.0218309 0.0356042 -0.0691692 0.0406928 -0.00475036 -0.0744189 -0.0818475 0.0118049 0.00691596 -0.0137961 -0.00882271 0.0332175 -0.0571913 -0.0156095 0.0195042 0.0274989 -0.00540611 0.0280703 0.0332276 0.0116508 -0.0390315 -0.0096428 -0.0552749 0.00220433 0.0628383 -0.0154164 0.0145926 -0.0152281 -0.005352 -0.00661361 -0.0178383 -0.0340349 -0.00655074 -0.00910046 -0.037606 0.00213163
internal_weight=7073 5025 3826 2676 2115 2048 1150 1040 864 469 1322 1184 959 1102 809 668 110 1199 133 682 894 838 717 636 447 395 232 826 615 293 561 793 305 290 121 276 233 143 81 139 412 378 211 159 69 224 735 75 189 163 332 392 458 262 231 196 219 478 82 79 137 141 45 250 209 119 215 93 225 358 161 298 533 202 89 112 271 90 137 367 47 56 202 103 68 164 54 57 43 331 74 85 80 153 220 153 58 160 212 207 140 141 50 158 142 140 141 303 168 188 71
internal_count=7073 5025 3826 2676 2115 2048 1150 1040 864 469 1322 1184 959 1102 809 668 110 1199 133 682 894 838 717 636 447 395 232 826 615 293 561 793 305 290 121 276 233 143 81 139 412 378 211 159 69 224 735 75 189 163 332 392 458 262 231 196 219 478 82 79 137 141 45 250 209 119 215 93 225 358 161 298 533 202 89 112 271 90 137 367 47 56 202 103 68 164 54 57 43 331 74 85 80 153 220 153 58 160 212 207 140 141 50 158 142 140 141 303 168 188 71
is_linear=0
shrinkage=0.05


Tree=3
num_leaves=112
num_cat=0
split_feature=9 9 9 9 9 5 9 9 9 9 9 9 9 9 9 7 9 7 9 9 9 9 9 9 9 9 9 9 9 9 9 9 5 9 9 2 7 7 9 2 9 9 9 9 2 9 9 9 9 9 9 9 9 1 5 2 2 9 2 9 9 9 9 5 2 9 9 3 2 9 9 9 9 9 9 2 9 0 4 2 9 9 9 4 9 9 0 2 1 4 4 2 3 9 9 0 2 2 2 0 9 0 9 2 9 9 2 9 9 2 2
split_gain=1257.74 357.131 532.609 372.701 215.659 191.292 181.78 86.7925 79.3095 73.0522 70.9609 109.29 70.036 69.3893 90.4666 86.4834 53.2602 49.8619 44.7565 37.2028 32.8117 25.3703 28.3756 24.6452 22.0601 20.234 34.2232 38.9023 63.7885 20.8767 19.2301 17.138 16.1024 15.8422 15.7602 13.6898 13.2494 16.4867 30.38 13.0801 12.8766 11.7885 11.7733 11.2472 10.5281 9.19934 9.02487 8.57532 7.75843 6.93086 6.63347 6.17931 6.06659 6.01477 5.44714 5.27661 5.16047 4.89837 3.75703 3.58793 3.40684 10.3005 7.17634 5.32495 3.36148 3.08107 2.86362 3.11196 2.62339 3.13144 2.40043 2.37629 2.37317 2.63122 2.3327 2.32681 2.25428 2.23339 2.20127 2.17328 2.0554 2.01553 2.00736 1.88794 1.83899 1.83358 1.76353 1.71922 1.6645 1.62538 1.51799 1.48184 1.47527 1.46444 1.39174 1.32306 1.26417 1.12133 1.11607 1.10696 1.09604 1.05621 1.05546 1.02912 1.00187 0.983375 0.936131 0.916373 0.892108 0.885315 0.874858
threshold=0.73065117001533519 -1.1392327547073362 0.16489368677139285 -0.10666989907622336 -0.75407394766807545 1.0197294950485232 0.21991638094186786 0.5500524938106538 -0.21316542476415631 1.1845883131027224 1.6269885301589968 1.5604287981987002 1.2143183350563052 -0.35959677398204798 -0.42615647614002222 -1.4077746868133543 0.17864936590194705 -1.5916000008583067 1.6003646254539492 0.44000713527202612 -1.7169709801673887 1.102054297924042 1.0195202827453616 1.4539332389831545 1.0057646036148074 -1.6481926441192625 -1.6069256067275999 -1.5106359124183653 -1.4693688750267027 -1.7032153010368345 -0.31966094672679896 0.027336971834301952 -0.67820259928703297 0.12362667545676233 -1.3318121433258054 0.024168025236576799 -0.070860028266906724 -0.8562977910041808 -0.71280694007873524 0.50197042524814617 -1.6344369649887083 1.5471168756484988 -1.249278128147125 1.3740616440773012 0.21963211894035342 -1.4556132555007932 0.48127414286136633 1.1708326339721682 -1.5931699275970457 -0.69905126094818104 0.75816252827644359 -1.1667441129684446 1.4406213760375979 -0.90169563889503468 0.55665695667266857 0.45853486657142645 0.56712579727172863 -1.1117213964462278 0.024168025236576799 -1.6894596219062803 0.3162060827016831 0.27493907511234289 0.24742772430181506 -0.24600152671337125 0.93633723258972179 -0.22647736221551892 0.41249577701091772 -0.32913015782833094 0.69743552803993236 -0.399532601237297 -0.040110195055603974 0.7031398117542268 -0.79534095525741566 -0.86411932110786427 0.99200892448425304 0.58884355425834667 1.0882986783981325 0.30122427642345434 -0.67232638597488392 0.045885797590017326 1.6802362799644472 -0.093357957899570451 -1.5381472110748289 -0.60545364022254933 -0.63027289509773243 1.6136765480041506 0.17130158096551898 -0.12786052748560903 1.4700673818588259 -1.1438745856285093 1.0442760586738589 0.34994289278984075 0.23319111764431003 -1.0291873812675474 -1.2630338072776792 0.30122427642345434 -1.3223675489425657 -0.67081829905509938 -0.32332566380500788 0.32287797331810003 0.041092643514275558 0.36618536710739141 0.68938416242599498 0.13275895640254023 -1.125477075576782 -1.3180564641952512 0.69743552803993236 -0.11998183652758597 1.0332759618759157 -0.49707196652889246 0.84946307539939891
decision_type=2 2 2 2 2 2 2 2 2 2 2 2 2 2 2 2 2 2 2 2 2 2 2 2 2 2 2 2 2 2 2 2 2 2 2 2 2 2 2 2 2 2 2 2 2 2 2 2 2 2 2 2 2 2 2 2 2 2 2 2 2 2 2 2 2 2 2 2 2 2 2 2 2 2 2 2 2 2 2 2 2 2 2 2 2 2 2 2 2 2 2 2 2 2 2 2 2 2 2 2 2 2 2 2 2 2 2 2 2 2 2
left_child=1 17 3 4 32 9 16 19 13 21 11 23 91 14 15 49 -4 34 56 60 -19 22 74 24 50 29 40 48 39 -22 -15 70 53 100 95 96 37 38 44 -29 -27 -25 45 54 -17 -30 -21 -23 -28 -6 -7 78 58 86 -14 98 -13 104 -26 -31 61 62 -8 103 79 106 -65 -68 69 -16 81 75 73 -55 -2 -9 108 -63 -44 88 -12 -5 -50 -51 -85 -20 -3 -40 -56 -10 -81 -11 -39 -59 105 -1 -24 -88 -18 -38 -33 -45 110 -62 -34 -36 -32 -91 -37 -61 -77
right_child=5 2 6 31 8 10 7 71 89 12 80 18 43 30 68 36 55 20 85 46 25 47 35 41 52 26 27 28 42 59 65 33 57 -35 94 76 99 92 87 -41 -42 -43 51 101 -46 -47 -48 -49 82 83 -52 -53 -54 72 64 -57 -58 93 -60 109 63 77 -64 66 -66 -67 67 -69 -70 -71 -72 -73 -74 -75 -76 102 -78 -79 -80 90 -82 -83 -84 84 -86 -87 97 -89 -90 107 -92 -93 -94 -95 -96 -97 -98 -99 -100 -101 -102 -103 -104 -105 -106 -107 -108 -109 -110 -111 -112
leaf_value=-0.036747763216495519 0.054973686678068984 0.014905451285651045 -0.026056619687005879 0.024827063988362041 -0.031781063973903657 0.029043482047206956 -0.037674364041198387 -0.0053762972072921942 0.019397736084647479 -0.065343015090278955 0.065201064974069606 -0.01274908997763235 -0.01287960332545747 -0.062607393315039492 0.014942663918870192 -0.079752376931054247 -0.11560996256091378 -0.093615649081766616 0.021568072148199596 -0.0685922506276299 -0.06074606509044253 0.051861105177753657 -0.0053936642255972729 0.066511169221738109 0.0029577983543276789 -0.04571357718829451 -0.046714171380908408 -0.1057518825531006 -0.056120320823457505 -0.027227436279257139 -0.038249472750199812 0.045130076452537825 -0.015203081324164355 0.033267792766348697 -0.014605218482514224 0.0042003167071885871 -0.0071797611990145269 -0.071235481947660453 -0.0041431961079069881 -0.060613415638605755 -0.090650078710520055 0.027604790188372138 -0.059729693423617974 0.033449028748454471 -0.040701262094080454 -0.023545782042688122 -0.046743653365250298 0.017699431616347284 -0.013461097657054137 -0.0011825865202702744 0.04893125799083084 -0.032285765697390348 0.046653752716688007 0.018862834991887213 0.0019206947012042456 -0.13375473094708992 -0.038980427086353304 0.014470004332675177 0.024264099405357436 0.0022976839549041224 -0.023589453420468739 -0.060182997211813929 -0.012042218509354982 -0.037119929066726141 0.017739290588493037 -0.017375104477757527 -0.0089030701184162394 -0.032825405679402814 0.0071156301458055781 0.032413576910757039 0.028411470768707137 0.0017384450694184778 0.012107035558184853 0.033959124816151764 0.034266644794689986 -0.015492771339352028 0.030819628953933715 -0.040509824853922641 -0.045714372040137008 0.0036452831718435681 0.079403460248608462 0.042022146943670055 -0.025529450247133219 -0.0037754153581215869 -0.014256414031881529 0.041402265763488315 0.01539395154199817 -0.019996682460769081 0.016836791809486308 0.010693898761377938 -0.0072560777002945546 -0.04294447869062424 -0.049668482070167858 0.0035500526829855515 -0.019778506712331861 -0.024649613016113944 -0.021836258933461947 0.024904343448930756 -0.085533102022276986 -0.024134969072682519 0.061550423183611459 0.019528659490040609 -0.023577879025385932 -0.012380760925589131 -0.0016361594166872757 -0.0038374486702625016 -0.027603337168693544 0.00047070812865125915 0.017158011437670605 -0.0098578650803704346 -0.0068453324251235102
leaf_weight=74 34 262 23 27 24 52 54 153 51 22 99 38 40 82 44 34 21 31 27 84 28 128 21 183 27 28 26 49 26 29 147 26 27 88 26 22 20 59 31 32 52 24 76 32 43 133 144 23 112 196 456 58 25 43 32 32 39 65 92 20 34 31 57 97 54 28 26 30 23 72 139 52 22 129 37 77 24 55 91 109 106 103 53 97 74 28 54 39 45 142 44 29 23 59 21 48 28 105 35 20 167 35 25 63 27 105 40 26 36 55 51
leaf_count=74 34 262 23 27 24 52 54 153 51 22 99 38 40 82 44 34 21 31 27 84 28 128 21 183 27 28 26 49 26 29 147 26 27 88 26 22 20 59 31 32 52 24 76 32 43 133 144 23 112 196 456 58 25 43 32 32 39 65 92 20 34 31 57 97 54 28 26 30 23 72 139 52 22 129 37 77 24 55 91 109 106 103 53 97 74 28 54 39 45 142 44 29 23 59 21 48 28 105 35 20 167 35 25 63 27 105 40 26 36 55 51
internal_value=-0.000134281 -0.0135748 -0.00612959 0.00614934 -0.00341953 0.03344 -0.0346393 -0.0280465 -0.0158344 0.0144054 0.0460701 0.0404532 0.000847757 -0.0213206 -0.0136197 -0.0213391 -0.0951953 -0.0376808 -0.00189368 -0.03859 -0.0433745 0.0313308 0.0195874 0.0469552 0.0420418 -0.0414745 -0.0447206 -0.0408356 -0.0486438 -0.0231748 -0.0419227 0.0427639 0.0171616 0.0514887 -0.0189096 0.00568206 -0.0431053 -0.0477427 -0.0372611 -0.0888761 -0.0756808 0.0621547 -0.0399484 0.00807852 -0.058746 -0.0291899 -0.0550575 0.0468083 -0.0216718 -0.00629265 0.0469566 -0.0473884 0.0244992 0.0209899 0.0041844 -0.11277 -0.0263645 0.0038912 0.0194948 -0.0125773 -0.0300863 -0.0351765 -0.024737 -0.0259511 0.00662454 -0.0337803 -0.0317904 -0.0220697 0.0229242 0.025971 0.0334928 -0.00811485 0.0283237 0.0303159 0.0448085 -0.00978947 0.0180957 -0.0482116 -0.0524102 0.00394949 0.0728945 0.0386676 -0.017468 -0.004544 -0.00836757 0.0322245 0.0175513 -0.0131331 0.010742 0.0115937 0.000483491 -0.0536774 -0.0658575 0.00934419 -0.00807998 -0.0322269 -0.0150382 0.0217908 -0.0986423 -0.0160393 0.0595824 0.0265713 -0.0141391 -0.0165102 -0.0085727 -0.00606902 -0.0361312 0.00912389 0.0123975 -0.0066288 -0.0121271
internal_weight=6966 4975 3802 2658 2108 1991 1144 1033 1315 795 1196 991 442 1096 799 660 111 1173 132 675 899 353 202 859 652 868 736 656 465 132 297 550 793 281 274 131 269 229 147 81 80 207 384 391 77 159 228 151 191 391 508 225 144 615 324 88 77 178 119 104 447 197 111 250 284 215 153 56 139 116 269 358 194 172 71 306 82 86 167 230 205 130 165 367 171 55 421 70 77 219 153 51 82 124 152 122 49 159 56 40 193 67 153 97 54 131 187 168 58 75 128
internal_count=6966 4975 3802 2658 2108 1991 1144 1033 1315 795 1196 991 442 1096 799 660 111 1173 132 675 899 353 202 859 652 868 736 656 465 132 297 550 793 281 274 131 269 229 147 81 80 207 384 391 77 159 228 151 191 391 508 225 144 615 324 88 77 178 119 104 447 197 111 250 284 215 153 56 139 116 269 358 194 172 71 306 82 86 167 230 205 130 165 367 171 55 421 70 77 219 153 51 82 124 152 122 49 159 56 40 193 67 153 97 54 131 187 168 58 75 128
is_linear=0
shrinkage=0.05


end of trees

feature_importances:
Column_9=275
Column_2=65
Column_0=23
Column_5=16
Column_7=15
Column_6=14
Column_4=12
Column_3=11
Column_1=10
Column_8=3

parameters:
[boosting: gbdt]
[objective: regression]
[metric: l2]
[tree_learner: serial]
[device_type: cpu]
[data_sample_strategy: bagging]
[data: ]
[valid: ]
[num_iterations: 600]
[learning_rate: 0.05]
[num_leaves: 112]
[num_threads: 16]
[seed: 2023]
[deterministic: 0]
[force_col_wise: 0]
[force_row_wise: 0]
[histogram_pool_size: -1]
[max_depth: 20]
[min_data_in_leaf: 20]
[min_sum_hessian_in_leaf: 0.001]
[bagging_fraction: 0.9]
[pos_bagging_fraction: 1]
[neg_bagging_fraction: 1]
[bagging_freq: 1]
[bagging_seed: 26561]
[bagging_by_query: 0]
[feature_fraction: 0.85]
[feature_fraction_bynode: 1]
[feature_fraction_seed: 22040]
[extra_trees: 0]
[extra_seed: 25715]
[early_stopping_round: 0]
[early_stopping_min_delta: 0]
[first_metric_only: 0]
[max_delta_step: 0]
[lambda_l1: 0]
[lambda_l2: 1]
[linear_lambda: 0]
[min_gain_to_split: 0]
[drop_rate: 0.1]
[max_drop: 50]
[skip_drop: 0.5]
[xgboost_dart_mode: 0]
[uniform_drop: 0]
[drop_seed: 17353]
[top_rate: 0.2]
[other_rate: 0.1]
[min_data_per_group: 100]
[max_cat_threshold: 32]
[cat_l2: 10]
[cat_smooth: 10]
[max_cat_to_onehot: 4]
[top_k: 20]
[monotone_constraints: ]
[monotone_constraints_method: basic]
[monotone_penalty: 0]
[feature_contri: ]
[forcedsplits_filename: ]
[refit_decay_rate: 0.9]
[cegb_tradeoff: 1]
[cegb_penalty_split: 0]
[cegb_penalty_feature_lazy: ]
[cegb_penalty_feature_coupled: ]
[path_smooth: 0]
[interaction_constraints: ]
[verbosity: 1]
[saved_feature_importance_type: 0]
[use_quantized_grad: 0]
[num_grad_quant_bins: 4]
[quant_train_renew_leaf: 0]
[stochastic_rounding: 1]
[linear_tree: 0]
[max_bin: 255]
[max_bin_by_feature: ]
[min_data_in_bin: 3]
[bin_construct_sample_cnt: 200000]
[data_random_seed: 6644]
[is_enable_sparse: 1]
[enable_bundle: 1]
[use_missing: 1]
[zero_as_missing: 0]
[feature_pre_filter: 1]
[pre_partition: 0]
[two_round: 0]
[header: 0]
[label_column: ]
[weight_column: ]
[group_column: ]
[ignore_column: ]
[categorical_feature: ]
[forcedbins_filename: ]
[precise_float_parser: 0]
[parser_config_file: ]
[objective_seed: 2023]
[num_class: 1]
[is_unbalance: 0]
[scale_pos_weight: 1]
[sigmoid: 1]
[boost_from_average: 1]
[reg_sqrt: 0]
[alpha: 0.9]
[fair_c: 1]
[poisson_max_delta_step: 0.7]
[tweedie_variance_power: 1.5]
[lambdarank_truncation_level: 30]
[lambdarank_norm: 1]
[label_gain: ]
[lambdarank_position_bias_regularization: 0]
[eval_at: ]
[multi_error_top_k: 1]
[auc_mu_weights: ]
[num_machines: 1]
[local_listen_port: 12400]
[time_out: 120]
[machine_list_filename: ]
[machines: ]
[gpu_platform_id: -1]
[gpu_device_id: -1]
[gpu_use_dp: 0]
[num_gpu: 1]

end of parameters

pandas_categorical:null
