tree
version=v4
num_class=1
num_tree_per_iteration=1
label_index=0
max_feature_idx=9
objective=regression
feature_names=Column_0 Column_1 Column_2 Column_3 Column_4 Column_5 Column_6 Column_7 Column_8 Column_9
feature_infos=[-4.9281487464904785:0.63685661554336548] [-2.6146364212036133:3.7100627422332764] [-5.1990861892700195:1.272971510887146] [-2.2269694805145264:2.5527749061584473] [-5.5711894035339355:1.3641557693481445] [-1.9902403354644775:2.1465384960174561] [-1.982926607131958:1.6860036849975586] [-2.3018357753753662:1.4582350254058838] [-2.4405524730682373:1.9915002584457397] [-1.7305047512054443:1.7332621812820435]
tree_sizes=4984 5099 5436 5177 5191 5538 5471 5727 5635 5468 5726 5734 5746 5732 5733

Tree=0
num_leaves=56
num_cat=0
split_feature=1 9 1 9 1 9 9 9 9 9 5 9 9 9 9 1 9 1 9 9 9 9 9 9 9 9 3 9 9 4 9 9 9 9 9 9 9 2 3 9 9 3 5 2 5 9 9 9 9 0 4 2 6 5 3
split_gain=2320.18 1010.27 1539.04 1273.7 159.936 142.763 101.288 96.396 56.163 36.0972 26.9496 20.6903 20.531 16.5999 16.343 13.4455 9.29368 8.97294 5.28557 3.83935 3.80937 3.52228 3.31955 2.66866 2.63223 2.21406 1.91799 1.73755 1.65797 1.51513 1.21473 1.10334 1.06098 0.822895 0.756561 0.443798 0.32671 0.325606 0.28006 0.265796 0.252475 0.222901 0.196 0.161822 0.144187 0.130129 0.125085 0.227761 0.123572 0.110166 0.0578211 0.0494001 0.168977 0.0391252 0.0152051
threshold=-1.4287564754486082 0.5775638520717622 0.41595189273357397 -1.001676023006439 1.0000000180025095e-35 -0.19985347986221311 -1.3318121433258054 1.3873735666275027 0.24742772430181506 -0.75407394766807545 0.92711439728736889 -0.01348631316795945 1.1570770144462588 -1.5243915915489195 0.53629684448242199 0.1524230241775513 -1.1667441129684446 -0.63816359639167775 0.64811712503433239 1.102054297924042 -1.6481926441192625 0.21991638094186786 1.3075019121170046 -0.89163067936897267 -0.11998183652758597 1.4406213760375979 -0.32913015782833094 0.60685011744499218 -1.2767894864082334 0.80919095873832714 -1.0704543590545652 -0.25310124456882471 -1.3868348598480222 0.3299617618322373 0.67562848329544078 -0.63027289509773243 1.1845883131027224 -0.01926855510100722 1.6389943361282351 1.4139974117279055 -0.65778425335884083 -0.18854984268546102 -1.0795314908027647 0.71915432810783397 -0.55471602082252491 1.5071810483932497 1.6003646254539492 1.6669243574142458 -1.194255471229553 0.14964788407087329 -0.50411303341388691 0.52368924021720897 -0.95686948299407948 -0.55471602082252491 -1.172612130641937
decision_type=2 2 2 2 2 2 2 2 2 2 2 2 2 2 2 2 2 2 2 2 2 2 2 2 2 2 2 2 2 2 2 2 2 2 2 2 2 2 2 2 2 2 2 2 2 2 2 2 2 2 2 2 2 2 2
left_child=10 3 4 6 17 9 13 12 11 23 -1 24 27 20 33 -6 28 -3 -17 34 -2 -13 36 41 -7 39 35 -4 54 -16 44 40 -15 -10 -20 -11 -14 -24 -38 -9 -28 -5 -25 -39 49 -27 -47 -48 53 -18 -43 52 -32 -30 -8
right_child=1 2 7 5 15 8 16 25 14 26 -12 21 22 32 29 18 30 -19 19 -21 -22 -23 37 42 -26 45 31 -29 48 -31 51 -33 -34 -35 -36 -37 38 43 -40 -41 -42 50 -44 -45 -46 46 47 -49 -50 -51 -52 -53 -54 -55 -56
leaf_value=-0.092538586869233719 -0.052853465422135065 -0.13490700948389076 -0.019248743783116272 0.010171134637805199 -0.091956953059255289 0.049023814414679651 -0.019945583778927928 0.014101575131713565 0.052021351932377606 0.033982713231771641 -0.14918844960949834 0.07643894300342341 -0.0091870670848939358 -0.030299430211173421 0.010642981477521466 -0.04466136365684728 0.0014111646557620802 -0.11000846892922854 -0.063944052764670772 -0.052583103687456098 -0.040344214129833009 0.057376642229171965 0.010303048043301738 0.024435931410404416 0.060652586588877448 0.024590828122707582 0.032127725874499309 -0.034329885075941834 -0.0083802721076814829 0.026909450493268545 0.0045206365813150289 0.042593400978825774 -0.022809595271889513 0.045498610311191227 -0.080160157721087116 0.043836507209376936 -0.0051007042816309097 0.0013554124490092819 -0.00015371654797668243 0.020978132148596024 0.036150031204203403 0.01273083855539703 0.020261508776298003 0.0059700499099181346 -0.0037062739684804507 0.029866224957090938 0.024146050454756339 0.028870621801532163 -0.0064541639748363 -0.0021137034479641235 0.015973702455608137 0.0040917686430892494 0.0096871389198983499 -0.010964295952392658 -0.016249188441400709
leaf_weight=40 168 254 51 59 75 164 61 56 172 40 343 482 54 288 42 60 70 112 54 61 249 55 42 149 212 134 173 76 54 44 56 112 114 419 69 240 185 47 53 49 561 63 129 67 61 192 138 133 50 57 111 40 42 107 52
leaf_count=40 168 254 51 59 75 164 61 56 172 40 343 482 54 288 42 60 70 112 54 61 249 55 42 149 212 134 173 76 54 44 56 112 114 419 69 240 185 47 53 49 561 63 129 67 61 192 138 133 50 57 111 40 42 107 52
internal_value=-0.000120703 0.00814911 -0.0280003 0.0232552 -0.100486 0.0443339 -0.0230477 0.0109304 0.0571456 0.0318626 -0.143528 0.0668939 -0.00727882 -0.0370706 0.0439199 -0.0690667 -0.00534909 -0.127608 -0.0616842 -0.0669637 -0.0454983 0.0745968 -0.00122108 0.018581 0.055724 0.0258344 0.0378682 -0.0284714 -0.0125294 0.019179 0.00180366 0.0362687 -0.0282373 0.0474816 -0.073614 0.0425548 -0.00499085 0.00582201 -0.00400432 0.0174783 0.035247 0.0137355 0.0225784 0.00409586 -0.00133434 0.0272724 0.0279939 0.0265624 -0.00931236 -0.000175014 0.014879 0.00605746 0.00681034 -0.0101547 -0.018402
internal_weight=7041 6658 1962 4696 685 3227 1469 1277 1590 1637 383 913 575 819 677 319 650 366 244 184 417 537 448 511 376 702 1126 127 324 86 326 846 402 591 123 280 292 156 238 105 734 233 278 114 188 597 463 271 211 127 174 138 98 161 113
internal_count=7041 6658 1962 4696 685 3227 1469 1277 1590 1637 383 913 575 819 677 319 650 366 244 184 417 537 448 511 376 702 1126 127 324 86 326 846 402 591 123 280 292 156 238 105 734 233 278 114 188 597 463 271 211 127 174 138 98 161 113
is_linear=0
shrinkage=1


Tree=1
num_leaves=57
num_cat=0
split_feature=1 9 1 9 1 9 9 9 9 9 8 9 9 9 9 1 9 1 9 9 9 9 9 9 9 9 9 9 9 9 7 9 9 9 9 9 9 9 2 9 9 9 4 2 5 5 7 9 2 6 5 0 0 2 9 9
split_gain=2026.6 835.789 1301.39 1116.29 142.473 122.904 91.3846 83.6141 46.4321 31.1445 18.934 18.7816 17.6685 13.9759 13.4865 11.7329 7.8321 7.20901 4.55486 4.12434 3.4768 3.30854 3.16609 2.56103 2.259 1.80092 1.79632 1.47158 1.20218 1.05115 2.75304 1.21351 0.882223 0.596166 0.494626 0.447512 0.441141 0.356848 0.277477 0.246966 0.231176 0.181958 0.16803 0.136472 0.130375 0.0976522 0.0857544 0.072178 0.0614089 0.0305573 0.0263363 0.0260098 0.0222691 0.00696575 0.00660979 0.216604
threshold=-1.4287564754486082 0.5775638520717622 0.41595189273357397 -1.001676023006439 1.0000000180025095e-35 -0.19985347986221311 -1.3318121433258054 1.3873735666275027 0.24742772430181506 -0.74031826853752125 0.44369028508663183 1.1570770144462588 -0.01348631316795945 -1.5243915915489195 0.53629684448242199 0.1524230241775513 -1.194255471229553 -0.63816359639167775 0.64811712503433239 1.102054297924042 0.21991638094186786 -1.6481926441192625 1.3075019121170046 -0.89163067936897267 -0.11998183652758597 0.60685011744499218 1.4139974117279055 -1.0704543590545652 -1.2767894864082334 -0.65778425335884083 -0.28810873627662653 -0.25310124456882471 -1.3868348598480222 0.3299617618322373 0.67562848329544078 1.5071810483932497 -0.60276153683662403 1.1845883131027224 0.024168025236576799 -1.1392327547073362 -0.76782962679862965 1.2143183350563052 -0.53789392113685597 0.71915432810783397 -0.77081695199012745 -0.5855882167816161 -1.2740830183029173 -1.249278128147125 0.43681606650352484 0.038097223732620485 -1.0795314908027647 0.19295527786016467 0.084686793386936202 0.13275895640254023 1.6003646254539492 1.6935482025146487
decision_type=2 2 2 2 2 2 2 2 2 2 2 2 2 2 2 2 2 2 2 2 2 2 2 2 2 2 2 2 2 2 2 2 2 2 2 2 2 2 2 2 2 2 2 2 2 2 2 2 2 2 2 2 2 2 2 2
left_child=10 3 4 6 17 9 13 11 12 23 -1 25 24 21 33 -6 28 -3 -17 34 49 -2 37 42 -7 -4 -9 39 51 -11 36 -32 -15 -10 -20 -28 -31 -13 -24 48 50 -39 -5 -40 -44 -41 52 -30 -18 -14 -25 -8 -29 -49 -37 -56
right_child=1 2 7 5 15 8 16 26 14 29 -12 22 20 32 -16 18 27 -19 19 -21 -22 -23 38 40 -26 -27 35 46 47 30 31 -33 -34 -35 -36 54 -38 41 43 45 -42 -43 44 -45 -46 -47 -48 53 -50 -51 -52 -53 -54 -55 55 -57
leaf_value=-0.091921599368963922 -0.049648488449627125 -0.12628364920129581 -0.017599170636047014 0.0093401724705472599 -0.086599426648833536 0.046182390742185636 -0.019129971109330655 0.013134657107996491 0.048896258296789945 0.03077633438699217 -0.14000629521265229 -0.0088331010958479176 0.069299454069605054 -0.028647770647720623 0.017639539548410819 -0.041804763295433735 -0.0027979688614141198 -0.1032747859954834 -0.059769458323717113 -0.048208212635733869 0.053375673796001229 -0.03803312071831897 0.00952996474242984 0.021901045895758128 0.056994877637818804 -0.032560618488819568 0.022268948266139395 0.0052158398066409102 -0.011258541997522116 0.035935597684648296 0.031917421795972963 0.039880692194808616 -0.021531417457000265 0.042944059408934414 -0.075017939139814929 0.027773720069277669 0.042342602330811163 -0.0004683241710115812 0.0015860679466277361 0.00048463704473129945 0.025919035581025207 -0.0043884264976093235 0.015260502772556769 0.0058506563220820998 0.011205989807134583 -0.0029194376598620279 0.0073811614709465125 -0.0091549318403849594 -0.0058767323371850784 0.076365353076354309 0.019034402459263799 -0.015369679514529571 0.0030582264778999291 -0.0073078933639115972 0.023589947076271409 0.028623940743505952
leaf_weight=41 168 244 54 47 65 163 59 52 161 165 336 55 305 278 77 65 47 109 47 65 56 255 51 125 214 76 194 42 55 107 409 109 105 418 67 185 293 56 46 97 54 181 110 68 62 43 56 47 53 160 124 52 40 60 183 79
leaf_count=41 168 244 54 47 65 163 59 52 161 165 336 55 305 278 77 65 47 109 47 65 56 255 51 125 214 76 194 42 55 107 409 109 105 418 67 185 293 56 46 97 54 181 110 68 62 43 56 47 53 160 124 52 40 60 183 79
internal_value=5.58851e-05 0.0078412 -0.0251738 0.0217334 -0.0934032 0.0417676 -0.0217026 0.0101589 0.0538015 0.0300898 -0.135034 -0.00649892 0.0627038 -0.0351947 0.0415383 -0.0633115 -0.00496979 -0.119491 -0.0567796 -0.061955 0.0700055 -0.0427525 -0.000755989 0.0179973 0.0524545 -0.0265276 0.0242579 0.000627408 -0.0126938 0.0358964 0.0367821 0.0336667 -0.026758 0.0446806 -0.0693057 0.0251384 0.0407226 -0.00450526 0.00586626 -0.00220999 0.0215934 -0.00346802 0.0129465 0.00415861 0.0138722 -0.00057419 0.00554241 -0.00929875 -0.00447174 0.0718894 0.0205553 -0.0175214 0.00421287 -0.00819647 0.0263312 0.0252109
internal_weight=6935 6558 1942 4616 662 3159 1457 1280 1554 1605 377 587 898 806 656 309 651 353 244 179 521 423 457 522 377 130 693 378 273 1083 918 518 383 579 114 641 400 292 165 240 303 237 219 114 172 140 138 162 100 465 249 111 82 107 447 262
internal_count=6935 6558 1942 4616 662 3159 1457 1280 1554 1605 377 587 898 806 656 309 651 353 244 179 521 423 457 522 377 130 693 378 273 1083 918 518 383 579 114 641 400 292 165 240 303 237 219 114 172 140 138 162 100 465 249 111 82 107 447 262
is_linear=0
shrinkage=0.06


Tree=2
num_leaves=61
num_cat=0
split_feature=1 9 1 9 1 9 9 9 9 9 8 9 9 9 9 1 9 1 9 9 9 9 9 9 9 9 9 7 3 9 9 9 9 9 5 5 9 5 9 5 7 2 9 5 2 3 9 9 2 2 9 3 9 3 9 9 0 9 2 2
split_gain=1856.35 770.119 1192.62 988.002 125.413 107.116 85.8771 73.5364 43.5435 24.7485 23.5832 16.4359 15.7009 13.0204 12.7176 10.518 7.84071 6.7467 3.58513 3.30456 2.9016 2.63624 2.33527 2.05635 1.63281 1.52147 1.46841 1.37456 1.27488 1.24903 1.17082 0.952426 0.768544 0.677738 0.407715 0.348445 0.342367 0.339805 0.303436 0.266767 0.240783 0.233622 0.219077 0.208982 0.185511 0.183418 0.162246 0.13004 0.123946 0.0879707 0.070987 0.0695513 0.0547461 0.0436079 0.0353507 0.181845 0.0249034 0.020438 0.00641465 0.083387
threshold=-1.4287564754486082 0.5775638520717622 0.41595189273357397 -0.98792037367820729 1.0000000180025095e-35 -0.19985347986221311 -1.3318121433258054 1.3873735666275027 0.24742772430181506 -0.74031826853752125 0.40732413530349737 1.1570770144462588 -0.040110195055603974 0.5500524938106538 -1.5519028902053831 0.1524230241775513 -1.1667441129684446 -0.63816359639167775 0.64811712503433239 1.102054297924042 1.3075019121170046 0.21991638094186786 -1.6481926441192625 -0.89163067936897267 1.4139974117279055 -1.0566987395286558 0.60685011744499218 -1.7587140202522276 -0.32913015782833094 -1.3868348598480222 -0.11998183652758597 0.3299617618322373 -0.25310124456882471 0.013581299688667061 1.3593154549598696 1.1432152986526491 0.67562848329544078 -0.52384456992149342 1.1845883131027224 -1.0795314908027647 -0.15441707521677014 -0.01926855510100722 -0.61651721596717823 -0.83255985379219044 0.32822409272193914 1.6389943361282351 -1.5243915915489195 -1.194255471229553 0.71915432810783397 0.15447776764631274 -1.4556132555007932 -0.32913015782833094 -1.249278128147125 -1.172612130641937 1.6003646254539492 1.6935482025146487 0.19295527786016467 -0.93289768695831288 0.21963211894035342 0.91461947560310375
decision_type=2 2 2 2 2 2 2 2 2 2 2 2 2 2 2 2 2 2 2 2 2 2 2 2 2 2 2 2 2 2 2 2 2 2 2 2 2 2 2 2 2 2 2 2 2 2 2 2 2 2 2 2 2 2 2 2 2 2 2 2
left_child=10 3 4 6 17 9 14 11 12 23 -1 26 30 31 22 -6 27 -3 -17 36 38 33 -2 43 -9 37 -4 53 42 46 -7 -10 40 -14 58 -33 -20 51 -13 56 -30 -22 -11 57 -27 -40 -16 52 -43 -45 -48 -18 -29 -8 -36 -56 -25 -5 -26 -60
right_child=1 2 7 5 15 8 16 24 13 28 -12 20 21 -15 29 18 25 -19 19 -21 41 -23 -24 39 34 44 -28 47 32 -31 -32 35 -34 -35 54 -37 -38 -39 45 -41 -42 48 -44 49 -46 -47 50 -49 -50 -51 -52 -53 -54 -55 55 -57 -58 -59 59 -61
leaf_value=-0.079959614223667541 -0.046850765922239843 -0.11901722349197025 -0.016263866437242386 0.012728782515136563 -0.082368070374835622 0.043621892151309218 -0.017704326858965017 0.012627664960535436 0.045976306847457224 0.031042660673459371 -0.13181236827915366 -0.0083707769132322727 0.059227825763090602 0.010740212162158319 -0.032335985216227443 -0.039781968489289277 0.0018442432768642901 -0.097203879271234778 -0.056847661545402127 -0.045430975840205237 0.0089765731464414023 0.050237629099896076 -0.036175623631223723 0.023832167571352928 0.022677846348378806 0.0089545519962101368 -0.03047501272880114 -0.010355111322012439 0.033075542405115815 -0.020079684532002397 0.052522521162607576 0.040418744838237763 0.037689895241388251 0.068210544672123216 0.026056250339868116 0.032784835728732024 -0.069957528425299592 -0.0060136580216505267 -0.0042610087798826317 0.018022554161196403 0.02985989136052759 0.0015554795695216135 0.03867666325785897 0.0080046379257072801 0.0045468920314435729 -0.00040569214223809064 -0.024916741944474283 -0.0050552100693393078 0.0055874879437033086 0.012192014212511024 -0.02863292255749305 -0.00072342581338148194 -0.0076853992538274945 -0.013941151429163781 0.022041260581463572 0.026495673237891676 0.020278824513608761 0.016117763873934744 0.016538704726128624 0.021379941242630592
leaf_weight=41 167 252 46 48 65 163 58 57 173 44 351 53 105 55 54 59 53 111 56 62 50 56 187 96 63 73 77 57 338 113 165 399 111 429 195 54 68 40 192 131 379 46 230 46 72 58 138 53 71 48 143 127 110 56 191 88 87 49 51 63
leaf_count=41 167 252 46 48 65 163 58 57 173 44 351 53 105 55 54 59 53 111 56 62 50 56 187 96 63 73 77 57 338 113 165 399 111 429 195 54 68 40 192 131 379 46 230 46 72 58 138 53 71 48 143 127 110 56 191 88 87 49 51 63
internal_value=0.000122383 0.00757587 -0.0238726 0.0207669 -0.0886512 0.039572 -0.0193988 0.00967942 0.0505731 0.0286009 -0.126606 -0.00590332 0.0591349 0.0389619 -0.0327847 -0.0602982 -0.00401552 -0.112632 -0.0541319 -0.0584467 -0.000775203 0.0650968 -0.0413294 0.0175464 0.022721 0.00206282 -0.0253343 -0.0106444 0.0336463 -0.0259557 0.0482454 0.0414203 0.0323047 0.0665583 0.023584 0.039583 -0.0645391 -0.00108402 -0.00427083 0.0205563 0.0314197 0.00555483 0.0375681 0.0125168 0.00681205 -0.00337176 -0.0278722 -0.00781293 0.00402887 0.0102487 -0.0269027 3.86223e-05 -0.00865283 -0.0159931 0.0246254 0.0235358 0.0222623 0.0145877 0.0206725 0.0193768
internal_weight=7073 6681 1974 4707 673 3206 1501 1301 1599 1607 392 593 918 681 802 310 699 363 245 186 470 590 354 505 708 365 123 334 1102 448 328 626 828 534 651 453 124 220 303 314 717 167 274 191 145 250 335 220 117 94 281 180 167 114 474 279 183 97 177 114
internal_count=7073 6681 1974 4707 673 3206 1501 1301 1599 1607 392 593 918 681 802 310 699 363 245 186 470 590 354 505 708 365 123 334 1102 448 328 626 828 534 651 453 124 220 303 314 717 167 274 191 145 250 335 220 117 94 281 180 167 114 474 279 183 97 177 114
is_linear=0
shrinkage=0.06


Tree=3
num_leaves=58
num_cat=0
split_feature=1 9 1 9 1 9 9 9 9 4 9 9 9 9 9 1 9 1 9 9 9 9 9 9 3 9 9 9 9 9 9 9 9 4 9 9 9 9 2 9 9 2 9 4 3 2 5 2 7 5 2 5 0 9 9 8 4
split_gain=1637.07 674.464 1023.08 855.438 107.368 93.8424 75.657 63.9417 38.2815 29.5295 22.2934 14.2904 14.214 11.7061 10.5951 7.55019 6.98996 6.20628 4.09034 2.60114 2.56804 2.33719 2.06977 1.90303 1.50429 1.49826 1.45529 1.2902 1.20183 1.0182 0.864196 0.796621 0.771041 0.488255 0.34845 0.344635 0.273486 0.254078 0.199342 0.197402 0.19011 0.181866 0.181206 0.160117 0.14315 0.115792 0.0881722 0.0803173 0.074614 0.0567826 0.055397 0.0384215 0.0375701 0.0343223 0.130909 0.00938541 0.00527657
threshold=-1.4287564754486082 0.5775638520717622 0.41595189273357397 -0.98792037367820729 1.0000000180025095e-35 -0.19985347986221311 -1.3318121433258054 1.3873735666275027 0.24742772430181506 0.842971831560135 -0.75407394766807545 -0.01348631316795945 1.1570770144462588 0.5500524938106538 -1.5519028902053831 0.1524230241775513 -1.1392327547073362 -0.63816359639167775 0.64811712503433239 0.20616070926189425 1.102054297924042 1.3075019121170046 -1.6481926441192625 -0.11998183652758597 -0.32913015782833094 -0.89163067936897267 -1.2767894864082334 1.4139974117279055 0.60685011744499218 -1.3868348598480222 -1.0566987395286558 -0.25310124456882471 0.49502982199192053 0.67406946420669567 1.5071810483932497 -0.63027289509773243 -1.194255471229553 1.1845883131027224 0.32822409272193914 0.3024504035711289 -1.5243915915489195 0.024168025236576799 -0.65778425335884083 -0.53789392113685597 1.6389943361282351 0.71915432810783397 -1.1412743926048277 0.43681606650352484 -1.4244858622550962 -0.55471602082252491 0.21963211894035342 -0.80168840289115895 0.19295527786016467 1.6003646254539492 1.6935482025146487 0.77552661299705516 -1.1438745856285093
decision_type=2 2 2 2 2 2 2 2 2 2 2 2 2 2 2 2 2 2 2 2 2 2 2 2 2 2 2 2 2 2 2 2 2 2 2 2 2 2 2 2 2 2 2 2 2 2 2 2 2 2 2 2 2 2 2 2 2
left_child=9 3 4 6 17 10 14 12 11 -1 25 23 28 32 22 -6 26 -3 -17 -13 33 37 -2 56 35 43 52 -9 -4 40 48 42 39 -20 55 -12 49 -14 -32 -10 -16 -23 -26 -5 -39 -43 -27 -38 -18 -28 -50 -45 -8 -36 -55 -29 -7
right_child=1 2 7 5 15 8 16 27 13 -11 24 19 21 -15 29 18 30 -19 20 -21 -22 41 -24 -25 31 46 36 34 -30 -31 38 -33 -34 -35 53 -37 47 44 -40 -41 -42 45 -44 51 -46 -47 -48 -49 50 -51 -52 -53 -54 54 -56 -57 -58
leaf_value=-0.068567623347043985 -0.044140343331709138 -0.11208369050295121 -0.015534795557751373 0.0081035591661930088 -0.075795302372712356 0.035426762625575065 -0.016775564844325436 0.012163640224108738 0.043981081040009209 -0.12462705453236898 0.028415966277772729 0.06401318785053732 -0.007826247737556696 0.010734554279595613 -0.030606657326221465 -0.036293788556861925 0.001298896073981618 -0.090969160927666562 -0.070100778064062425 0.050418254066916073 -0.04373470427661106 0.0082395321648800739 -0.034041202938745886 0.050427214976783111 0.026486992778819659 0.020790954045158752 -0.0066320468065210574 0.01822170026747412 -0.028065879744819444 -0.019025306803839546 0.0084372953244963213 0.035383235758001154 0.033372733020063106 -0.056069538831710813 0.02456732367882963 0.036605442017316817 -0.0025137993088942402 -0.003846918961462695 0.0038685427014519213 0.038878360904810082 -0.025304960986871395 0.0013916952353208623 0.029860931126510396 0.013599470854174383 -0.00029405270496664463 0.0053527201959778633 0.017541693509288168 -0.005976762959459544 -0.0026681457525317338 -0.0092677852567118989 0.00024030634987866505 0.010690515484246942 -0.013081059358557875 0.020740589281687368 0.024891422230750321 0.021278630663485575 0.042386588931083678
leaf_weight=42 163 247 50 43 64 47 58 55 114 350 43 445 49 59 59 58 77 107 42 84 57 47 188 213 171 93 60 113 78 104 73 109 115 79 182 239 48 192 70 392 266 46 560 100 52 65 190 53 46 111 47 53 48 181 79 71 119
leaf_count=42 163 247 50 43 64 47 58 55 114 350 43 445 49 59 59 58 77 107 42 84 57 47 188 213 171 93 60 113 78 104 73 109 115 79 182 239 48 192 70 392 266 46 560 100 52 65 190 53 46 111 47 53 48 181 79 71 119
internal_value=0.000144549 0.00725469 -0.0227249 0.0195704 -0.0835511 0.0370263 -0.0182717 0.00888801 0.0473669 -0.11881 0.0267464 0.0554607 -0.00576663 0.0364939 -0.0310669 -0.0568257 -0.00380452 -0.105976 -0.0513833 0.0619536 -0.0560699 -0.000741517 -0.0388432 0.0462587 0.0313762 0.0158588 -0.00928548 0.0213379 -0.0233293 -0.024629 0.00282316 0.0299642 0.03892 -0.0614746 0.0221232 0.0354615 -0.00691747 -0.00390936 0.00624324 0.0401125 -0.0263584 0.00512067 0.0291089 0.0117126 -0.00309404 0.0037383 0.0186789 -0.00437178 -7.34167e-05 -0.0083869 -0.00121136 0.0126678 -0.0152405 0.0231646 0.0220923 0.0195099 0.04064
internal_weight=6966 6574 1914 4660 654 3189 1471 1260 1588 392 1601 908 579 680 780 300 691 354 236 529 178 451 351 379 1122 479 378 681 128 429 313 840 621 121 626 282 272 293 143 506 325 158 731 196 244 111 283 101 170 171 93 153 106 442 260 184 166
internal_count=6966 6574 1914 4660 654 3189 1471 1260 1588 392 1601 908 579 680 780 300 691 354 236 529 178 451 351 379 1122 479 378 681 128 429 313 840 621 121 626 282 272 293 143 506 325 158 731 196 244 111 283 101 170 171 93 153 106 442 260 184 166
is_linear=0
shrinkage=0.06


Tree=4
num_leaves=58
num_cat=0
split_feature=1 9 1 9 1 9 9 9 9 4 9 9 9 9 9 1 9 1 9 9 9 9 9 9 9 9 9 9 3 9 4 1 9 9 4 6 9 9 9 2 9 9 6 5 4 3 5 9 9 9 9 2 2 9 2 8 3
split_gain=1414.69 615.177 943.055 769.922 97.3036 85.9759 61.558 60.0185 34.0812 27.6137 21.1906 12.8515 12.2635 10.1808 8.3167 8.00241 7.33839 5.71059 2.87218 2.85105 2.23094 1.77353 1.88591 1.71924 1.65455 1.52126 1.38604 1.33849 1.27606 1.07659 1.05851 0.871074 0.590751 0.458129 0.411555 0.382088 0.284497 0.240712 0.239017 0.202137 0.193176 0.190627 0.184404 0.18066 0.155492 0.132309 0.122519 0.0938297 0.146865 0.0917784 0.0836611 0.083178 0.0606761 0.0395527 0.0287682 0.0190658 0.0105513
threshold=-1.4287564754486082 0.5775638520717622 0.41595189273357397 -1.001676023006439 1.0000000180025095e-35 -0.19985347986221311 -1.373079180717468 1.3873735666275027 0.24742772430181506 0.842971831560135 -0.75407394766807545 1.1570770144462588 -0.066734075546264635 0.53629684448242199 -1.194255471229553 0.1524230241775513 -1.5519028902053831 -0.90169563889503468 0.64811712503433239 1.102054297924042 1.3075019121170046 0.21991638094186786 0.013581299688667061 -1.6481926441192625 -0.89163067936897267 -1.2767894864082334 1.4139974117279055 0.60685011744499218 -0.32913015782833094 -1.0566987395286558 0.80919095873832714 -0.37463472038507456 -0.25310124456882471 0.3299617618322373 0.67406946420669567 -0.08627621084451674 1.5071810483932497 1.1845883131027224 -0.68529558181762684 0.024168025236576799 -1.5243915915489195 -0.63027289509773243 -1.0812399387359617 -0.52384456992149342 -0.53789392113685597 1.6389943361282351 -1.0795314908027647 1.6003646254539492 1.6669243574142458 -0.96040901541709889 -1.304300785064697 0.32822409272193914 0.71915432810783397 -1.249278128147125 0.26306973397731787 0.72552382946014415 -1.3131957650184629
decision_type=2 2 2 2 2 2 2 2 2 2 2 2 2 2 2 2 2 2 2 2 2 2 2 2 2 2 2 2 2 2 2 2 2 2 2 2 2 2 2 2 2 2 2 2 2 2 2 2 2 2 2 2 2 2 2 2 2
left_child=9 3 4 6 17 10 16 11 12 -1 24 27 35 33 25 -6 23 -3 -17 34 37 22 -14 -2 44 50 -9 -4 41 42 -15 -19 38 -10 -20 -7 55 -13 -30 -22 -18 -12 -16 -44 -5 -39 -26 -38 -49 -46 -8 -31 -41 -27 -55 -28 -42
right_child=1 2 7 5 15 8 14 26 13 -11 28 20 21 30 29 18 40 31 19 -21 39 -23 -24 -25 46 53 36 -29 32 51 -32 -33 -34 -35 -36 -37 47 45 -40 52 56 -43 43 -45 49 -47 -48 48 -50 -51 -52 -53 -54 54 -56 -57 -58
leaf_value=-0.061929975951590187 -0.04154350211403586 -0.10897030365878137 -0.014545459189851369 0.007406158774718642 -0.072454616838777561 0.037041023684813913 -0.016650275647431823 0.010904183547044623 0.040548803299486992 -0.11715618171334609 0.027071608813797554 -0.0072996911247734161 0.051272672716309038 0.0072871509513684684 -0.0049239011045466071 -0.035630386617034673 -0.028752616213427649 -0.095120684911878847 -0.065871101699092174 -0.040395231563597915 0.0079745355431456114 0.044496410499184819 0.060432894838799676 -0.032330733723938465 0.019109957544308786 -0.0093441568836569785 0.017102116584445874 -0.027336032793119355 0.024054614247406944 0.0073951770052313797 0.020959720675918187 -0.078274218269756862 0.03312135124206543 0.035532606734948999 -0.053002491600373215 0.043795643879706594 0.023420756463892758 -0.0038060363357743389 0.028091993496618936 0.0015990426720298349 -0.025403026917151041 0.034217688540617623 0.00010716046085786622 -0.0043319805769431521 0.009609003506500173 -0.00050999356202925715 0.015834621370387526 0.018797366722770357 0.022521712825350142 0.012910526538267731 -0.013036077118526071 0.0039560121723583768 0.0044806548278194976 -0.0081662489044921176 -0.0058590303054320272 0.020070432186255167 -0.022437825629300478
leaf_weight=40 164 173 55 49 70 112 142 57 166 346 40 60 169 41 46 59 53 138 43 63 49 58 416 191 158 59 100 76 117 49 43 55 104 424 84 165 191 194 616 46 97 242 169 40 73 57 125 137 137 99 58 62 66 56 57 86 208
leaf_count=40 164 173 55 49 70 112 142 57 166 346 40 60 169 41 46 59 53 138 43 63 49 58 416 191 158 59 100 76 117 49 43 55 104 424 84 165 191 194 616 46 97 242 169 40 73 57 125 137 137 99 58 62 66 56 57 86 208
internal_value=-8.36183e-05 0.00639201 -0.0214795 0.0183117 -0.0784794 0.0346734 -0.0179626 0.00834019 0.0445763 -0.111608 0.024926 -0.00556684 0.052115 0.0342241 -0.0058023 -0.0539717 -0.0305236 -0.0996348 -0.0485066 -0.0522976 -0.000936474 0.0567425 0.0578786 -0.0366915 0.0146655 -0.0121074 0.0201759 -0.0221168 0.0295302 0.000621718 0.0144504 -0.0907481 0.0282207 0.0370102 -0.0578402 0.0412076 0.0209697 -0.00390076 0.0274812 0.00477831 -0.0243221 0.0333033 -0.00152663 -0.000759019 0.0106866 -0.00306253 0.0177241 0.0218859 0.0207347 0.0115729 -0.0156722 0.00552668 0.00332176 -0.00789566 -0.00706403 0.0185746 -0.0234608
internal_weight=7050 6664 1996 4668 685 3217 1451 1311 1594 386 1623 603 920 674 738 319 713 366 249 190 472 643 585 355 504 372 708 131 1119 366 84 193 837 590 127 277 651 311 733 161 358 282 255 209 221 251 283 465 274 172 200 111 112 172 113 186 305
internal_count=7050 6664 1996 4668 685 3217 1451 1311 1594 386 1623 603 920 674 738 319 713 366 249 190 472 643 585 355 504 372 708 131 1119 366 84 193 837 590 127 277 651 311 733 161 358 282 255 209 221 251 283 465 274 172 200 111 112 172 113 186 305
is_linear=0
shrinkage=0.06


Tree=5
num_leaves=62
num_cat=0
split_feature=1 9 1 9 1 9 9 9 9 5 9 9 9 9 9 1 1 9 9 9 9 9 9 9 9 9 9 7 9 6 9 1 9 9 3 9 9 4 5 3 9 5 3 9 4 7 4 5 3 7 3 0 9 9 7 4 0 8 9 9 9
split_gain=1276.02 539.204 835.009 680.102 86.3737 70.8043 57.7882 51.2982 32.6132 23.81 18.1793 11.2075 10.3553 8.22727 8.20177 7.0366 4.4874 4.09616 2.28155 2.40644 2.20974 2.14781 1.42833 1.27972 1.07581 0.938096 0.882578 1.58636 1.34649 0.74619 0.727162 0.692832 0.638424 0.57809 1.37553 0.55747 0.504425 0.494159 0.294761 0.261632 0.198354 0.172614 0.13905 0.127623 0.117378 0.115443 0.106247 0.0753153 0.0870713 0.0702779 0.0762034 0.0658189 0.0524805 0.039862 0.0325203 0.0304566 0.0108923 0.00558632 0.00529109 0.147444 0.0720707
threshold=-1.4287564754486082 0.5775638520717622 0.41595189273357397 -0.98792037367820729 1.0000000180025095e-35 -0.17322960495948789 -1.304300785064697 1.3873735666275027 0.24742772430181506 0.92711439728736889 -0.74031826853752125 1.1708326339721682 -1.5243915915489195 -0.01348631316795945 0.5500524938106538 0.1524230241775513 -0.90169563889503468 -1.1392327547073362 0.64811712503433239 1.102054297924042 0.20616070926189425 -1.6481926441192625 1.3075019121170046 -0.89163067936897267 1.4139974117279055 -1.3868348598480222 -0.65778425335884083 -0.57220324873924244 -0.25310124456882471 0.47339236736297613 -1.0566987395286558 -0.37463472038507456 -0.54773887991905201 0.60685011744499218 2.0607353448867802 -1.249278128147125 -0.11998183652758597 0.67406946420669567 1.2975725531578066 -1.172612130641937 0.068603988736867919 -1.0795314908027647 -0.61029079556465138 -1.194255471229553 0.9436233937740327 -1.1236801743507383 -0.53789392113685597 0.64927130937576305 1.6389943361282351 -1.4411970973014829 -0.18854984268546102 0.19295527786016467 -1.4556132555007932 -0.96040901541709889 -1.4579093456268308 -0.33589969575405115 0.3878390789031983 -1.3427647948265073 1.6003646254539492 1.6669243574142458 1.5338048934936526
decision_type=2 2 2 2 2 2 2 2 2 2 2 2 2 2 2 2 2 2 2 2 2 2 2 2 2 2 2 2 2 2 2 2 2 2 2 2 2 2 2 2 2 2 2 2 2 2 2 2 2 2 2 2 2 2 2 2 2 2 2 2 2
left_child=9 3 4 6 16 10 12 11 13 -1 23 33 21 36 29 -6 -3 35 -17 37 40 -2 47 46 -9 52 -12 32 -29 39 49 -18 -28 -4 -35 42 -7 -20 -26 -10 -15 51 -8 54 56 57 -5 -13 -49 -19 -51 -25 -14 -48 -37 -45 -24 -32 60 -60 -40
right_child=1 2 7 5 15 8 17 24 14 -11 26 22 25 20 -16 18 31 30 19 -21 -22 -23 44 41 38 -27 27 28 -30 -31 45 -33 -34 34 -36 43 -38 -39 58 -41 -42 -43 -44 55 -46 -47 53 48 -50 50 -52 -53 -54 -55 -56 -57 -58 -59 59 -61 -62
leaf_value=-0.059024529428016843 -0.038981656033568582 -0.10233461192874022 -0.01293386728144609 0.0075148543342947955 -0.067924050910132275 0.037542973260963911 -0.012578615254976533 0.010607574845863773 0.030053712001868658 -0.11035826268521222 0.023838569074869156 -0.00032028397269070493 -0.020591055210545765 0.05273479237527904 0.0091381299551927808 -0.033862089118996602 -0.089629479597692616 0.0013114993345944264 -0.062528654075250392 -0.038090156903633703 0.04423471719026565 -0.029516029000282287 0.0062615103615542584 0.020042740571434084 0.016663982422581613 -0.016238510831308787 0.029933934529711093 0.025224496083178182 0.031913282971742542 0.029007170625030991 0.0050326343887312289 -0.073619128649051374 0.036126952821558173 -0.027630113044689441 -0.013449301287531851 -0.0055639508822059721 0.044478341335624588 -0.049330054385752616 0.019389345586103831 0.036075148228941291 0.058869108637317424 0.01487762638983587 -0.0076812956269298278 -0.0046680376391824603 0.002094124973624606 0.0081424796513896031 0.0093725798811231352 -0.0039752949868673334 -0.0015047501302773065 -0.0030619492940604687 0.00024548593648093738 0.016449285139178118 -0.023722770314851253 0.012232423279850852 -0.007932162767642045 -0.0024156598737571648 0.0046710118889593732 0.0037507025236791034 0.01761773042167936 0.021228077966961072 0.022794341180557592
leaf_weight=40 162 171 51 41 69 112 65 55 69 351 167 42 138 166 52 60 145 67 40 64 83 249 58 91 130 168 223 453 171 119 42 51 142 57 49 59 220 78 113 434 276 123 41 55 54 46 48 145 82 43 58 85 138 103 55 42 51 52 139 138 132
leaf_count=40 162 171 51 41 69 112 65 55 69 351 167 42 138 166 52 60 145 67 40 64 83 249 58 91 130 168 223 453 171 119 42 51 142 57 49 59 220 78 113 434 276 123 41 55 54 46 48 145 82 43 58 85 138 103 55 42 51 52 139 138 132
internal_value=-8.21814e-05 0.00613431 -0.0201395 0.0172707 -0.0740391 0.032913 -0.0163175 0.00809336 0.0422081 -0.105271 0.0242522 -0.00498158 -0.026445 0.0500014 0.0322395 -0.0505028 -0.0937925 -0.00244297 -0.0452765 -0.0488339 0.0548083 -0.0333326 1.94898e-05 0.0145334 0.0189777 -0.0200088 0.0283641 0.0291034 0.0271056 0.034153 0.00248164 -0.0858584 0.0324354 -0.0186555 -0.0212618 -0.00722052 0.0422585 -0.054292 0.0196665 0.0353104 0.0566895 0.0170113 -0.0107739 -0.00539303 0.00443597 0.00565877 0.0106065 -0.00266318 -0.00309337 -0.000183788 -0.00117884 0.01841 -0.0222369 0.011391 -0.00676555 -0.00372738 0.00556656 0.00437043 0.0203809 0.0194863 0.0213091
internal_weight=7023 6632 1974 4658 678 3178 1480 1296 1531 391 1647 589 855 857 674 311 367 625 242 182 525 411 432 491 707 444 1156 989 624 622 308 196 365 157 106 317 332 118 652 503 442 299 106 211 163 140 192 269 227 168 101 176 276 151 114 97 109 94 522 277 245
internal_count=7023 6632 1974 4658 678 3178 1480 1296 1531 391 1647 589 855 857 674 311 367 625 242 182 525 411 432 491 707 444 1156 989 624 622 308 196 365 157 106 317 332 118 652 503 442 299 106 211 163 140 192 269 227 168 101 176 276 151 114 97 109 94 522 277 245
is_linear=0
shrinkage=0.06


Tree=6
num_leaves=61
num_cat=0
split_feature=1 9 1 9 1 9 9 9 9 5 9 9 9 7 9 1 1 9 9 9 9 9 9 9 7 4 9 9 9 7 6 9 9 9 1 9 9 4 5 9 9 3 9 3 2 5 2 2 5 2 3 3 5 4 2 4 9 9 9 2
split_gain=1105.43 480.026 725.961 602.303 77.3913 67.382 47.4066 45.6929 27.7087 23.645 16.7666 10.3434 8.43043 7.8424 7.61907 6.56937 4.61372 4.56533 4.06292 2.612 2.19854 1.67488 1.45822 1.16365 1.79663 1.05852 1.03177 1.00936 0.901228 0.832944 0.791321 0.778656 0.649788 0.598292 0.539667 0.457726 0.389231 0.35066 0.278092 0.176722 0.176664 0.154069 0.143566 0.156536 0.127459 0.108984 0.105176 0.0869909 0.0732967 0.0638176 0.0593337 0.0583678 0.0460628 0.0376205 0.0246306 0.0228315 0.0138603 0.0924387 0.0353251 0.00403942
threshold=-1.4287564754486082 0.5775638520717622 0.41595189273357397 -1.001676023006439 1.0000000180025095e-35 -0.19985347986221311 -1.3318121433258054 1.3341258168220522 0.24742772430181506 0.92711439728736889 -0.76782962679862965 -0.040110195055603974 0.5500524938106538 -0.62233790755271901 1.1570770144462588 0.1524230241775513 -0.90169563889503468 1.4139974117279055 -1.1667441129684446 0.64811712503433239 1.102054297924042 0.21991638094186786 -1.6481926441192625 -0.65778425335884083 -0.23797510564327237 0.33764275908470159 -0.89163067936897267 0.60685011744499218 -0.27972511947154993 -1.7587140202522276 0.47339236736297613 -0.11998183652758597 -1.3868348598480222 -1.0566987395286558 -0.37463472038507456 0.67562848329544078 1.2808780670166018 -0.63923451304435719 1.3284440040588381 1.3873735666275027 0.3024504035711289 -0.18854984268546102 1.1845883131027224 1.4984139800071719 0.71915432810783397 -0.55471602082252491 0.32822409272193914 -0.01926855510100722 -0.55471602082252491 0.48025263845920568 -0.32913015782833094 -1.172612130641937 -1.0795314908027647 -0.43655125796794886 0.045885797590017326 -1.1438745856285093 1.6003646254539492 1.6935482025146487 1.5338048934936526 0.19791434705257419
decision_type=2 2 2 2 2 2 2 2 2 2 2 2 2 2 2 2 2 2 2 2 2 2 2 2 2 2 2 2 2 2 2 2 2 2 2 2 2 2 2 2 2 2 2 2 2 2 2 2 2 2 2 2 2 2 2 2 2 2 2 2
left_child=9 3 4 6 16 10 13 14 11 -1 26 31 30 32 27 -6 -3 39 29 -17 35 25 -15 -12 37 -13 41 -4 -26 49 40 55 51 45 -18 -21 42 -25 -19 47 -10 -5 -16 -44 -38 50 -35 -9 59 -8 -20 -2 -28 -43 -50 -7 58 -58 -40 -31
right_child=1 2 7 5 15 8 18 17 12 -11 23 21 -14 22 36 19 34 38 33 20 -22 -23 -24 24 28 -27 52 -29 -30 48 -32 -33 -34 46 -36 -37 44 -39 56 -41 -42 53 43 -45 -46 -47 -48 -49 54 -51 -52 -53 -54 -55 -56 -57 57 -59 -60 -61
leaf_value=-0.052914105333933016 -0.02278952890530575 -0.096481071954423722 -0.012270973871345632 0.0066192186409753046 -0.063878895991469078 0.029276564704610944 -0.011028488448833765 0.0076424596987834034 0.036841618112615639 -0.10376848621395891 0.02172339366341746 0.049696280855573809 0.0086520574626422694 -0.036617923422557548 -0.0065421914790981797 -0.030881050435127691 -0.083990301652388147 0.015916258440572022 0.0016581132385181262 -0.044024948941336732 -0.035566101458764841 0.039257553062940896 -0.028326982152693476 0.031781156071103538 0.022595153292245297 0.057105322216044772 0.016383178370694317 -0.023816717774779707 0.028528448679024657 -0.0040466760150914965 0.027001572713637963 0.040922624112629306 -0.01579995856865456 0.0068227459341287612 -0.069442071190902163 -0.055748914331197733 -0.0016441286688911661 0.026987625608170352 0.018312370664115701 0.0099553232853090007 0.032323394134759272 0.0093969738499727097 -0.0042983085054438559 -0.00059996270951593201 0.0024046672060753084 -0.0029429650999918521 0.002971667094406352 0.0040001877151163556 -0.0085828270180540716 -0.014728326745655225 -0.00084063396987039594 -0.019900398762612941 0.013866553221258425 0.011873582513071596 -0.0063184275999665258 0.035274145544067888 0.01733950319271239 0.020781035875832594 0.021487843165720315 -0.0053196053128993625
leaf_weight=40 171 175 47 59 72 46 72 43 110 346 214 366 61 163 57 63 131 151 51 53 61 56 205 259 352 175 125 80 157 42 116 163 113 44 55 71 55 147 88 52 376 99 124 62 55 63 66 62 42 45 99 150 123 65 74 120 188 80 132 48
leaf_count=40 171 175 47 59 72 46 72 43 110 346 214 366 61 163 57 63 131 151 51 53 61 56 205 259 352 175 125 80 157 42 116 163 113 44 55 71 55 147 88 52 376 99 124 62 55 63 66 62 42 45 99 150 123 65 74 120 188 80 132 48
internal_value=-9.36992e-05 0.00568962 -0.0192231 0.0162057 -0.0691966 0.0307739 -0.0158778 0.00748097 0.0395303 -0.0986489 0.0220585 0.0462592 0.0300767 -0.0256123 -0.00713119 -0.0474639 -0.0882766 0.0162902 -0.00377165 -0.0424609 -0.046217 0.0510481 -0.0320886 0.0260278 0.0270097 0.0521939 0.012509 -0.0196731 0.0244776 -0.00851912 0.0322297 0.0374409 -0.0200597 0.000987451 -0.0800828 -0.0511302 -0.00257611 0.0301161 0.0185428 0.00706274 0.0334196 0.00946655 -0.00391202 -0.00307533 0.000383695 -0.000870053 0.00455969 0.00554981 -0.00617204 -0.0125643 1.42946e-05 -0.0215055 0.0151957 0.0104446 -0.00720465 0.0337974 0.0193213 0.0184403 0.0203063 -0.00477657
internal_weight=6980 6594 1957 4637 681 3189 1448 1276 1589 386 1600 926 663 802 480 320 361 796 646 248 185 597 368 1129 915 541 471 127 509 323 602 329 434 323 186 124 353 406 639 157 486 223 243 186 110 213 110 105 206 117 150 321 248 164 116 166 488 268 220 90
internal_count=6980 6594 1957 4637 681 3189 1448 1276 1589 386 1600 926 663 802 480 320 361 796 646 248 185 597 368 1129 915 541 471 127 509 323 602 329 434 323 186 124 353 406 639 157 486 223 243 186 110 213 110 105 206 117 150 321 248 164 116 166 488 268 220 90
is_linear=0
shrinkage=0.06


Tree=7
num_leaves=64
num_cat=0
split_feature=1 9 1 9 1 9 9 9 9 9 7 9 9 9 9 1 9 9 1 9 9 9 1 9 7 9 3 9 9 9 9 9 9 9 9 7 5 9 9 9 1 9 5 0 4 3 0 5 6 9 9 3 7 9 0 7 9 9 0 0 9 0 8
split_gain=1037.62 397.605 638.903 536.123 68.3936 57.9996 46.1739 40.7322 25.6906 14.583 11.5207 6.82106 6.78137 6.72708 6.70386 5.35658 4.29604 3.92723 3.46134 2.08387 1.64403 1.55147 1.4098 1.17419 0.986088 0.846127 0.729533 0.79551 0.718649 0.608494 0.597972 0.487848 0.391313 0.369021 0.360002 0.287043 0.261721 0.246474 0.179906 0.158312 0.15527 0.141288 0.125011 0.103919 0.100079 0.0891252 0.0790337 0.0774013 0.0758751 0.117711 0.0749087 0.0669672 0.0619649 0.0550536 0.0492819 0.0298078 0.0281727 0.130255 0.0280275 0.0206056 0.0203835 0.0171467 0.0146797
threshold=-1.4287564754486082 0.5775638520717622 0.41595189273357397 -0.98792037367820729 1.0000000180025095e-35 -0.17322960495948789 -1.3318121433258054 1.3341258168220522 0.24742772430181506 -0.74031826853752125 0.66444215178489696 -1.5519028902053831 0.5500524938106538 -0.01348631316795945 1.1570770144462588 0.1524230241775513 -1.1392327547073362 1.4139974117279055 -0.90169563889503468 0.64811712503433239 1.102054297924042 0.19240503013134005 -0.37463472038507456 -0.87787500023841847 -1.6918681859970091 0.60685011744499218 -0.32913015782833094 -0.25310124456882471 0.3299617618322373 -1.0566987395286558 -1.3868348598480222 0.12362667545676233 1.3075019121170046 0.67562848329544078 -0.11998183652758597 -0.15441707521677014 1.1432152986526491 1.5071810483932497 1.3873735666275027 1.1845883131027224 -0.37463472038507456 -1.194255471229553 -0.83255985379219044 0.34453167021274572 -0.50411303341388691 1.6389943361282351 0.10634049400687219 -1.1412743926048277 -0.64594480395317067 -0.47940422594547266 -1.5243915915489195 -1.172612130641937 -1.4244858622550962 -1.4556132555007932 0.14964788407087329 -1.2907941937446592 1.6003646254539492 1.6669243574142458 0.19295527786016467 0.1279941909015179 -0.93289768695831288 0.32287797331810003 0.20731303840875628
decision_type=2 2 2 2 2 2 2 2 2 2 2 2 2 2 2 2 2 2 2 2 2 2 2 2 2 2 2 2 2 2 2 2 2 2 2 2 2 2 2 2 2 2 2 2 2 2 2 2 2 2 2 2 2 2 2 2 2 2 2 2 2 2 2
left_child=10 3 4 6 18 9 11 14 13 23 -1 22 28 34 25 -6 24 38 -3 -17 33 31 -2 42 51 -4 48 35 -10 52 50 -15 39 -21 -7 -28 -30 -19 62 -16 -20 61 60 -29 -44 -41 -31 58 -11 -50 -13 -8 -18 -52 -54 -43 -39 -58 -25 -49 -5 -26 -9
right_child=1 2 7 5 15 8 16 17 12 26 -12 30 -14 21 32 19 29 37 40 20 -22 -23 -24 47 41 -27 27 43 36 46 -32 -33 -34 -35 -36 -37 -38 56 -40 45 -42 55 44 -45 -46 -47 -48 59 49 -51 53 -53 54 -55 -56 -57 57 -59 -60 -61 -62 -63 -64
leaf_value=-0.062048759595914313 -0.035094270461442451 -0.090780172937056605 -0.01197860436842722 0.0093476166564743137 -0.059766909946566041 0.033000877384956065 -0.013343936499879985 0.0060337308305315673 0.034205022517746014 0.02450796229382084 -0.097896788481915922 -0.023555964616865946 0.0080169300376225928 0.048219498112904942 -0.0061592999533084877 -0.029150879593169102 0.00097751905936747799 0.0152285674172971 -0.079060666614108613 -0.041240745253033104 -0.034085364416241645 0.040974777446728998 -0.026929015303785737 0.018629596387430773 -0.0057840068602998708 -0.022454225847927424 0.024644039031118153 0.029835432626984335 0.029551378914176949 0.0039621586612538324 -0.014983077266731778 0.054978730936984077 0.0022104951706881232 -0.052157003844485558 0.039177758976611118 0.021649174771950074 0.023574881875201275 0.019293802138037826 0.0096909693700807358 -0.0031888032173860424 -0.065827200388421825 -0.0042108359244171405 0.0052713634978934394 0.02368536530539047 0.0093011954651069893 -0.00037753608488512908 0.0070439129582989743 0.012221403016763574 0.029936504807661878 0.023911801465722016 -0.018279230013279846 -0.0099396689705874616 0.00018092890622139704 -0.021209379055283285 -0.0026663991218083541 -0.0020351754418308178 0.015604454609599425 0.018931172017721421 0.014940787131136113 0.014975884162704459 0.011924984066576605 -0.0076116139084141882 0.0042546240631158331
leaf_weight=43 150 169 50 48 68 103 60 66 168 72 355 57 54 277 55 60 74 188 134 53 63 106 221 58 115 77 319 109 382 90 110 142 55 67 216 382 56 195 57 189 48 61 40 42 70 52 50 50 175 42 141 68 40 131 47 41 136 140 54 127 70 40 41
leaf_count=43 150 169 50 48 68 103 60 66 168 72 355 57 54 277 55 60 74 188 134 53 63 106 221 58 115 77 319 109 382 90 110 142 55 67 216 382 56 195 57 189 48 61 40 42 70 52 50 50 175 42 141 68 40 131 47 41 136 140 54 127 70 40 41
internal_value=-0.000221002 0.00544095 -0.0172027 0.0149852 -0.0651412 0.0289836 -0.0146019 0.00722163 0.0375206 0.0212215 -0.094189 -0.0242936 0.0285681 0.0444792 -0.00670011 -0.0444143 -0.00313951 0.0153057 -0.0833277 -0.0398908 -0.0432345 0.0487667 -0.0303158 0.012823 -0.00733002 -0.0184558 0.0250124 0.0240071 0.0303832 0.00222696 -0.0191469 0.0506357 -0.00240629 -0.0477163 0.0372927 0.0230452 0.0288427 0.0173741 0.00693958 -0.0032687 -0.0759493 -0.00515337 0.00952497 0.0282919 0.00789649 -0.00258629 0.00510494 0.0153831 0.0278832 0.0288855 -0.0204895 -0.0116265 -0.000291698 -0.019763 -0.0013701 -0.00336456 0.0181964 0.0173542 0.016999 0.0142708 0.0109639 -0.00630142 0.00539772
internal_weight=7019 6621 1963 4658 662 3162 1496 1301 1504 1658 398 810 660 844 478 311 686 823 351 243 183 525 371 517 385 127 1141 852 606 301 439 419 351 120 319 701 438 659 164 296 182 257 228 151 110 241 140 289 289 217 329 128 161 272 87 102 471 276 112 177 118 155 107
internal_count=7019 6621 1963 4658 662 3162 1496 1301 1504 1658 398 810 660 844 478 311 686 823 351 243 183 525 371 517 385 127 1141 852 606 301 439 419 351 120 319 701 438 659 164 296 182 257 228 151 110 241 140 289 289 217 329 128 161 272 87 102 471 276 112 177 118 155 107
is_linear=0
shrinkage=0.06


Tree=8
num_leaves=63
num_cat=0
split_feature=1 9 1 9 1 9 9 9 9 8 9 9 1 9 9 1 1 9 9 9 9 9 6 9 9 6 9 4 9 9 2 9 9 9 9 9 9 9 6 5 6 9 6 2 2 5 9 3 2 6 2 2 3 0 9 6 3 6 0 2 3 0
split_gain=889.473 363.338 574.042 479.548 58.1595 52.3254 38.6668 36.1537 21.1899 15.4237 12.767 7.80255 7.41062 6.63669 6.25689 5.03305 3.65329 3.42273 1.67007 1.63966 1.59038 1.44881 1.12505 1.05805 1.42816 0.994096 0.809855 0.768766 0.759207 0.739386 0.668856 0.65432 0.63523 0.46342 0.4238 0.38822 0.371176 0.365123 0.216447 0.186907 0.152048 0.139412 0.124846 0.115795 0.114574 0.104029 0.102751 0.0937078 0.0914516 0.0850352 0.063678 0.0606991 0.0531039 0.0517298 0.0400813 0.0376815 0.0282271 0.0640698 0.0223799 0.00835608 0.00742004 0.000902388
threshold=-1.4287564754486082 0.5775638520717622 0.41595189273357397 -1.001676023006439 1.0000000180025095e-35 -0.19985347986221311 -1.3318121433258054 1.3873735666275027 0.24742772430181506 0.40732413530349737 -0.76782962679862965 -0.066734075546264635 0.67948076128959667 0.53629684448242199 -1.5243915915489195 0.1524230241775513 -0.37463472038507456 -1.194255471229553 0.64811712503433239 1.102054297924042 -1.6481926441192625 1.3075019121170046 0.10028097406029703 -0.65778425335884083 -0.45278035104274744 0.84650379419326793 1.4139974117279055 0.80919095873832714 -0.90538632869720448 -0.27972511947154993 -0.084422904998064027 0.21991638094186786 -1.0566987395286558 -1.2767894864082334 -0.54773887991905201 0.67562848329544078 0.3024504035711289 -1.3868348598480222 -0.08627621084451674 1.3593154549598696 -1.0812399387359617 1.1845883131027224 1.1574285030364992 0.19791434705257419 -0.01926855510100722 -0.52384456992149342 -1.4556132555007932 0.79551240801811229 0.67571672797203075 -1.7030923366546629 0.32822409272193914 -0.60566291213035572 0.5143517702817918 0.14964788407087329 -1.249278128147125 1.4061723947525027 2.2013156414031987 1.530542850494385 0.49610756337642675 0.26306973397731787 0.092610801570117487 0.10634049400687219
decision_type=2 2 2 2 2 2 2 2 2 2 2 2 2 2 2 2 2 2 2 2 2 2 2 2 2 2 2 2 2 2 2 2 2 2 2 2 2 2 2 2 2 2 2 2 2 2 2 2 2 2 2 2 2 2 2 2 2 2 2 2 2 2
left_child=9 3 4 6 16 10 14 12 11 -1 28 38 30 36 20 -6 25 33 -17 35 58 41 31 -12 34 -3 -9 -15 43 -26 -4 -13 40 53 -25 -20 -10 46 -7 55 -19 -14 -32 51 -23 -42 -16 -43 -46 -22 -34 -5 61 -8 -35 -28 57 -41 -2 -56 -45 -30
right_child=1 2 7 5 15 8 17 26 13 -11 23 22 21 27 37 18 -18 32 19 -21 49 44 -24 24 29 -27 39 -29 52 -31 42 -33 50 54 -36 -37 -38 -39 -40 56 45 47 -44 60 48 -47 -48 -49 -50 -51 -52 -53 -54 -55 59 -57 -58 -59 -60 -61 -62 -63
leaf_value=-0.050404328689342595 -0.030801065024875462 -0.068356815065656384 -0.01024299014539627 0.0079375839897213463 -0.056811334692256549 0.028886189429383528 -0.013332089667276637 0.0084791091338006983 0.032897880747914311 -0.091881922382419393 0.01898801015218099 0.043934481508547674 -0.0057542855526178573 0.0049197791726869897 -0.016877148613637809 -0.027953111603856086 -0.060487982186404145 -0.0041691765697032682 -0.038933634151111951 -0.031495196037605158 -0.027767094578593967 0.0065211572798646303 0.051146414231609656 0.02439048563331234 0.019849947094917296 -0.083173969857832958 0.0158878922875322 0.016436320245265961 0.011721238185499989 0.025187215127559923 -0.022835548915235059 0.03484845045365785 0.0059556534141302101 -0.0076385408585721805 0.029008298701385861 -0.049573041254015113 0.027998196927806997 -0.014044177444844409 0.034095623740610086 0.016480218126467792 0.00018093614815862963 -0.0038971729116700302 -0.016722944653593003 0.0082643053069224818 0.00060293391543297708 -0.0031670642884947899 -0.020040902364863094 -0.0014810821160793019 0.0040767037582118059 -0.023433578538172174 0.0029627087567574702 0.0044977155554096968 0.01061781911219054 -0.0099073882818222041 -0.0060573391921696111 0.013129175883047852 0.015118325758311481 0.018841262174879803 -0.036645356734593709 -0.0046258924061601805 0.010359327844853395 0.014046720480989842
leaf_weight=40 125 55 43 46 70 113 40 53 111 353 224 478 58 42 146 59 54 47 54 60 63 43 110 226 344 254 83 43 42 160 41 56 47 54 193 66 473 115 158 222 180 98 47 45 42 40 136 144 79 197 64 40 46 74 60 97 80 169 44 54 63 188
leaf_count=40 125 55 43 46 70 113 40 53 111 353 224 478 58 42 146 59 54 47 54 60 63 43 110 226 344 254 83 43 42 160 41 56 47 54 193 66 473 115 158 222 180 98 47 45 42 40 136 144 79 197 64 40 46 74 60 97 80 169 44 54 63 188
internal_value=-0.000202381 0.00498057 -0.0166281 0.0140692 -0.0616032 0.0271428 -0.0140922 0.00666787 0.0348977 -0.0877989 0.0195293 0.0408542 -0.0042174 0.0267022 -0.0227359 -0.0422411 -0.0779236 -0.00325641 -0.0377547 -0.0407953 -0.0277835 -0.000647498 0.0445089 0.0229442 0.0238827 -0.0807656 0.0158607 0.0108692 0.0111646 0.0215908 -0.0167613 0.0430486 0.000478171 -0.00824633 0.0265815 -0.0451466 0.0289841 -0.0172253 0.0320376 0.0164477 -0.00110903 -0.00312319 -0.0197954 0.00820835 0.00387269 -0.000439367 -0.0184684 -0.00247151 0.00288576 -0.024586 0.00427185 0.00640773 0.0132053 -0.0112145 -0.00617776 0.014482 0.0171667 0.0175462 -0.0325293 -0.00542541 0.00957023 0.0136746
internal_weight=7051 6658 1971 4687 672 3201 1486 1299 1584 393 1617 915 595 669 826 309 363 660 239 180 429 464 644 1147 923 309 704 85 470 504 131 534 378 282 419 120 584 397 271 651 267 300 88 194 164 220 282 242 121 260 111 86 276 114 168 180 471 391 169 114 108 230
internal_count=7051 6658 1971 4687 672 3201 1486 1299 1584 393 1617 915 595 669 826 309 363 660 239 180 429 464 644 1147 923 309 704 85 470 504 131 534 378 282 419 120 584 397 271 651 267 300 88 194 164 220 282 242 121 260 111 86 276 114 168 180 471 391 169 114 108 230
is_linear=0
shrinkage=0.06


Tree=9
num_leaves=61
num_cat=0
split_feature=1 6 1 6 1 6 6 5 5 5 5 7 6 5 7 1 4 1 1 4 1 7 4 0 1 3 4 7 0 1 1 3 3 1 5 2 2 5 6 4 4 7 1 6 5 6 6 5 3 4 3 8 2 2 4 4 3 5 4 6
split_gain=756.707 291.406 539.787 404.649 51.4016 41.8263 35.8724 25.945 20.6821 17.3463 8.78085 7.25335 6.08516 5.28108 4.76083 4.03885 3.9828 3.22037 3.02915 2.9355 5.31684 1.96485 1.47412 1.23573 1.12975 1.0606 1.01289 0.877878 0.833361 0.74005 0.605225 0.514019 0.456666 0.419917 0.382219 0.324405 0.375626 0.281442 0.232752 0.208248 0.206101 0.167439 0.151361 0.150479 0.145789 0.13733 0.114858 0.105598 0.103233 0.164406 0.101177 0.0935048 0.0866177 0.0848675 0.0831176 0.0793589 0.0736843 0.072238 0.0698737 0.00914934
threshold=-1.4287564754486082 0.5977628529071809 0.41595189273357397 -0.8946857452392577 1.0000000180025095e-35 -1.205610394477844 -0.27283042669296259 1.1432152986526491 0.98885804414749157 0.92711439728736889 -0.46210168302059168 -0.62233790755271901 -0.77031230926513661 -0.52384456992149342 0.21323350816965106 0.67948076128959667 0.67406946420669567 -0.90169563889503468 0.41595189273357397 0.80919095873832714 0.94300961494445812 -1.1905260086059568 0.9436233937740327 0.27957032620906835 -0.37463472038507456 -0.32913015782833094 -0.33589969575405115 0.59759628772735607 0.36618536710739141 -0.90169563889503468 -0.90169563889503468 -0.89145144820213307 -1.0320318043231962 -0.37463472038507456 -1.0177885890007017 0.80602750182151806 -0.54050752520561207 1.1123438477516177 -0.95686948299407948 0.23630111664533618 0.80919095873832714 -1.3910624980926511 1.7335962653160097 -1.0812399387359617 -0.83255985379219044 -0.64594480395317067 -0.64594480395317067 0.68014276027679454 -1.172612130641937 -0.40346042811870569 -0.61029079556465138 -1.7655137777328489 0.89290067553520214 0.45853486657142645 -0.50411303341388691 -0.40346042811870569 -1.3131957650184629 0.71101421117782604 -0.33589969575405115 -1.7030923366546629
decision_type=2 2 2 2 2 2 2 2 2 2 2 2 2 2 2 2 2 2 2 2 2 2 2 2 2 2 2 2 2 2 2 2 2 2 2 2 2 2 2 2 2 2 2 2 2 2 2 2 2 2 2 2 2 2 2 2 2 2 2 2
left_child=9 3 4 5 17 11 12 10 15 -1 14 26 34 21 39 -4 31 -3 -16 20 -10 38 40 -18 -13 46 48 37 32 41 -27 -6 -12 -19 55 36 -29 -21 43 -8 -17 50 47 -7 -23 -32 -14 -24 51 -50 -15 -2 -37 -22 -46 -5 -28 -42 -36 -26
right_child=1 2 8 6 16 13 7 -9 19 -11 28 24 25 29 18 22 23 33 -20 27 53 44 42 -25 59 30 56 35 -30 -31 45 -33 -34 -35 58 52 -38 -39 -40 -41 57 -43 -44 -45 54 -47 -48 -49 49 -51 -52 -53 -54 -55 -56 -57 -58 -59 -60 -61
leaf_value=-0.0433216963744745 -0.011169356334430631 -0.080268702381535578 -0.015747997929429401 0.011721685888312223 -0.057911203692599035 -0.0037013216267546842 0.026463071695145439 -0.0042814717780965475 -0.0080776707595214235 -0.086807966113440091 0.02221942254957163 -0.030928144969352304 0.021506161199588522 -0.0092409887326075062 0.033939775907003832 0.0016521599440990637 -0.028733369357545266 -0.069770353373060826 0.042536471264334172 0.0066862736607436087 0.016165417651164121 0.0098662580617828594 -0.00023975368879197549 -0.039042795765049314 -0.026003071408380162 0.013727105027385826 -0.019369985428758153 0.013821220051716356 0.021594688683906769 -0.014836655482649803 0.01866922665045068 -0.044247855078090322 0.029550612326656144 -0.057605405535016738 0.0083076191346707004 0.01088724344453596 0.018503820846478142 0.01280886162383831 0.0036267896543960183 0.031738824182573483 0.0048752394301118324 -0.0032886599290184674 0.00091888734495097942 -0.0001688779701923559 0.0039297256274651521 0.021218638717386849 0.025809063365553865 -0.0031461181480454685 -0.0084476062123987668 -0.013558407161723483 -0.0058498766601551323 -0.015762625696027977 0.014813747581781693 0.011792106806889784 0.0073923095251218632 0.015443963768982117 -0.016488772236937007 0.0081937915940458583 0.011154230361405228 -0.022461270018023734
leaf_weight=40 47 170 63 55 40 53 101 66 59 340 52 145 75 66 252 44 87 140 507 47 57 66 57 135 65 57 116 101 93 47 184 54 336 55 86 46 287 79 48 135 55 49 54 222 43 602 201 216 68 43 79 50 102 48 77 92 171 53 83 160
leaf_count=40 47 170 63 55 40 53 101 66 59 340 52 145 75 66 252 44 87 140 507 47 57 66 57 135 65 57 116 101 93 47 184 54 336 55 86 46 287 79 48 135 55 49 54 222 43 602 201 216 68 43 79 50 102 48 77 92 171 53 83 160
internal_value=-0.000124225 0.0045928 -0.0142181 0.0129877 -0.0578238 -0.0111899 0.0261032 0.0324629 0.00751545 -0.0823562 0.0341077 -0.020173 0.0192515 -0.000816245 0.0373604 -0.00159138 -0.0398938 -0.0731953 0.0397306 0.0134858 0.00624695 0.00264849 0.000299481 -0.0351496 -0.0265444 0.0213328 -0.0153666 0.015267 0.0273155 -0.00811458 0.0201953 -0.0506104 0.0286277 -0.0666506 0.0118373 0.0163434 0.0173236 0.0105957 -0.000184625 0.0296022 0.00516226 -0.0064183 -0.00196974 -0.00086062 0.00754303 0.0206463 0.0247217 -0.00254238 -0.0120549 -0.0105308 -0.00744614 -0.0136737 0.0136746 0.0142963 0.00619428 0.0141399 -0.0177165 0.00656402 0.00976305 -0.023595
internal_weight=7021 6641 2049 4592 681 1615 2977 1542 1368 380 1476 865 1435 750 995 542 316 365 759 826 164 509 479 222 370 1119 495 662 481 241 843 94 388 195 316 536 388 126 323 236 152 194 327 275 186 786 276 273 208 111 145 97 148 105 120 147 287 108 169 225
internal_count=7021 6641 2049 4592 681 1615 2977 1542 1368 380 1476 865 1435 750 995 542 316 365 759 826 164 509 479 222 370 1119 495 662 481 241 843 94 388 195 316 536 388 126 323 236 152 194 327 275 186 786 276 273 208 111 145 97 148 105 120 147 287 108 169 225
is_linear=0
shrinkage=0.06


Tree=10
num_leaves=64
num_cat=0
split_feature=1 9 1 9 1 9 9 9 4 9 9 9 9 9 9 1 1 9 9 9 9 9 1 0 9 9 9 9 3 9 9 2 9 9 9 4 1 9 2 2 5 0 3 2 2 9 2 3 9 2 2 6 5 9 0 0 9 0 0 2 2 2 0
split_gain=662.828 289.928 449.534 372.239 44.6393 41.4372 30.1119 28.7267 19.5246 18.0826 10.632 6.61849 4.92586 4.85403 4.66858 4.15673 2.91291 2.70515 1.68943 1.2414 0.989725 0.88008 0.855793 0.732658 0.681752 0.602054 0.593174 0.541425 0.490828 0.616635 0.453231 0.439736 0.40957 0.38473 0.365675 0.263367 0.257276 0.218297 0.151399 0.298289 0.144131 0.141847 0.141415 0.135083 0.130235 0.128939 0.118028 0.1022 0.0981748 0.0928754 0.0904653 0.0896442 0.108878 0.0729342 0.0809256 0.0626046 0.0618237 0.0606119 0.0554051 0.0547407 0.0502949 0.048616 0.0387992
threshold=-1.4287564754486082 0.5775638520717622 0.41595189273357397 -1.001676023006439 1.0000000180025095e-35 -0.17322960495948789 -1.3318121433258054 1.3873735666275027 0.842971831560135 0.23367205262184146 -0.74031826853752125 1.1570770144462588 -0.01348631316795945 0.53629684448242199 -1.5519028902053831 0.1524230241775513 -0.90169563889503468 -1.194255471229553 0.64811712503433239 1.102054297924042 1.3075019121170046 -0.89163067936897267 -0.37463472038507456 0.25791636854410177 0.19240503013134005 1.4406213760375979 0.60685011744499218 -1.0566987395286558 -0.32913015782833094 -0.25310124456882471 0.12362667545676233 -0.30160684883594507 0.3024504035711289 -1.3868348598480222 -1.2767894864082334 0.67406946420669567 -0.37463472038507456 -0.11998183652758597 0.2847875058650971 -0.60566291213035572 0.68014276027679454 0.34453167021274572 -1.3131957650184629 0.024168025236576799 -0.040987364016473286 -1.1392327547073362 0.52368924021720897 -0.18854984268546102 1.4938690662384035 0.71915432810783397 0.43681606650352484 -0.64594480395317067 -0.89430275559425343 -0.79534095525741566 0.19295527786016467 0.14964788407087329 1.1845883131027224 0.27957032620906835 0.14964788407087329 0.32822409272193914 0.32822409272193914 0.11104118451476098 0.14964788407087329
decision_type=2 2 2 2 2 2 2 2 2 2 2 2 2 2 2 2 2 2 2 2 2 2 2 2 2 2 2 2 2 2 2 2 2 2 2 2 2 2 2 2 2 2 2 2 2 2 2 2 2 2 2 2 2 2 2 2 2 2 2 2 2 2 2
left_child=8 3 4 6 16 10 14 11 -1 12 21 26 37 32 22 -6 -3 34 -17 35 40 47 -2 -15 30 46 -4 45 51 31 -14 -30 41 42 62 -20 -18 -7 39 -27 -13 -11 -16 -22 -31 50 -9 -5 -40 -45 -19 -12 -53 55 -55 -23 -42 -34 -47 -29 -49 -36 -8
right_child=1 2 7 5 15 9 17 25 -10 13 28 20 24 23 33 18 36 27 19 -21 43 53 -24 -25 -26 38 -28 59 29 44 -32 -33 57 -35 61 -37 -38 -39 48 -41 56 -43 -44 49 -46 58 -48 60 -50 -51 -52 52 -54 54 -56 -57 -58 -59 -60 -61 -62 -63 -64
leaf_value=-0.035892255175404432 -0.029064848135257587 -0.07562740472976319 -0.010417691548651253 0.0052076499828284505 -0.050661074976398518 0.027538336223485518 -0.011892796906759031 0.0067938928936449126 -0.081499753158224567 0.031040346675059369 0.020177175072399346 2.5333308454026423e-05 0.040139099686584745 0.016209099981933831 -0.018951499733179809 -0.024130873418142715 -0.065439583243994875 -0.00095201537022557195 -0.046063987255096438 -0.028368121087551115 0.0058578151930589227 0.010061642397361409 -0.022563554369280689 0.0051504152764201812 0.034704783805485431 0.013832132994112643 -0.018936467164506515 0.0054511776883155103 0.01576603429538331 0.01967477012425661 0.046170779424653925 0.019923772819610455 0.023450520257626114 -0.012536650045749243 -0.0068578946530461716 -0.036582536513988788 -0.054495890992028367 0.032620497971638296 0.010849495366977695 0.018475139898986651 -0.0050358810803542535 0.024214820091317337 -0.01577036931900911 -0.00012141625682654029 0.025230351818932423 0.00095428053054082043 0.011270842476747931 0.0072286675385112176 0.01427145749244991 0.0033999541217538836 -0.0045891618957886321 0.025124821836151272 0.019789909505566885 0.015711886509140925 0.011419174979991195 0.012790646469949381 -0.0026753744536167565 0.026134882368050609 -0.0011651085625072159 0.0026654363658441147 0.0096414256052902107 -0.0046560957258984939 -0.0088824230758473271
leaf_weight=40 144 166 54 56 72 97 41 40 342 101 73 62 276 43 124 61 144 48 44 59 49 83 222 45 86 131 80 44 139 47 141 578 231 108 72 77 55 220 54 115 53 40 212 43 107 84 69 95 293 71 51 165 42 66 43 114 184 230 92 68 77 101 71
leaf_count=40 144 166 54 56 72 97 41 40 342 101 73 62 276 43 124 61 144 48 44 59 49 83 222 45 86 131 80 44 139 47 141 578 231 108 72 77 55 220 54 115 53 40 212 43 107 84 69 95 293 71 51 165 42 66 43 114 184 230 92 68 77 101 71
internal_value=-7.65173e-05 0.00434139 -0.0149235 0.0124821 -0.0544817 0.0240081 -0.0123658 0.00576538 -0.0768303 0.0312301 0.0175215 -0.00391921 0.037274 0.0240039 -0.0201487 -0.0376522 -0.0687713 -0.00296863 -0.0335724 -0.036621 -0.000503112 0.0104936 -0.0251937 0.0106755 0.0410597 0.0139815 -0.0156061 0.000300752 0.0207701 0.0199683 0.0422842 0.0191408 0.0259313 -0.0159427 -0.00739364 -0.0403796 -0.0627025 0.0311569 0.01475 0.0160687 -0.00255095 0.0292882 -0.0169971 0.00324601 0.0236727 -0.00113234 0.00970462 0.00761056 0.0137716 0.00208221 -0.00285285 0.0231843 0.0241427 0.0126099 0.0141376 0.0116975 -0.00322219 0.0248435 -0.000153905 0.00379839 0.00835828 -0.0056066 -0.0100799
internal_weight=7035 6653 1976 4677 678 3195 1482 1298 382 1510 1685 596 820 690 810 313 365 672 241 180 462 534 366 88 503 702 134 387 1151 871 417 717 602 444 285 121 199 317 593 246 299 141 336 163 154 275 109 228 347 114 99 280 207 306 109 197 237 461 176 112 172 173 112
internal_count=7035 6653 1976 4677 678 3195 1482 1298 382 1510 1685 596 820 690 810 313 365 672 241 180 462 534 366 88 503 702 134 387 1151 871 417 717 602 444 285 121 199 317 593 246 299 141 336 163 154 275 109 228 347 114 99 280 207 306 109 197 237 461 176 112 172 173 112
is_linear=0
shrinkage=0.06


Tree=11
num_leaves=64
num_cat=0
split_feature=1 9 1 9 1 9 9 9 9 9 9 9 9 9 9 1 1 9 9 9 9 1 9 9 9 9 0 9 9 9 9 9 9 9 9 9 9 1 9 8 4 2 3 2 5 9 2 0 2 2 2 2 3 2 5 6 4 0 4 2 2 2 2
split_gain=588.852 254.476 390.872 322.624 38.9864 37.2497 25.9365 24.2453 15.1635 14.459 9.74349 5.71275 4.68044 4.17587 4.14033 3.51654 2.67443 2.1497 1.23273 1.31221 1.11845 0.882451 0.85094 0.949519 0.909478 0.73223 0.621812 0.592877 0.562995 0.464426 0.435758 0.398842 0.392107 0.364838 0.334606 0.301315 0.275907 0.258111 0.219173 0.16711 0.148364 0.130128 0.105634 0.0985494 0.0961036 0.0930415 0.106693 0.0860549 0.0855401 0.0835667 0.0817104 0.066031 0.0636616 0.0621917 0.0611965 0.0511971 0.0511718 0.0499791 0.0481521 0.0473687 0.0395956 0.0336699 0.08268
threshold=-1.4287564754486082 0.5775638520717622 0.41595189273357397 -1.001676023006439 1.0000000180025095e-35 -0.17322960495948789 -1.3318121433258054 1.3873735666275027 0.23367205262184146 0.85445222258567821 -0.76782962679862965 1.1570770144462588 -0.01348631316795945 0.53629684448242199 -1.5243915915489195 0.1524230241775513 -0.90169563889503468 -1.1667441129684446 0.64811712503433239 1.102054297924042 -1.6481926441192625 1.7335962653160097 -0.65778425335884083 -0.45278035104274744 -0.27972511947154993 0.19240503013134005 0.25791636854410177 0.60685011744499218 1.4139974117279055 -0.93289768695831288 -1.2767894864082334 0.3024504035711289 0.12362667545676233 -1.0704543590545652 0.67562848329544078 -0.54773887991905201 -0.11998183652758597 -0.37463472038507456 -1.3868348598480222 0.78461951017379772 -0.3021187931299209 0.76258990168571483 -1.172612130641937 -0.01926855510100722 -1.0795314908027647 1.2808780670166018 -0.10614171624183653 0.49610756337642675 0.71915432810783397 -0.25817026197910303 -0.69253605604171742 0.24135091900825503 0.23319111764431003 0.54540804028511058 -0.55471602082252491 1.4061723947525027 -0.47033214569091791 0.30122427642345434 -0.13390543684363362 -0.60566291213035572 0.39337947964668279 0.87118187546730053 0.21963211894035342
decision_type=2 2 2 2 2 2 2 2 2 2 2 2 2 2 2 2 2 2 2 2 2 2 2 2 2 2 2 2 2 2 2 2 2 2 2 2 2 2 2 2 2 2 2 2 2 2 2 2 2 2 2 2 2 2 2 2 2 2 2 2 2 2 2
left_child=9 3 4 6 16 10 14 11 12 -1 29 27 36 31 20 -6 -3 30 -17 34 47 45 50 35 -25 32 -15 -4 -9 51 -8 -10 -14 49 -20 -24 -7 -18 40 61 42 59 -16 -23 -31 46 -13 -2 -45 -19 -12 -5 -46 -51 -32 -43 -35 -56 -22 -41 -40 62 -30
right_child=1 2 7 5 15 8 17 28 13 -11 22 21 25 26 38 18 37 33 19 -21 58 43 23 24 -26 -27 -28 -29 39 44 54 -33 -34 56 -36 -37 -38 -39 60 41 -42 55 -44 48 52 -47 -48 -49 -50 53 -52 -53 -54 -55 57 -57 -58 -59 -60 -61 -62 -63 -64
leaf_value=-0.040095363804634576 -0.025391975923588401 -0.071038427120129741 -0.0092184645241090591 0.0047768757916720845 -0.047538752394063133 0.025649408921599386 -0.0092057340192634642 0.0071178187868606883 0.027823964116828782 -0.077449750594976469 0.012901640579385577 -0.00020347771765664221 0.037805223939284469 0.015181523316301579 -0.020180863026868213 -0.023239474626349621 -0.061346287902663735 -0.0029966705334372821 -0.032659321269899046 -0.02627386257983744 -0.022346210447805267 0.0058006224854034371 0.020544426063141597 0.016379938047479798 0.021566897129408225 0.032202273340060796 0.0047512009709553661 -0.017864624219416064 0.01219398412182927 0.011868034782709451 -0.0033190943565918132 0.023491416260011475 0.043464203060959744 0.0016053687743754739 -0.042224935647100212 0.024468188915579094 0.030630749639827537 -0.050810141736810852 -0.0128426206276259 0.013295755359363191 -0.014011055440062878 0.010403057774001698 -0.014692566629419935 0.00043451453348097852 0.010948962692665048 -0.00013342886758395113 -0.0033428922996565531 -0.031169104340464573 0.0037941102935953744 0.00088439318189007595 0.01655342579144856 0.0075153674924961066 0.0084301852910801407 -0.0016451767247991035 -0.0044341508830647641 0.013413382209837435 0.0040271452480969442 -0.0071768049150705334 -0.019123537997169607 0.015708567864552343 -0.0096411497642596555 0.013150245313936808 0.0079560463568877152
leaf_weight=46 113 168 51 69 69 111 106 56 139 327 52 49 283 42 43 60 135 49 52 63 83 43 225 351 216 86 42 78 49 126 99 480 138 52 63 188 216 54 67 97 192 52 46 47 82 64 192 42 65 85 173 77 126 58 81 131 87 41 168 220 44 52 40
leaf_count=46 113 168 51 69 69 111 106 56 139 327 52 49 283 42 43 60 135 49 52 63 83 43 225 351 216 86 42 78 49 126 99 480 138 52 63 188 216 54 67 97 192 52 46 47 82 64 192 42 65 85 173 77 126 58 81 131 87 41 168 220 44 52 40
internal_value=0.000286255 0.00441882 -0.013786 0.0120087 -0.0511328 0.0225988 -0.0114255 0.00552206 0.0293571 -0.0729626 0.0164203 -0.00343762 0.0348496 0.0228009 -0.0186905 -0.0352603 -0.0646457 -0.00259987 -0.0315166 -0.0341613 -0.022958 -0.000298329 0.0193013 0.0200951 0.0183904 0.0385429 0.0100836 -0.0145436 0.0130875 0.00916262 -0.00604253 0.0245076 0.0397588 0.000809133 -0.0382184 0.0223853 0.0290232 -0.0586192 -0.0142234 0.0135971 -0.0151867 0.0141647 -0.017539 0.00337497 0.0104079 -0.00217002 -0.00270807 -0.0271472 0.0024006 -0.000885187 0.0157703 0.00626245 0.0094708 -0.000145886 -0.0044907 0.0126192 0.0031391 -0.00540672 -0.0202736 0.0150144 -0.011671 0.011499 0.0103989
internal_weight=7001 6628 1950 4678 664 3222 1456 1286 1537 373 1685 589 834 703 798 307 357 658 238 178 406 460 1205 980 567 507 84 129 697 480 327 619 421 331 115 413 327 189 392 641 281 500 89 155 334 305 241 155 112 192 225 146 208 143 221 183 139 122 251 317 111 141 89
internal_count=7001 6628 1950 4678 664 3222 1456 1286 1537 373 1685 589 834 703 798 307 357 658 238 178 406 460 1205 980 567 507 84 129 697 480 327 619 421 331 115 413 327 189 392 641 281 500 89 155 334 305 241 155 112 192 225 146 208 143 221 183 139 122 251 317 111 141 89
is_linear=0
shrinkage=0.06


Tree=12
num_leaves=64
num_cat=0
split_feature=1 9 9 9 1 9 9 9 9 8 9 9 9 9 9 9 9 1 9 1 9 9 9 9 9 9 9 9 9 9 9 9 9 9 1 4 5 8 6 6 2 2 2 2 4 5 9 2 4 3 6 5 5 9 0 2 2 2 3 2 5 2 9
split_gain=540.829 225.306 347.878 291.345 41.751 30.9461 23.5608 16.4333 15.2659 12.4189 7.93483 6.38658 5.61428 3.85697 3.03942 2.76487 2.69828 2.48619 2.20855 1.427 1.02924 1.00034 0.665271 0.641476 0.628606 0.533698 0.521794 1.04844 0.542229 0.493911 0.476065 0.268382 0.259762 0.462113 0.24706 0.241723 0.215434 0.164867 0.153179 0.134882 0.115011 0.211248 0.114707 0.122769 0.105331 0.101953 0.110956 0.0992685 0.0744009 0.072873 0.0710755 0.0695541 0.0694641 0.0996578 0.0449123 0.0412671 0.0347041 0.122104 0.0327966 0.0705178 0.0228981 0.0246705 0.0138986
threshold=-1.4287564754486082 0.59309443831443798 1.1295656561851504 -1.001676023006439 1.0000000180025095e-35 -0.19985347986221311 -1.373079180717468 1.3873735666275027 0.3024504035711289 0.40732413530349737 -0.75407394766807545 0.563808172941208 0.63436147570610057 -0.066734075546264635 -1.194255471229553 -1.6344369649887083 0.21991638094186786 -0.90169563889503468 1.1708326339721682 0.1524230241775513 0.013581299688667061 0.53629684448242199 -1.5243915915489195 -0.89163067936897267 1.3075019121170046 -1.2767894864082334 -0.65778425335884083 -0.45278035104274744 -0.27972511947154993 1.4139974117279055 -1.0566987395286558 -0.57525020837783802 1.102054297924042 0.67562848329544078 -0.37463472038507456 -1.1776555180549619 1.4519298076629641 0.77552661299705516 -1.7030923366546629 -1.8274627923965452 0.2847875058650971 -0.56222632527351368 0.024168025236576799 0.71915432810783397 -0.53789392113685597 -0.52384456992149342 -1.1392327547073362 0.19791434705257419 -0.3021187931299209 -1.3131957650184629 0.10028097406029703 -0.77081695199012745 0.68014276027679454 1.2143183350563052 0.25791636854410177 0.32822409272193914 0.91461947560310375 0.30650527775287634 -1.3131957650184629 -0.30160684883594507 -0.55471602082252491 -0.01926855510100722 1.6136765480041506
decision_type=2 2 2 2 2 2 2 2 2 2 2 2 2 2 2 2 2 2 2 2 2 2 2 2 2 2 2 2 2 2 2 2 2 2 2 2 2 2 2 2 2 2 2 2 2 2 2 2 2 2 2 2 2 2 2 2 2 2 2 2 2 2 2
left_child=9 3 4 6 17 10 15 18 13 -1 23 21 36 35 25 39 20 -3 54 -14 -15 50 38 44 52 58 -12 31 -29 -9 45 -28 33 -21 -19 -7 -6 56 -17 -2 41 -39 -26 -44 -5 46 -16 -18 -25 -24 -10 -46 -20 -54 -4 -32 57 -31 -8 -60 -27 -62 -42
right_child=1 2 7 5 12 8 14 29 11 -11 26 -13 19 16 30 22 47 34 24 32 -22 -23 49 48 42 60 27 28 -30 37 55 -33 -34 -35 -36 -37 -38 40 -40 -41 62 -43 43 -45 51 -47 -48 -49 -50 -51 -52 -53 53 -55 -56 -57 -58 -59 59 -61 61 -63 -64
leaf_value=-0.035565174876189813 -0.027323776212605563 -0.06685103416442871 -0.012129725674572198 0.0038206338635063727 -0.013778094904763357 0.019548114406114273 -0.010812661795234177 0.0065372886136174204 0.019355915562216056 -0.072242729629982599 0.014950790832736316 -0.00047152490575205194 -0.044044365267390792 0.030926421919982589 -0.002668447444132198 -0.022308420267488274 0.023131907265633345 -0.057765822882082922 -0.00010922378272793831 -0.030351690260263589 0.037365693830041319 0.013400454306975007 -0.016136434422344855 0.011322804377844031 0.0051874961811476028 -0.0037668318578507748 0.018640036283543816 0.015350675114570821 0.019764979831472844 0.011663668421360681 0.0047468691918423726 0.022421289048939939 -0.027797877273317107 -0.039226006655132067 -0.048000990132154038 0.025915513121123824 -0.020951922014355657 0.012401510146513689 -0.017695669128318849 -0.022563412917984856 0.013156242059123132 0.01678119016416145 -0.00090091746607113892 0.0032262532722719091 0.0080537368732349658 -0.0035145300358779869 0.00030799735191405986 0.028291120956150384 0.0080338813457638027 -0.013515168135253032 0.022653575024925744 0.0053309802886759555 -0.00073509297156878919 -0.0034541058041074957 -0.0086090543224210184 0.0023861884436866434 0.012435547617521692 0.0068657090276672801 -0.010982708080512721 -0.0075775004803891417 -0.0067206498144603355 -0.0046020592154603296 0.011514935854499284
leaf_weight=40 87 172 45 47 41 43 70 53 82 351 196 54 68 166 63 55 63 133 62 77 424 59 100 234 51 59 161 364 166 52 50 249 58 67 58 223 41 103 177 107 154 98 40 71 117 52 152 103 41 210 389 61 80 125 41 65 46 40 40 91 40 72 146
leaf_count=40 87 172 45 47 41 43 70 53 82 351 196 54 68 166 63 55 63 133 62 77 424 59 100 234 51 59 161 364 166 52 50 249 58 67 58 223 41 103 177 107 154 98 40 71 117 52 152 103 41 210 389 61 80 125 41 65 46 40 40 91 40 72 146
internal_value=-0.000103573 0.00393055 -0.0133887 0.0109665 -0.0465231 0.0210574 -0.0109892 0.00626165 0.0269773 -0.0685908 0.0152331 0.0191787 -0.0316504 0.0314106 -0.00352712 -0.0186186 0.0336431 -0.0608184 -0.00185288 -0.0358448 0.0356094 0.0211779 -0.0163547 0.00890725 -8.49733e-05 -0.0073797 0.0180071 0.0186278 0.0167679 0.0122946 0.000234077 0.0209854 -0.0328812 -0.0347228 -0.055066 0.0249633 -0.0175742 0.0127612 -0.0188803 -0.0248274 0.0133128 0.0146094 0.00285339 0.00174422 0.00647899 -0.00115644 -0.000572486 0.0264833 0.0108633 -0.0144099 0.0221217 0.00715565 -0.00187179 -0.00240175 -0.0105695 0.00344464 0.0106773 0.00967385 -0.00948079 -0.00869258 -0.00486923 -0.00541148 0.0123984
internal_weight=7045 6654 1922 4732 715 3242 1490 1207 1606 391 1636 584 352 1022 754 736 756 363 515 270 590 530 542 500 429 372 1136 940 530 692 382 410 202 144 191 266 82 639 232 194 501 201 162 111 225 267 215 166 275 310 471 178 267 205 86 115 138 92 201 131 171 112 300
internal_count=7045 6654 1922 4732 715 3242 1490 1207 1606 391 1636 584 352 1022 754 736 756 363 515 270 590 530 542 500 429 372 1136 940 530 692 382 410 202 144 191 266 82 639 232 194 501 201 162 111 225 267 215 166 275 310 471 178 267 205 86 115 138 92 201 131 171 112 300
is_linear=0
shrinkage=0.06


Tree=13
num_leaves=64
num_cat=0
split_feature=1 9 9 9 1 9 9 8 9 9 9 9 1 9 9 9 9 9 9 4 9 0 9 9 9 7 9 9 9 9 9 9 9 2 6 0 2 4 2 2 9 2 4 6 7 9 0 2 4 2 7 2 6 0 4 9 9 2 2 0 0 7 2
split_gain=468.777 200.029 313.831 257.142 37.8602 27.2979 19.8586 15.22 14.347 12.3509 7.41338 5.30107 5.30077 4.56095 3.6072 2.77265 2.38301 2.37985 1.85338 0.962875 0.840545 0.784023 0.629623 0.626103 0.545304 0.50832 1.50734 0.446705 0.357083 0.331808 0.5232 0.276033 0.208304 0.188551 0.182855 0.173805 0.143815 0.122498 0.111381 0.228848 0.111303 0.110332 0.101043 0.0943481 0.0911068 0.0857837 0.0786046 0.0771017 0.0717439 0.193349 0.0712165 0.0629262 0.0567404 0.0471227 0.0452084 0.0433512 0.0674922 0.0508211 0.0407445 0.0325113 0.0874667 0.0280581 0.0263912
threshold=-1.4287564754486082 0.59309443831443798 1.1295656561851504 -1.0154317021369932 0.1524230241775513 -0.22647736221551892 -1.373079180717468 0.3982339501380921 1.3873735666275027 0.3024504035711289 -0.76782962679862965 0.5500524938106538 -0.63816359639167775 -0.066734075546264635 0.62060579657554638 0.21991638094186786 -1.2217668294906614 -1.6344369649887083 1.1708326339721682 0.33764275908470159 0.7994295358657838 0.32287797331810003 -1.5243915915489195 1.3075019121170046 -0.89163067936897267 -0.23797510564327237 -0.60276153683662403 -1.1117213964462278 1.4139974117279055 0.66187280416488659 1.102054297924042 -1.2767894864082334 -0.35959677398204798 0.80602750182151806 0.47339236736297613 0.49610756337642675 0.2847875058650971 -0.53789392113685597 0.26306973397731787 -0.60566291213035572 -0.65778425335884083 0.56712579727172863 0.9436233937740327 -1.7030923366546629 -0.57220324873924244 -1.0704543590545652 0.1279941909015179 -0.34504343569278711 1.1456176638603213 0.89290067553520214 -1.3242176771163938 0.82774528861045849 0.10028097406029703 0.30122427642345434 -0.33589969575405115 1.2143183350563052 1.2808780670166018 0.7408721148967744 -0.23645249009132382 0.14964788407087329 0.27957032620906835 0.11296526342630388 -0.01926855510100722
decision_type=2 2 2 2 2 2 2 2 2 2 2 2 2 2 2 2 2 2 2 2 2 2 2 2 2 2 2 2 2 2 2 2 2 2 2 2 2 2 2 2 2 2 2 2 2 2 2 2 2 2 2 2 2 2 2 2 2 2 2 2 2 2 2
left_child=7 3 4 6 12 10 17 -1 18 13 24 34 20 21 -6 19 31 35 -4 -15 -3 -7 43 55 37 26 40 50 -10 -16 -31 59 -27 -14 52 -2 -17 -5 39 -30 -12 -13 61 -19 -28 46 -29 -39 49 -40 -18 -50 -11 -34 -52 57 -57 -20 -47 -8 -61 -25 -33
right_child=1 2 8 5 14 9 16 -9 28 11 25 41 33 15 29 36 27 22 23 -21 -22 -23 -24 42 -26 32 44 45 38 30 -32 62 53 -35 -36 -37 -38 47 48 -41 -42 -43 -44 -45 -46 58 -48 -49 51 -51 54 -53 -54 -55 -56 56 -58 -59 -60 60 -62 -63 -64
leaf_value=-0.02840291815144675 -0.021809728928640776 -0.054158959018373948 -0.0098550350482507452 0.0031016476871445773 -0.012877817840268044 0.023988670434506292 -0.010555918589327484 -0.068024548407963334 0.0067273454464633351 0.018429277745577007 0.014049417089162903 0.0018403539372692731 -0.048177435537864424 0.031626425271016959 -0.02583069094333304 0.021103879059938824 -0.0033801925576105716 -0.020927542779180738 -0.0020632783626206219 0.037794724250541013 -0.064555866687528538 0.0147253344754378 -0.013575870376564079 0.0046921145104029229 0.0099676568137168683 0.013399956096841402 0.021671192685661141 0.0018655724091721432 0.011276968905037982 -0.035383650097218187 -0.02622517162135669 -0.0063525207628580662 0.017023564929909564 -0.03888116831226008 0.017595237489540835 -0.027455637305974959 0.026288121274539403 0.0087453695123686503 0.0088875276125133882 0.015275795389776645 0.016948312150429835 0.0062000193992672965 0.00070983407060758999 -0.016927105453184672 0.017053495847753116 0.004104007666067379 -0.0018052747546296033 0.0058534239031404495 0.014103128071874379 0.012505882560378975 -0.0025785859980221306 0.010974675708395594 0.021650183306105675 0.014065518623048608 0.0001146205767219392 -0.0030771223093405014 -0.00053341408035802564 0.00084225289540232286 0.0016938269314060392 -0.0063351994877060254 -0.0095643754891881882 0.0025750466458862877 -0.0042501708205478885
leaf_weight=41 152 102 81 47 58 288 49 349 54 77 219 43 144 413 82 67 124 53 44 169 154 44 307 70 252 190 261 41 135 90 55 43 203 41 115 47 104 50 142 114 112 42 51 174 41 40 41 154 71 107 41 84 309 65 48 126 54 41 73 62 87 40 71
leaf_count=41 152 102 81 47 58 288 49 349 54 77 219 43 144 413 82 67 124 53 44 169 154 44 307 70 252 190 261 41 135 90 55 43 203 41 115 47 104 50 142 114 112 42 51 174 41 40 41 154 71 107 41 84 309 65 48 126 54 41 73 62 87 40 71
internal_value=-9.3221e-05 0.00365586 -0.0125582 0.0103242 -0.0437353 0.0196667 -0.0106682 -0.0639425 0.0061071 0.025028 0.0140343 0.0179517 -0.0547585 0.0288298 -0.0265464 0.0314506 -0.00358276 -0.0176137 -0.00159466 0.0334793 -0.0606402 0.0228089 -0.0154649 -4.6295e-06 0.00798411 0.0168138 0.0179813 -0.000560069 0.0116246 -0.029967 -0.0321132 -0.00752109 0.0151645 -0.0463373 0.020299 -0.0232738 0.0243914 0.00596101 0.0120187 0.0131615 0.0150784 0.00404159 0.00293598 -0.0179488 0.0211026 0.00151092 3.05121e-05 0.00660144 0.0112835 0.0104862 -0.00245424 0.0124889 0.021057 0.0163611 -0.00114094 -0.00179551 -0.00232117 -0.00066829 0.0025755 -0.00888733 -0.00827188 0.00395241 -0.00509151
internal_weight=7048 6658 1940 4718 726 3265 1453 390 1214 1671 1594 586 441 1085 285 753 720 733 507 582 256 332 534 426 503 1091 633 408 707 227 145 312 458 185 501 199 171 251 653 249 331 85 161 227 302 195 82 204 404 249 213 155 386 268 89 265 180 85 113 198 149 110 114
internal_count=7048 6658 1940 4718 726 3265 1453 390 1214 1671 1594 586 441 1085 285 753 720 733 507 582 256 332 534 426 503 1091 633 408 707 227 145 312 458 185 501 199 171 251 653 249 331 85 161 227 302 195 82 204 404 249 213 155 386 268 89 265 180 85 113 198 149 110 114
is_linear=0
shrinkage=0.06


Tree=14
num_leaves=64
num_cat=0
split_feature=1 9 1 9 1 9 9 9 7 9 9 9 9 9 4 9 9 1 9 6 9 9 1 9 7 9 9 9 9 2 0 9 5 7 0 7 2 5 6 9 8 7 2 2 9 0 0 4 7 6 2 2 2 0 0 8 9 9 2 2 0 2 2
split_gain=410.454 180.512 273.801 229.871 29.0081 22.4866 22.2366 17.9739 14.3471 8.78058 4.60845 4.53906 4.24705 3.55931 3.12529 2.83174 2.42311 1.92752 1.646 1.1631 0.880174 0.642504 0.628513 0.601358 0.553906 1.04321 0.488784 0.426916 0.402504 0.398575 0.36478 0.307853 0.278098 0.223738 0.212394 0.177789 0.143634 0.136065 0.211375 0.12967 0.117729 0.110282 0.0947394 0.0945715 0.0925196 0.0779922 0.077089 0.0740676 0.0895551 0.0578092 0.0568745 0.132397 0.056557 0.0558081 0.0546763 0.0466595 0.0437389 0.086397 0.0396341 0.0396135 0.0363819 0.0343145 0.0256778
threshold=-1.4287564754486082 0.5775638520717622 0.41595189273357397 -0.96040901541709889 1.0000000180025095e-35 -1.304300785064697 -0.23978930711746213 1.3873735666275027 0.66444215178489696 0.3024504035711289 -0.74031826853752125 1.1570770144462588 -0.066734075546264635 -1.5519028902053831 0.67406946420669567 0.5500524938106538 0.21991638094186786 -0.90169563889503468 -1.1117213964462278 0.78432005643844616 0.013581299688667061 1.3075019121170046 -0.37463472038507456 1.102054297924042 -0.23797510564327237 -0.63027289509773243 -1.3868348598480222 0.60685011744499218 1.4139974117279055 -1.1269023418426511 0.34453167021274572 -1.249278128147125 -1.0795314908027647 -1.2573717832565305 0.23626267164945605 1.0320937037467959 0.13275895640254023 0.55665695667266857 0.10028097406029703 -0.54773887991905201 0.77552661299705516 -1.3242176771163938 0.52368924021720897 0.19791434705257419 -0.21316542476415631 0.27957032620906835 0.40949277579784399 -0.3021187931299209 -0.83958560228347767 -0.45938761532306666 0.87118187546730053 0.089323412626981749 0.024168025236576799 0.30122427642345434 0.14964788407087329 -1.0745678544044492 1.1845883131027224 1.2143183350563052 -0.54050752520561207 0.61056235432624828 0.19295527786016467 0.41509725153446203 0.045885797590017326
decision_type=2 2 2 2 2 2 2 2 2 2 2 2 2 2 2 2 2 2 2 2 2 2 2 2 2 2 2 2 2 2 2 2 2 2 2 2 2 2 2 2 2 2 2 2 2 2 2 2 2 2 2 2 2 2 2 2 2 2 2 2 2 2 2
left_child=8 3 4 5 17 13 10 11 -1 12 32 27 30 22 34 37 20 -3 31 -16 -14 56 -2 -21 25 -12 47 -4 -9 -19 44 -7 36 54 -6 49 -5 38 -11 -27 50 59 62 -18 -8 60 58 -15 -49 -26 51 -30 -23 -54 -20 -38 -13 -58 -42 -33 -34 -43 -35
right_child=1 2 7 6 14 18 9 28 -10 15 24 21 16 26 19 -17 43 29 33 23 -22 52 -24 -25 35 39 -28 -29 40 -31 -32 41 45 42 -36 -37 55 -39 -40 -41 46 61 -44 -45 -46 -47 -48 48 -50 -51 -52 -53 53 -55 -56 -57 57 -59 -60 -61 -62 -63 -64
leaf_value=-0.028393490655081611 -0.023135661631822586 -0.059151953255588356 -0.008562109450686653 0.007846237625926733 -0.033550634086132049 -0.00610086297729741 0.01839677451287999 0.0058381444468977861 -0.064279724449612372 0.017089946734217498 0.013824209492992271 -0.0035750013015280334 0.02717756056712449 -0.015214246035236674 -0.016743904526938091 0.0050281209781197671 0.020002767645395717 -0.040756752490997313 0.0018052782963495701 -0.030188643305729599 0.033135642083428743 0.0043735713558271522 -0.017664749733096844 -0.021517976871852217 0.013842997727510723 0.017590594810550798 -0.0093295644346757661 -0.015860424847514539 0.010716613689437507 -0.051067807473094258 0.015135395926673238 -0.0037030198996578405 0.0073042909328800603 0.0041862252452928156 -0.043319851593537767 0.015935107514526717 0.013019772341711 0.01776913192387624 0.021757533203704018 0.020656502053375641 0.0096772839862387626 0.00054934582430059492 0.0017386507030044283 0.024618870151152304 0.022794102933697814 0.0048115379652396463 0.014434336129989889 -0.01169519543350335 -0.014641324510661566 0.011290854676352704 0.011463090979001101 0.0058618336083988342 0.0032661138066389368 0.00054969122159648036 -0.00042453117329965936 0.0096335487362257267 0.0004054168289682517 -0.0023304601689534969 0.011807971772903315 -0.0015645626991119405 0.009583804818761088 -0.0018260393251797982 0.0064071149328215555
leaf_weight=48 147 175 52 59 49 114 50 55 343 77 219 58 162 96 54 58 64 46 99 116 416 47 221 57 183 166 167 80 47 150 40 138 184 53 43 168 70 242 174 190 71 45 41 108 253 44 53 172 81 84 50 44 52 57 65 42 53 187 376 43 45 41 43
leaf_count=48 147 175 52 59 49 114 50 55 343 77 219 58 162 96 54 58 64 46 99 116 416 47 221 57 183 166 167 80 47 150 40 138 184 53 43 168 70 242 174 190 71 45 41 108 253 44 53 172 81 84 50 44 52 57 65 42 53 187 376 43 45 41 43
internal_value=-0.000298453 0.00322525 -0.0119895 0.00965945 -0.0424344 -0.00907195 0.0191278 0.00441686 -0.0599579 0.0239117 0.0137061 -0.00332322 0.0270381 -0.0153815 -0.0290145 0.0176724 0.0296021 -0.0538644 -0.00088299 -0.0250045 0.0315156 -0.000466465 -0.0199069 -0.0274719 0.0159488 0.0172298 -0.0121219 -0.0130713 0.0109291 -0.048867 0.0213619 -0.00349891 0.00857997 0.00242881 -0.0385334 0.0142199 0.0105199 0.0191467 0.0203991 0.0192802 0.0113561 -0.00236934 0.00421009 0.0230268 0.0221314 0.00733091 0.011832 -0.0134275 -0.0126924 0.0130852 0.00959717 0.00845848 0.00264279 0.00186351 0.000924296 0.0118464 -0.00209752 -0.00172711 0.0114919 -0.00320638 0.00779195 -0.000591078 0.0052368
internal_weight=7027 6636 1972 4664 690 1566 3098 1282 391 1644 1454 586 1093 884 319 551 750 371 682 227 578 454 368 173 1010 575 516 132 696 196 343 381 444 301 92 435 171 493 251 356 641 267 137 172 303 273 500 349 253 267 141 91 156 109 164 112 298 240 447 181 229 86 96
internal_count=7027 6636 1972 4664 690 1566 3098 1282 391 1644 1454 586 1093 884 319 551 750 371 682 227 578 454 368 173 1010 575 516 132 696 196 343 381 444 301 92 435 171 493 251 356 641 267 137 172 303 273 500 349 253 267 141 91 156 109 164 112 298 240 447 181 229 86 96
is_linear=0
shrinkage=0.06


end of trees

feature_importances:
Column_9=458
Column_2=94
Column_1=90
Column_5=52
Column_4=46
Column_0=42
Column_3=42
Column_6=36
Column_7=32
Column_8=14

parameters:
[boosting: gbdt]
[objective: regression]
[metric: l2]
[tree_learner: serial]
[device_type: cpu]
[data_sample_strategy: bagging]
[data: ]
[valid: ]
[num_iterations: 600]
[learning_rate: 0.06]
[num_leaves: 64]
[num_threads: 16]
[seed: 2023]
[deterministic: 0]
[force_col_wise: 0]
[force_row_wise: 0]
[histogram_pool_size: -1]
[max_depth: 8]
[min_data_in_leaf: 40]
[min_sum_hessian_in_leaf: 0.001]
[bagging_fraction: 0.9]
[pos_bagging_fraction: 1]
[neg_bagging_fraction: 1]
[bagging_freq: 1]
[bagging_seed: 26561]
[bagging_by_query: 0]
[feature_fraction: 0.85]
[feature_fraction_bynode: 1]
[feature_fraction_seed: 22040]
[extra_trees: 0]
[extra_seed: 25715]
[early_stopping_round: 0]
[early_stopping_min_delta: 0]
[first_metric_only: 0]
[max_delta_step: 0]
[lambda_l1: 0]
[lambda_l2: 1]
[linear_lambda: 0]
[min_gain_to_split: 0]
[drop_rate: 0.1]
[max_drop: 50]
[skip_drop: 0.5]
[xgboost_dart_mode: 0]
[uniform_drop: 0]
[drop_seed: 17353]
[top_rate: 0.2]
[other_rate: 0.1]
[min_data_per_group: 100]
[max_cat_threshold: 32]
[cat_l2: 10]
[cat_smooth: 10]
[max_cat_to_onehot: 4]
[top_k: 20]
[monotone_constraints: ]
[monotone_constraints_method: basic]
[monotone_penalty: 0]
[feature_contri: ]
[forcedsplits_filename: ]
[refit_decay_rate: 0.9]
[cegb_tradeoff: 1]
[cegb_penalty_split: 0]
[cegb_penalty_feature_lazy: ]
[cegb_penalty_feature_coupled: ]
[path_smooth: 0]
[interaction_constraints: ]
[verbosity: 1]
[saved_feature_importance_type: 0]
[use_quantized_grad: 0]
[num_grad_quant_bins: 4]
[quant_train_renew_leaf: 0]
[stochastic_rounding: 1]
[linear_tree: 0]
[max_bin: 255]
[max_bin_by_feature: ]
[min_data_in_bin: 3]
[bin_construct_sample_cnt: 200000]
[data_random_seed: 6644]
[is_enable_sparse: 1]
[enable_bundle: 1]
[use_missing: 1]
[zero_as_missing: 0]
[feature_pre_filter: 1]
[pre_partition: 0]
[two_round: 0]
[header: 0]
[label_column: ]
[weight_column: ]
[group_column: ]
[ignore_column: ]
[categorical_feature: ]
[forcedbins_filename: ]
[precise_float_parser: 0]
[parser_config_file: ]
[objective_seed: 2023]
[num_class: 1]
[is_unbalance: 0]
[scale_pos_weight: 1]
[sigmoid: 1]
[boost_from_average: 1]
[reg_sqrt: 0]
[alpha: 0.9]
[fair_c: 1]
[poisson_max_delta_step: 0.7]
[tweedie_variance_power: 1.5]
[lambdarank_truncation_level: 30]
[lambdarank_norm: 1]
[label_gain: ]
[lambdarank_position_bias_regularization: 0]
[eval_at: ]
[multi_error_top_k: 1]
[auc_mu_weights: ]
[num_machines: 1]
[local_listen_port: 12400]
[time_out: 120]
[machine_list_filename: ]
[machines: ]
[gpu_platform_id: -1]
[gpu_device_id: -1]
[gpu_use_dp: 0]
[num_gpu: 1]

end of parameters

pandas_categorical:null
