tree
version=v4
num_class=1
num_tree_per_iteration=1
label_index=0
max_feature_idx=9
objective=regression
feature_names=Column_0 Column_1 Column_2 Column_3 Column_4 Column_5 Column_6 Column_7 Column_8 Column_9
feature_infos=[-4.9281487464904785:0.63685661554336548] [-2.6146364212036133:3.7100627422332764] [-5.1990861892700195:1.272971510887146] [-2.2269694805145264:2.5527749061584473] [-5.5711894035339355:1.3641557693481445] [-1.9902403354644775:2.1465384960174561] [-1.982926607131958:1.6860036849975586] [-2.3018357753753662:1.4582350254058838] [-2.4405524730682373:1.9915002584457397] [-1.7305047512054443:1.7332621812820435]
tree_sizes=6151 6159 6266 6324

Tree=0
num_leaves=70
num_cat=0
split_feature=9 9 9 9 9 5 9 9 9 9 9 9 9 9 6 9 3 8 9 9 0 9 9 9 9 9 9 9 9 9 9 9 9 9 9 1 9 1 3 9 0 6 9 6 9 1 9 9 9 9 5 3 9 9 0 5 3 4 9 9 0 0 6 5 3 6 8 9 6
split_gain=1736.11 494.492 699.705 516.887 290.559 254.885 218.647 114.968 105.76 98.383 152.133 94.6675 90.7776 117.724 66.3556 60.9378 58.6576 56.5491 50.6776 46.5297 43.0774 53.2281 48.2122 54.2907 70.7 37.1668 33.1033 30.5006 27.3748 24.7345 24.6275 22.2501 16.8856 16.6262 26.348 13.2826 13.0418 11.7172 10.3116 9.59759 9.04331 9.00937 7.35734 7.08533 9.80411 9.38132 7.06175 6.68643 3.4822 3.4484 3.22447 3.19262 2.9357 2.80666 2.56699 2.19541 2.55515 2.16793 1.83402 1.67434 1.28712 1.16239 1.0676 0.852493 0.664447 0.529961 0.416815 0.158849 0.146749
threshold=0.73065117001533519 -1.1392327547073362 0.16489368677139285 -0.10666989907622336 -0.75407394766807545 1.0197294950485232 0.21991638094186786 0.5500524938106538 -0.21316542476415631 1.6269885301589968 1.5604287981987002 1.1708326339721682 -0.35959677398204798 -0.42615647614002222 0.10028097406029703 1.6003646254539492 1.9201549887657168 -1.3927702903747556 0.44000713527202612 1.102054297924042 0.45280016958713537 -1.6481926441192625 -1.6069256067275999 -1.5106359124183653 -1.4693688750267027 1.0195202827453616 1.4539332389831545 0.99200892448425304 -0.31966094672679896 -1.1117213964462278 0.027336971834301952 0.12362667545676233 1.3740616440773012 -1.249278128147125 -1.3318121433258054 1.0000000180025095e-35 0.46751846373081213 -0.90169563889503468 -1.0320318043231962 0.75816252827644359 0.23626267164945605 1.3439886569976809 1.5338048934936526 0.16246472299098971 0.24742772430181506 1.2065384984016421 -1.6757040023803709 1.4273093938827517 0.7031398117542268 -0.86411932110786427 -0.73994550108909596 1.0000000180025095e-35 -0.040110195055603974 1.6536123752593996 0.25791636854410177 0.58752840757370006 1.3578336834907534 -1.1438745856285093 -0.080046016722917543 0.05484831519424916 0.25791636854410177 0.14964788407087329 0.5977628529071809 1.2358296513557436 -1.5943564176559446 -0.08627621084451674 0.098220024257898345 -1.2767894864082334 -1.205610394477844
decision_type=2 2 2 2 2 2 2 2 2 2 2 2 2 2 2 2 2 2 2 2 2 2 2 2 2 2 2 2 2 2 2 2 2 2 2 2 2 2 2 2 2 2 2 2 2 2 2 2 2 2 2 2 2 2 2 2 2 2 2 2 2 2 2 2 2 2 2 2 2
left_child=1 17 3 4 29 11 14 18 12 10 26 19 13 -6 -4 -12 32 33 43 25 21 46 51 38 -25 -2 27 39 -14 -3 52 59 41 34 68 40 -20 50 -24 -7 -27 55 -28 44 -8 -45 -19 60 54 -39 -31 -23 58 -11 61 -13 -57 -10 -5 -32 -29 -9 -38 -56 -36 -59 -43 -66 -1
right_child=5 2 6 30 8 9 7 48 57 53 15 16 28 -15 -16 -17 -18 20 36 -21 -22 22 23 24 -26 35 42 47 -30 37 31 -33 -34 -35 64 -37 62 49 -40 -41 -42 66 -44 45 -46 -47 -48 -49 -50 -51 -52 -53 -54 -55 63 56 -58 65 -60 -61 -62 -63 -64 -65 67 -67 -68 -69 -70
leaf_value=-0.034904814971916637 0.051890200879736399 -0.010580993080385155 -0.13298772997473668 0.035958685388819099 -0.024703296133992771 0.034520910384289019 -0.04475176207393132 -0.009011663336535294 0.022506310490713152 0.070171575666626212 -0.02973263504728808 -0.010114323814455766 -0.073778135177192325 0.026199544361219063 -0.054099733934736605 0.037577887508835332 -0.04568362819501056 -0.028637738664613145 -0.086861505808896289 0.059787518595722809 -0.0885232140753308 -0.074727428130008017 -0.019496011075504843 -0.10265930864383502 -0.047458118302127518 0.012190094145046175 0.077388575823110511 0.026715540947324413 -0.038956990332200576 0.021498418069788784 0.059102426531697845 0.038160582878373366 0.031646431718453896 -0.049900293937738274 -0.013783778975866705 0.02960068610147595 -0.060979882905830597 0.020011804935604501 -0.047906088729966337 0.057282728568852567 -0.018366759673205245 0.021827732874257145 0.053479353480612744 -0.032835308012926855 -0.019609312115292789 -0.053480226180761634 -0.004193157942323362 0.043587994326608009 0.0018720430170945648 0.036583650144353129 0.013285929764519431 -0.10182593408734784 0.033697709851382339 0.088577835212809861 -0.013693297563428708 0.0046174903201935905 -0.00908783429862179 0.012931861441133313 0.050597933344958386 0.073934259423200754 0.014800525612611817 -0.019451028417009169 -0.049084394321451848 -0.0053357687991932266 -0.0047016283989531685 0.0071622681101603932 0.013938008940399371 -0.0086480603039361271 -0.042356762652153143
leaf_weight=120 68 61 73 50 667 58 55 40 48 55 81 47 79 136 45 56 55 59 51 135 71 44 148 74 279 46 162 51 215 338 57 82 67 70 40 43 102 45 41 443 49 44 54 172 138 88 59 51 57 151 196 40 142 160 40 162 42 95 77 141 50 100 68 131 73 77 42 44 41
leaf_count=120 68 61 73 50 667 58 55 40 48 55 81 47 79 136 45 56 55 59 51 135 71 44 148 74 279 46 162 51 215 338 57 82 67 70 40 43 102 45 41 443 49 44 54 172 138 88 59 51 57 151 196 40 142 160 40 162 42 95 77 141 50 100 68 131 73 77 42 44 41
internal_value=-2.30577e-05 -0.0157765 -0.00696182 0.00718482 -0.00407585 0.0390956 -0.0393432 -0.031973 -0.0184571 0.0534624 0.0468127 0.0171288 -0.0247991 -0.0160603 -0.103611 -0.00214592 0.00228617 -0.0437155 -0.044232 0.0370425 -0.0512081 -0.0475331 -0.053337 -0.0477066 -0.0592873 0.02192 0.0545248 0.0487475 -0.0485321 0.0198618 0.0503513 0.0608325 0.00891339 -0.0278859 -0.0228987 0.00688508 -0.0638944 0.0224166 -0.0258787 0.0547216 -0.00359796 0.00431351 0.0716853 -0.0345199 -0.026968 -0.040001 -0.0165534 0.0288275 -0.00946125 0.0328998 0.0185146 -0.0886776 0.0392567 0.0842159 -0.0115378 -0.000490534 0.00176524 0.0131354 0.0451604 0.0699829 0.0210199 -0.0165534 -0.0565366 -0.007359 -0.00824189 0.0104053 0.0181791 -0.00624647 -0.0370523
internal_weight=7041 5020 3817 2657 2108 2021 1160 1042 1317 1221 1006 800 1097 803 118 137 459 1203 674 341 815 744 626 542 353 206 869 653 294 791 549 280 404 388 318 138 221 730 189 501 95 337 216 453 193 260 118 152 368 196 534 84 269 215 311 251 204 220 127 198 101 140 170 171 157 172 86 117 161
internal_count=7041 5020 3817 2657 2108 2021 1160 1042 1317 1221 1006 800 1097 803 118 137 459 1203 674 341 815 744 626 542 353 206 869 653 294 791 549 280 404 388 318 138 221 730 189 501 95 337 216 453 193 260 118 152 368 196 534 84 269 215 311 251 204 220 127 198 101 140 170 171 157 172 86 117 161
is_linear=0
shrinkage=1


Tree=1
num_leaves=70
num_cat=0
split_feature=9 9 9 9 9 5 9 9 9 9 9 9 9 9 9 9 8 9 6 9 9 0 9 9 9 9 9 9 9 9 9 9 2 9 9 9 9 9 4 9 9 5 9 9 9 6 9 1 6 9 9 2 0 9 9 4 2 6 4 9 2 8 9 4 5 2 2 2 0
split_gain=1514.07 432.821 593.08 455.539 264.778 239.365 191.693 99.4407 96.4928 93.0426 87.3883 135.673 83.2964 105.529 55.5506 54.1872 48.6604 46.1501 45.6744 43.4634 34.6381 33.0174 50.2594 42.4775 51.7182 58.3109 31.5639 26.144 24.1339 20.5294 20.2823 18.2055 17.3759 16.7699 22.3223 14.4066 10.7201 10.1603 8.90213 8.48535 7.87893 7.38623 7.36433 7.36414 6.70328 6.08509 8.18684 8.12225 5.0029 2.97635 2.89382 3.35973 2.7263 2.3523 2.1713 1.94859 1.60033 1.06963 1.05051 1.02487 0.603551 0.509453 0.437219 0.385637 0.336079 0.322546 0.25687 0.177356 0.0917765
threshold=0.73065117001533519 -1.1392327547073362 0.16489368677139285 -0.10666989907622336 -0.75407394766807545 1.0197294950485232 0.21991638094186786 0.5500524938106538 -0.21316542476415631 1.1708326339721682 1.6269885301589968 1.5604287981987002 -0.35959677398204798 -0.42615647614002222 1.2143183350563052 1.6003646254539492 -1.3745844960212705 0.44000713527202612 0.10028097406029703 1.102054297924042 1.0195202827453616 0.45280016958713537 -1.6481926441192625 -1.6069256067275999 -1.5106359124183653 -1.4693688750267027 1.4539332389831545 1.0195202827453616 -0.31966094672679896 -1.1117213964462278 0.027336971834301952 0.12362667545676233 0.024168025236576799 -1.249278128147125 -1.3318121433258054 1.3740616440773012 0.46751846373081213 -0.86411932110786427 -0.066345751285552965 1.4273093938827517 -0.79534095525741566 0.55665695667266857 1.5338048934936526 0.75816252827644359 -1.6757040023803709 0.16246472299098971 0.24742772430181506 1.2065384984016421 1.3439886569976809 -0.040110195055603974 0.7031398117542268 0.58884355425834667 0.19295527786016467 -0.080046016722917543 1.6536123752593996 -1.1438745856285093 0.89290067553520214 0.5977628529071809 1.0442760586738589 0.05484831519424916 0.32822409272193914 -0.26998245716094965 0.64811712503433239 -0.50411303341388691 0.92711439728736889 0.41509725153446203 0.24135091900825503 -0.47535316646099085 0.19295527786016467
decision_type=2 2 2 2 2 2 2 2 2 2 2 2 2 2 2 2 2 2 2 2 2 2 2 2 2 2 2 2 2 2 2 2 2 2 2 2 2 2 2 2 2 2 2 2 2 2 2 2 2 2 2 2 2 2 2 2 2 2 2 2 2 2 2 2 2 2 2 2 2
left_child=1 16 3 4 29 9 18 17 12 19 11 26 13 -6 -11 -13 33 45 -4 20 -2 22 44 61 38 -26 27 43 -14 -3 49 59 -22 34 66 41 -19 52 -25 -29 -39 -16 -28 -7 -18 46 -8 -47 58 53 51 62 -31 -5 -12 -10 -53 -38 -43 -32 -57 -24 -9 68 -34 -51 67 -1 -36
right_child=5 2 6 30 8 10 7 50 55 14 54 15 28 -15 35 -17 21 36 -20 -21 32 -23 23 24 25 -27 42 39 -30 37 31 -33 64 -35 63 -37 57 40 -40 -41 -42 48 -44 -45 -46 47 -48 -49 -50 65 -52 56 -54 -55 -56 60 -58 -59 -60 -61 -62 -63 -64 -65 -66 -67 -68 -69 -70
leaf_value=-0.035020645580640657 0.049245958591716876 -0.0094236123123032575 -0.12460995546501617 0.033312111306521633 -0.023505180654353079 0.032943134462194788 -0.041503560281636424 -0.0071628434237502861 0.021350409535691145 -0.036862421497935428 0.067256943274427342 -0.029531936829861924 -0.069295662393172586 0.02568286296961303 -0.015204040236061528 0.0352758916196498 -0.02684980030016353 -0.080624854998155082 -0.056208423637720044 0.056879489421844488 -0.016821360314827203 -0.081856494922848314 -0.091445830593938418 -0.018251279117539525 -0.09611697373787563 -0.045649736579087448 0.07369507235639236 0.015339939619007054 -0.037219069808451501 0.014685953880624762 0.056176054726044339 0.036452186924506379 0.023427576879926384 -0.047782105604807536 -0.0074664251527415126 0.029441659801772664 -0.057950735884778053 0.037644705304996577 -0.044392610133387328 0.041119381146771571 0.017877442470601048 0.0053718548443104173 0.04944547242667599 0.053499261215163234 -0.0031552242229646839 -0.031074232758948786 -0.018746182902136466 -0.051166774829228726 0.018142832173397402 0.034777781564523193 0.0018707466760783326 -0.019265178299315698 0.022814911286659023 0.048770755380392078 0.084454510953181836 0.0066144243658345665 -0.0073718101240783226 -0.046090817762844599 -0.0026546165630989302 0.068971217248369673 0.012790112556324583 -0.072343241960503332 -0.0014012943592150602 -0.011289475619454276 0.015777240214603288 0.027533647943945496 -0.037948157915191072 -0.026935066332419717 -0.0042918732748008694
leaf_weight=40 68 58 68 53 653 55 56 108 49 79 53 77 83 130 41 54 59 54 42 139 52 67 45 149 74 265 169 79 218 337 59 82 41 74 52 69 93 138 42 55 84 144 50 448 60 172 142 77 76 67 55 105 157 79 155 79 41 66 56 135 88 42 48 54 41 67 73 44 51
leaf_count=40 68 58 68 53 653 55 56 108 49 79 53 77 83 130 41 54 59 54 42 139 52 67 45 149 74 265 169 79 218 337 59 82 41 74 52 69 93 138 42 55 84 144 50 448 60 172 142 77 76 67 55 105 157 79 155 79 41 66 56 135 88 42 48 54 41 67 73 44 51
internal_value=4.00886e-05 -0.0148379 -0.00647985 0.00658538 -0.00408672 0.036715 -0.0367859 -0.0299405 -0.0178668 0.0156309 0.0509107 0.0446178 -0.0239445 -0.0153162 0.00106858 -0.0027524 -0.0410778 -0.0414267 -0.0992347 0.0354274 0.0204583 -0.0481158 -0.0449375 -0.0506722 -0.0451943 -0.0569165 0.051862 0.046075 -0.0462643 0.0190514 0.0473552 0.0569537 0.00559311 -0.0264256 -0.0212568 0.00890685 -0.0606066 0.0213679 -0.0242009 0.0261473 0.0302789 0.0043586 0.0684086 0.0513214 -0.0150288 -0.0321725 -0.0253588 -0.0374674 0.00730904 0.0372198 -0.0086491 -0.0105648 0.0173103 0.042861 0.0804152 0.0126037 -0.0159981 -0.0533466 0.00312242 0.0653879 0.00992544 -0.0831508 -0.00541028 -0.00784696 0.0198386 0.0313865 -0.0345322 -0.0311521 -0.00595094
internal_weight=6935 4934 3743 2616 2074 2001 1127 1017 1300 806 1195 987 1084 783 465 131 1191 660 110 341 202 803 736 617 530 339 856 637 301 774 542 276 134 388 314 386 213 716 191 134 222 317 219 503 119 447 198 249 276 266 357 302 494 132 208 216 146 159 200 194 167 87 156 157 82 134 157 84 103
internal_count=6935 4934 3743 2616 2074 2001 1127 1017 1300 806 1195 987 1084 783 465 131 1191 660 110 341 202 803 736 617 530 339 856 637 301 774 542 276 134 388 314 386 213 716 191 134 222 317 219 503 119 447 198 249 276 266 357 302 494 132 208 216 146 159 200 194 167 87 156 157 82 134 157 84 103
is_linear=0
shrinkage=0.05


Tree=2
num_leaves=71
num_cat=0
split_feature=9 9 9 9 9 7 9 9 9 9 9 7 7 9 7 9 6 9 9 9 9 1 0 9 9 9 9 2 3 9 9 9 9 9 9 1 9 3 6 9 6 9 1 9 3 9 9 2 9 9 9 9 7 2 9 3 9 3 2 6 9 9 2 0 3 3 2 9 2 2
split_gain=1394.56 397.167 578.051 431.661 239.077 198.589 174.407 107.228 106.29 97.9986 84.7054 74.9891 55.4231 55.12 51.3427 48.985 46.4828 41.5716 39.8598 55.8507 37.0808 32.1345 32.1223 34.5433 40.8428 38.4903 62.8415 20.7317 20.166 20.1264 19.4405 17.798 17.7844 15.3002 10.9606 10.031 9.84747 9.37823 8.0679 7.45813 6.87537 7.61064 6.96041 4.44287 4.18344 3.15586 3.14935 3.06079 3.0511 2.86613 2.63835 2.54632 2.333 1.91719 2.55698 2.26127 1.88883 1.38294 1.36414 1.30735 1.10797 0.979143 0.933237 0.849615 0.774728 0.637334 0.62658 0.529494 0.232117 0.0833304
threshold=0.73065117001533519 -1.1392327547073362 0.16489368677139285 -0.10666989907622336 -0.75407394766807545 0.53075048327445995 0.21991638094186786 1.6269885301589968 1.5604287981987002 0.5500524938106538 -0.21316542476415631 -1.4746205210685728 -1.5581775307655332 1.3740616440773012 -0.070860028266906724 1.6003646254539492 0.10028097406029703 0.44000713527202612 1.4406213760375979 1.0057646036148074 1.0882986783981325 0.67948076128959667 0.47445386648178106 -1.6481926441192625 -1.6069256067275999 -1.5106359124183653 -1.4693688750267027 0.024168025236576799 1.7795746922492983 0.027336971834301952 -1.1117213964462278 0.12362667545676233 -1.3318121433258054 1.4406213760375979 0.46751846373081213 -0.90169563889503468 -1.6757040023803709 -1.0320318043231962 1.3439886569976809 0.75816252827644359 0.16246472299098971 0.24742772430181506 1.2065384984016421 1.5338048934936526 1.0000000180025095e-35 1.6802362799644472 0.7031398117542268 0.58884355425834667 -0.58900588750839222 -0.86411932110786427 -0.97416469454765309 -0.040110195055603974 -1.6918681859970091 0.43681606650352484 1.3208138942718508 0.65493208169937145 -0.080046016722917543 0.3737714439630509 -1.0400292277336118 -0.08627621084451674 0.05484831519424916 -0.1865415424108505 0.87118187546730053 0.30122427642345434 0.5143517702817918 -1.4537760615348814 -0.36676120758056635 0.64811712503433239 0.43681606650352484 0.41509725153446203
decision_type=2 2 2 2 2 2 2 2 2 2 2 2 2 2 2 2 2 2 2 2 2 2 2 2 2 2 2 2 2 2 2 2 2 2 2 2 2 2 2 2 2 2 2 2 2 2 2 2 2 2 2 2 2 2 2 2 2 2 2 2 2 2 2 2 2 2 2 2 2 2
left_child=1 12 3 4 30 13 16 8 18 17 11 48 32 28 -13 -10 -4 40 19 39 27 -22 23 36 44 37 -27 -21 38 51 -3 60 63 57 -19 50 -14 -26 53 -7 41 -8 -42 -20 -25 -9 47 67 -6 -37 -32 56 65 64 55 -55 -5 -15 -41 61 -31 -12 -49 -1 -2 -34 -36 -11 -53 -67
right_child=5 2 6 29 10 7 9 45 15 46 59 14 22 33 -16 -17 -18 34 43 20 21 -23 -24 24 25 26 -28 -29 -30 31 35 -33 52 -35 66 49 -38 -39 -40 58 42 -43 -44 -45 -46 -47 -48 62 -50 -51 -52 68 -54 54 -56 -57 -58 -59 -60 -61 -62 -63 -64 -65 -66 69 -68 -69 -70 -71
leaf_value=-0.037147128954529762 0.0097403039436110058 -0.0096599886967342792 -0.11983586037662669 0.032058454345573077 -0.0069613605322381275 0.031168790906667711 -0.039800829780206354 0.068321113820586893 -0.02820709347957745 -0.0073556107064744209 0.0092894647783457723 -0.048493541132080473 -0.031522030619453294 0.031267155566305486 -0.021243395727682104 0.033092948638580061 -0.05042983262640674 -0.077413682008193707 0.069529139543401786 -0.016778035923269898 0.05045191660009582 0.0024338353682864223 -0.082175849090542707 -0.065181016376832643 -0.0170087937758975 -0.094498792482273927 -0.042357538896676615 0.019823840001975804 -0.028515677695924585 0.053512066956293784 0.012871370462442626 0.034665003667275117 -0.011665169515668653 0.059199263883191494 -0.058513016935358653 0.018610693017486482 -0.0030194598808489996 -0.042851723109682403 0.017670291181336752 0.045805968505305217 -0.030670788084687452 -0.017819510315749663 -0.048363576545987441 0.049843393631831365 -0.093699838859694351 0.083872124993282823 0.0023813595726215817 -0.018243067987187177 0.0025506085361079347 0.033212556208592731 0.020043548805654277 0.033079346237887795 -0.020408706690707223 0.0076909575679832524 -0.014329252004092777 -0.0071984841309113467 0.045900059491395952 0.020145056568909178 0.053385760009453442 0.0063795911177840035 0.066090835630893713 0.018046376883562299 -0.0090404224211604097 -0.027588098765961057 0.0013189840328728629 -0.002693233548663557 -0.047457921775904577 -0.0012085657247721598 0.026470396358233235 -0.0058569346225207175
leaf_weight=91 43 58 70 54 214 57 56 111 79 105 58 273 63 52 477 54 40 58 144 60 144 46 56 40 142 69 364 105 54 58 257 83 42 42 46 49 58 47 82 147 171 140 91 53 41 114 60 97 138 153 276 70 40 50 42 50 83 85 361 79 149 83 43 57 73 49 120 53 64 40
leaf_count=91 43 58 70 54 214 57 56 111 79 105 58 273 63 52 477 54 40 58 144 60 144 46 56 40 142 69 364 105 54 58 257 83 42 42 46 49 58 47 82 147 171 140 91 53 41 114 60 97 138 153 276 70 40 50 42 50 83 85 361 79 149 83 43 57 73 49 120 53 64 40
internal_value=0.000285943 -0.0138879 -0.00601455 0.00672751 -0.0036206 0.0350528 -0.0356448 0.0447524 0.0389747 -0.0292519 -0.016636 -0.0222881 -0.0389856 0.0100498 -0.0312138 -0.00325713 -0.095279 -0.0403601 0.0440016 0.0395445 0.0238983 0.0389001 -0.0454619 -0.0428702 -0.0471198 -0.0426397 -0.050865 0.00649317 -0.000421751 0.0456775 0.0180708 0.0549234 -0.0210338 0.0329733 -0.0580441 0.0202692 -0.0179964 -0.0236271 0.00411076 0.0493158 -0.0316035 -0.02427 -0.0369765 0.0645115 -0.0805831 0.0765365 -0.00803703 -0.0101356 -0.00323557 0.0297796 0.0166159 0.0356178 -0.00996021 -0.000250438 -0.00413316 0.000248675 0.0407161 0.0245626 0.0512867 0.0116486 0.0628406 0.014535 -0.0155007 -0.0336755 0.00449725 -0.00663938 -0.0508534 -0.0053142 0.0301423 -0.0041644
internal_weight=7073 5025 3826 2676 2115 2048 1150 1475 1250 1040 1322 1102 1199 573 750 133 110 682 1117 920 355 190 880 824 703 622 433 165 394 561 793 290 319 179 224 735 121 189 340 565 458 196 262 197 81 225 358 298 352 202 533 271 171 258 142 100 137 137 508 220 207 141 140 148 116 131 166 158 134 89
internal_count=7073 5025 3826 2676 2115 2048 1150 1475 1250 1040 1322 1102 1199 573 750 133 110 682 1117 920 355 190 880 824 703 622 433 165 394 561 793 290 319 179 224 735 121 189 340 565 458 196 262 197 81 225 358 298 352 202 533 271 171 258 142 100 137 137 508 220 207 141 140 148 116 131 166 158 134 89
is_linear=0
shrinkage=0.05


Tree=3
num_leaves=72
num_cat=0
split_feature=9 9 9 9 9 5 9 9 9 9 9 9 9 9 9 7 9 9 9 9 9 9 9 9 9 9 9 9 5 9 5 9 9 9 1 9 3 0 9 1 5 9 9 9 9 9 5 4 9 9 9 1 0 9 3 8 9 0 9 4 0 0 3 9 0 0 5 4 9 0 5
split_gain=1257.79 357.161 533.116 372.42 215.006 191.515 182.358 86.5448 79.0934 77.306 99.3662 76.8871 76.9671 70.8546 109.131 50.1699 44.5712 37.3799 33.6139 37.6984 34.6129 39.274 63.8908 27.8721 28.8623 24.9797 22.3677 21.369 19.4926 17.1381 16.5564 15.8492 15.8001 11.2194 9.17743 8.96808 7.16455 6.58172 6.43191 5.81506 5.70418 4.81655 4.72502 4.2946 2.94859 11.5601 5.86822 2.84286 2.40461 2.38581 2.23509 2.2823 2.05804 2.0554 2.00082 1.85485 1.82636 1.74868 1.70918 1.63701 1.42289 1.19004 0.87352 0.86005 0.840178 0.796515 0.725572 0.667192 0.449815 0.185379 0.0032593
threshold=0.73065117001533519 -1.1392327547073362 0.16489368677139285 -0.10666989907622336 -0.75407394766807545 1.0197294950485232 0.21991638094186786 0.5500524938106538 -0.21316542476415631 -0.35959677398204798 -0.42615647614002222 1.1845883131027224 1.2143183350563052 1.6269885301589968 1.5604287981987002 -1.5916000008583067 1.6003646254539492 0.44000713527202612 -1.7032153010368345 -1.6481926441192625 -1.6069256067275999 -1.5106359124183653 -1.4693688750267027 1.102054297924042 1.0195202827453616 1.4539332389831545 1.0057646036148074 -0.31966094672679896 -0.95604565739631642 0.027336971834301952 -0.67820259928703297 0.12362667545676233 -1.3318121433258054 1.3740616440773012 1.0000000180025095e-35 0.46751846373081213 -1.0320318043231962 0.23626267164945605 0.75816252827644359 -0.90169563889503468 0.55665695667266857 1.4273093938827517 -1.1117213964462278 1.5338048934936526 0.3162060827016831 0.27493907511234289 -0.24600152671337125 -0.10012559592723845 -0.040110195055603974 0.7031398117542268 1.2941899895668032 1.9971251487731936 0.17130158096551898 1.6802362799644472 1.9201549887657168 -1.2745789289474485 -1.0291873812675474 0.25791636854410177 -0.080046016722917543 -1.1438745856285093 0.25791636854410177 0.30122427642345434 0.79551240801811229 0.05484831519424916 0.21460897475481036 0.19295527786016467 1.2358296513557436 0.80919095873832714 -0.14660571515560147 0.23626267164945605 -0.70907405018806446
decision_type=2 2 2 2 2 2 2 2 2 2 2 2 2 2 2 2 2 2 2 2 2 2 2 2 2 2 2 2 2 2 2 2 2 2 2 2 2 2 2 2 2 2 2 2 2 2 2 2 2 2 2 2 2 2 2 2 2 2 2 2 2 2 2 2 2 2 2 2 2 2 2
left_child=1 15 3 4 30 11 28 17 9 10 -6 23 -13 14 25 32 -16 44 -17 47 -21 36 -23 24 -2 26 38 -11 -4 48 39 63 61 40 37 -19 -22 -26 -7 52 -14 60 -32 -27 45 -8 -46 -20 58 57 62 -52 -3 -15 -25 -41 -44 64 -5 -10 -28 -1 -42 -31 -9 -34 -59 -37 -61 -50 -33
right_child=5 2 6 29 8 13 7 49 59 27 -12 12 33 53 16 18 -18 35 19 20 21 22 -24 54 34 43 41 -29 -30 31 42 70 65 -35 -36 67 -38 -39 -40 55 50 -43 56 -45 46 -47 -48 -49 69 -51 51 -53 -54 -55 -56 -57 -58 66 -60 68 -62 -63 -64 -65 -66 -67 -68 -69 -70 -71 -72
leaf_value=-0.036508466422557832 0.044906730535957555 0.014807019100618327 -0.12172877335030099 0.030319222175287753 -0.021238129576629398 0.029303961352638481 -0.023793366159744828 -0.011002442460406894 0.019427494659948238 -0.064805261808705619 0.025148386364536625 -0.056659916186561958 -0.013270921659905736 0.065201064974069606 -0.026259993221192886 -0.079892344127098724 0.032207563725699273 -0.073592980883338238 -0.021557166994093581 -0.075837140613132056 -0.016288429643305031 -0.088907985988913529 -0.03994172452549849 0.037913045798446621 0.010491221115808004 0.066661973663096161 0.023246255293488505 -0.03444526629280989 -0.075721011855709022 0.050777442966188704 -0.0085430236330086545 0.02923881815269936 -0.0042948106754353487 0.026549603031290805 0.024753721958647171 -0.056273249149322517 -0.039934430732613518 -0.016291117203460697 0.048924214593430319 0.017868675280180647 0.0055263532220683727 0.035993642892156334 0.014771916624511395 0.047073269009590149 -0.016275649340538195 -0.048589478296110003 -0.032286516309703715 -0.004898821232915399 0.025669286182013959 0.0017384450694184778 0.016505849491580425 0.0020319150505764857 0.022212704837438653 0.079403460248608462 0.052555738993938651 0.030810925825348785 0.0026119100089029724 -0.012146816202780096 0.043791733172875422 0.011432135162513556 0.010255978847651379 -0.024888012406169155 -0.0021035811161401415 0.06270883188402053 -0.019575136701794379 -0.011600501035255464 -0.0044278346011126339 -0.045637430108728866 0.0060652851414245866 0.031740986972542136 0.036246050545509827
leaf_weight=74 71 262 45 52 660 52 111 92 51 82 139 51 40 99 77 59 55 54 46 80 150 81 384 50 43 158 44 215 66 55 54 42 76 67 41 49 41 47 456 40 103 55 65 49 97 86 153 58 81 52 82 41 159 106 101 154 59 40 78 94 45 48 58 138 46 76 128 125 74 58 46
leaf_count=74 71 262 45 52 660 52 111 92 51 82 139 51 40 99 77 59 55 54 46 80 150 81 384 50 43 158 44 215 66 55 54 42 76 67 41 49 41 47 456 40 103 55 65 49 97 86 153 58 81 52 82 41 159 106 101 154 59 40 78 94 45 48 58 138 46 76 128 125 74 58 46
internal_value=-0.000122559 -0.0135633 -0.00611784 0.00616694 -0.00339833 0.0334524 -0.0346411 -0.0280379 -0.0157944 -0.0212731 -0.013147 0.0144067 0.000498657 0.0460898 0.0404771 -0.0376703 -0.00183952 -0.0385664 -0.0433815 -0.0407251 -0.0447051 -0.0407988 -0.0486438 0.0317707 0.0194708 0.0469743 0.0420291 -0.0430168 -0.0952931 0.0427676 0.0171516 0.0514925 -0.0188421 0.00807964 0.00544922 -0.0550725 -0.0215458 -0.00352044 0.0469774 0.0210334 0.0041903 0.024369 0.00369718 0.0622736 -0.030043 -0.0348088 -0.0261639 -0.0124021 0.0334965 -0.00813463 0.00668756 0.0117365 0.0176499 0.0728945 0.0479885 0.0282477 0.00905329 -0.0098126 0.0386753 0.0115963 0.0168651 -0.032176 0.00278166 0.059588 -0.0139803 -0.0079996 -0.00632669 -0.048937 0.00911804 0.0284114 0.0332678
internal_weight=6966 4975 3802 2658 2108 1991 1144 1033 1315 1096 799 795 442 1196 991 1173 132 675 899 840 736 656 465 353 202 859 652 297 111 550 793 281 274 391 131 228 191 90 508 615 324 144 178 207 447 197 250 104 269 358 284 123 421 205 151 194 124 306 130 219 89 122 161 193 138 152 168 174 168 139 88
internal_count=6966 4975 3802 2658 2108 1991 1144 1033 1315 1096 799 795 442 1196 991 1173 132 675 899 840 736 656 465 353 202 859 652 297 111 550 793 281 274 391 131 228 191 90 508 615 324 144 178 207 447 197 250 104 269 358 284 123 421 205 151 194 124 306 130 219 89 122 161 193 138 152 168 174 168 139 88
is_linear=0
shrinkage=0.05


end of trees

feature_importances:
Column_9=174
Column_0=18
Column_2=15
Column_3=15
Column_5=14
Column_6=14
Column_1=10
Column_4=8
Column_7=6
Column_8=5

parameters:
[boosting: gbdt]
[objective: regression]
[metric: l2]
[tree_learner: serial]
[device_type: cpu]
[data_sample_strategy: bagging]
[data: ]
[valid: ]
[num_iterations: 600]
[learning_rate: 0.05]
[num_leaves: 256]
[num_threads: 16]
[seed: 2023]
[deterministic: 0]
[force_col_wise: 0]
[force_row_wise: 0]
[histogram_pool_size: -1]
[max_depth: 8]
[min_data_in_leaf: 40]
[min_sum_hessian_in_leaf: 0.001]
[bagging_fraction: 0.9]
[pos_bagging_fraction: 1]
[neg_bagging_fraction: 1]
[bagging_freq: 1]
[bagging_seed: 26561]
[bagging_by_query: 0]
[feature_fraction: 0.8]
[feature_fraction_bynode: 1]
[feature_fraction_seed: 22040]
[extra_trees: 0]
[extra_seed: 25715]
[early_stopping_round: 0]
[early_stopping_min_delta: 0]
[first_metric_only: 0]
[max_delta_step: 0]
[lambda_l1: 0]
[lambda_l2: 1]
[linear_lambda: 0]
[min_gain_to_split: 0]
[drop_rate: 0.1]
[max_drop: 50]
[skip_drop: 0.5]
[xgboost_dart_mode: 0]
[uniform_drop: 0]
[drop_seed: 17353]
[top_rate: 0.2]
[other_rate: 0.1]
[min_data_per_group: 100]
[max_cat_threshold: 32]
[cat_l2: 10]
[cat_smooth: 10]
[max_cat_to_onehot: 4]
[top_k: 20]
[monotone_constraints: ]
[monotone_constraints_method: basic]
[monotone_penalty: 0]
[feature_contri: ]
[forcedsplits_filename: ]
[refit_decay_rate: 0.9]
[cegb_tradeoff: 1]
[cegb_penalty_split: 0]
[cegb_penalty_feature_lazy: ]
[cegb_penalty_feature_coupled: ]
[path_smooth: 0]
[interaction_constraints: ]
[verbosity: 1]
[saved_feature_importance_type: 0]
[use_quantized_grad: 0]
[num_grad_quant_bins: 4]
[quant_train_renew_leaf: 0]
[stochastic_rounding: 1]
[linear_tree: 0]
[max_bin: 255]
[max_bin_by_feature: ]
[min_data_in_bin: 3]
[bin_construct_sample_cnt: 200000]
[data_random_seed: 6644]
[is_enable_sparse: 1]
[enable_bundle: 1]
[use_missing: 1]
[zero_as_missing: 0]
[feature_pre_filter: 1]
[pre_partition: 0]
[two_round: 0]
[header: 0]
[label_column: ]
[weight_column: ]
[group_column: ]
[ignore_column: ]
[categorical_feature: ]
[forcedbins_filename: ]
[precise_float_parser: 0]
[parser_config_file: ]
[objective_seed: 2023]
[num_class: 1]
[is_unbalance: 0]
[scale_pos_weight: 1]
[sigmoid: 1]
[boost_from_average: 1]
[reg_sqrt: 0]
[alpha: 0.9]
[fair_c: 1]
[poisson_max_delta_step: 0.7]
[tweedie_variance_power: 1.5]
[lambdarank_truncation_level: 30]
[lambdarank_norm: 1]
[label_gain: ]
[lambdarank_position_bias_regularization: 0]
[eval_at: ]
[multi_error_top_k: 1]
[auc_mu_weights: ]
[num_machines: 1]
[local_listen_port: 12400]
[time_out: 120]
[machine_list_filename: ]
[machines: ]
[gpu_platform_id: -1]
[gpu_device_id: -1]
[gpu_use_dp: 0]
[num_gpu: 1]

end of parameters

pandas_categorical:null
