tree
version=v4
num_class=1
num_tree_per_iteration=1
label_index=0
max_feature_idx=9
objective=regression
feature_names=Column_0 Column_1 Column_2 Column_3 Column_4 Column_5 Column_6 Column_7 Column_8 Column_9
feature_infos=[-4.9281487464904785:0.63685661554336548] [-2.6146364212036133:3.7100627422332764] [-5.1990861892700195:1.272971510887146] [-2.2269694805145264:2.5527749061584473] [-5.5711894035339355:1.3641557693481445] [-1.9902403354644775:2.1465384960174561] [-1.982926607131958:1.6860036849975586] [-2.3018357753753662:1.4582350254058838] [-2.4405524730682373:1.9915002584457397] [-1.7305047512054443:1.7332621812820435]
tree_sizes=5625 5627 5665

Tree=0
num_leaves=64
num_cat=0
split_feature=9 9 9 9 9 5 9 9 9 9 9 9 9 9 6 9 3 8 9 9 0 9 9 9 9 9 9 9 9 9 9 9 9 9 9 1 9 1 3 9 0 6 9 6 9 1 9 9 9 9 5 3 9 9 0 5 3 4 9 9 0 0 6
split_gain=1736.11 494.492 699.705 516.887 290.559 254.885 218.647 114.968 105.76 98.383 152.133 94.6675 90.7776 117.724 66.3556 60.9378 58.6576 56.5491 50.6776 46.5297 43.0774 53.2281 48.2122 54.2907 70.7 37.1668 33.1033 30.5006 27.3748 24.7345 24.6275 22.2501 16.8856 16.6262 26.348 13.2826 13.0418 11.7172 10.3116 9.59759 9.04331 9.00937 7.35734 7.08533 9.80411 9.38132 7.06175 6.68643 3.4822 3.4484 3.22447 3.19262 2.9357 2.80666 2.56699 2.19541 2.55515 2.16793 1.83402 1.67434 1.28712 1.16239 1.0676
threshold=0.73065117001533519 -1.1392327547073362 0.16489368677139285 -0.10666989907622336 -0.75407394766807545 1.0197294950485232 0.21991638094186786 0.5500524938106538 -0.21316542476415631 1.6269885301589968 1.5604287981987002 1.1708326339721682 -0.35959677398204798 -0.42615647614002222 0.10028097406029703 1.6003646254539492 1.9201549887657168 -1.3927702903747556 0.44000713527202612 1.102054297924042 0.45280016958713537 -1.6481926441192625 -1.6069256067275999 -1.5106359124183653 -1.4693688750267027 1.0195202827453616 1.4539332389831545 0.99200892448425304 -0.31966094672679896 -1.1117213964462278 0.027336971834301952 0.12362667545676233 1.3740616440773012 -1.249278128147125 -1.3318121433258054 1.0000000180025095e-35 0.46751846373081213 -0.90169563889503468 -1.0320318043231962 0.75816252827644359 0.23626267164945605 1.3439886569976809 1.5338048934936526 0.16246472299098971 0.24742772430181506 1.2065384984016421 -1.6757040023803709 1.4273093938827517 0.7031398117542268 -0.86411932110786427 -0.73994550108909596 1.0000000180025095e-35 -0.040110195055603974 1.6536123752593996 0.25791636854410177 0.58752840757370006 1.3578336834907534 -1.1438745856285093 -0.080046016722917543 0.05484831519424916 0.25791636854410177 0.14964788407087329 0.5977628529071809
decision_type=2 2 2 2 2 2 2 2 2 2 2 2 2 2 2 2 2 2 2 2 2 2 2 2 2 2 2 2 2 2 2 2 2 2 2 2 2 2 2 2 2 2 2 2 2 2 2 2 2 2 2 2 2 2 2 2 2 2 2 2 2 2 2
left_child=1 17 3 4 29 11 14 18 12 10 26 19 13 -6 -4 -12 32 33 43 25 21 46 51 38 -25 -2 27 39 -14 -3 52 59 41 34 -1 40 -20 50 -24 -7 -27 55 -28 44 -8 -45 -19 60 54 -39 -31 -23 58 -11 61 -13 -57 -10 -5 -32 -29 -9 -38
right_child=5 2 6 30 8 9 7 48 57 53 15 16 28 -15 -16 -17 -18 20 36 -21 -22 22 23 24 -26 35 42 47 -30 37 31 -33 -34 -35 -36 -37 62 49 -40 -41 -42 -43 -44 45 -46 -47 -48 -49 -50 -51 -52 -53 -54 -55 -56 56 -58 -59 -60 -61 -62 -63 -64
leaf_value=-0.044462817663978096 0.062268142901078689 -0.012697289851067172 -0.159585374124289 0.043150324311977933 -0.029644053515396309 0.041424994306541833 -0.053702212643322568 -0.010814094158447338 0.027007474434250792 0.084205792645346458 -0.035679260211350677 -0.012137286731951904 -0.088533860367235762 0.031439355078857895 -0.064919778876288914 0.045093366855997408 -0.054820451988617652 -0.034365384552140756 -0.10423390512528052 0.071744924160262374 -0.10622795504500193 -0.089673011910614595 -0.023395311445210797 -0.12319126852720699 -0.056949840117158 0.014628014819450422 0.092866192833127609 0.032058550982184311 -0.04674848655324567 0.025798003529141553 0.070922813683432409 0.045792601299443042 0.037975619907539691 -0.059880450879890912 -0.0098903700641460868 0.035520725167166152 -0.073175957641601702 0.024014067768120411 -0.057487404630564586 0.068739176128018081 -0.022040209762451277 0.021814824231680796 0.064175126022130297 -0.03940246777011721 -0.02353127269295633 -0.064176369571518954 -0.0050318876853930206 0.052305495037324623 0.0022463534659084915 0.043900282018618765 0.015943017562818327 -0.12219121905942239 0.040437153667053818 0.10629330410076684 -0.0088308923804220167 0.0055408902296273221 -0.010905499312951135 0.012486249499741491 0.060717421859345068 0.088721013153235911 0.01776053258052919 -0.023341332255015987 -0.058901371340347203
leaf_weight=161 68 61 73 50 667 58 55 40 48 55 81 47 79 136 45 56 55 59 51 135 71 44 148 74 279 46 162 51 215 338 57 82 67 70 157 43 102 45 41 443 49 86 54 172 138 88 59 51 57 151 196 40 142 160 171 162 42 172 77 141 50 100 68
leaf_count=161 68 61 73 50 667 58 55 40 48 55 81 47 79 136 45 56 55 59 51 135 71 44 148 74 279 46 162 51 215 338 57 82 67 70 157 43 102 45 41 443 49 86 54 172 138 88 59 51 57 151 196 40 142 160 171 162 42 172 77 141 50 100 68
internal_value=-2.77674e-05 -0.0189319 -0.00835428 0.00862169 -0.00489112 0.0469146 -0.047212 -0.0383676 -0.0221487 0.0641548 0.0561752 0.0205545 -0.029759 -0.0192724 -0.124333 -0.0025752 0.00274331 -0.0524587 -0.0530785 0.044451 -0.0614498 -0.0570398 -0.0640045 -0.057248 -0.0711449 0.026304 0.0654297 0.0584969 -0.0582386 0.023834 0.0604215 0.0729989 0.010696 -0.0334632 -0.0274785 0.00826199 -0.0766733 0.0268998 -0.0310546 0.0656659 -0.00431765 0.00517612 0.0860222 -0.041424 -0.0323617 -0.0480012 -0.0198642 0.0345929 -0.0113536 0.0394796 0.0222174 -0.106413 0.0471079 0.101059 -0.0138454 -0.000588739 0.00211819 0.0157624 0.0541924 0.0839794 0.0252238 -0.0198642 -0.067844
internal_weight=7041 5020 3817 2657 2108 2021 1160 1042 1317 1221 1006 800 1097 803 118 137 459 1203 674 341 815 744 626 542 353 206 869 653 294 791 549 280 404 388 318 138 221 730 189 501 95 337 216 453 193 260 118 152 368 196 534 84 269 215 311 251 204 220 127 198 101 140 170
internal_count=7041 5020 3817 2657 2108 2021 1160 1042 1317 1221 1006 800 1097 803 118 137 459 1203 674 341 815 744 626 542 353 206 869 653 294 791 549 280 404 388 318 138 221 730 189 501 95 337 216 453 193 260 118 152 368 196 534 84 269 215 311 251 204 220 127 198 101 140 170
is_linear=0
shrinkage=1


Tree=1
num_leaves=64
num_cat=0
split_feature=9 9 9 9 9 5 9 9 9 9 9 9 9 9 9 9 8 9 6 9 9 0 9 9 9 9 9 9 9 9 9 9 9 9 9 9 9 2 4 9 9 5 9 9 9 6 9 1 6 9 9 2 0 2 0 9 9 4 2 6 4 9 6
split_gain=1482.29 423.692 580.733 446 259.265 234.447 187.821 97.4144 94.4755 91.3708 92.1487 85.6128 132.887 81.574 103.367 53.085 47.7136 45.1829 44.6268 33.8665 41.9679 32.3 49.2313 41.6258 50.6624 57.0688 30.9112 25.6554 23.6228 20.0958 19.8549 17.8121 16.4514 21.8598 14.1083 10.4878 9.95003 9.90538 8.7943 8.33704 7.79784 7.30219 7.2176 7.20901 6.56808 5.96045 8.01141 7.96061 4.89143 2.92093 2.83025 3.34628 2.72255 2.57328 2.61996 2.3091 2.11944 1.90939 1.61029 1.04889 1.04539 0.995925 0.64143
threshold=0.73065117001533519 -1.1392327547073362 0.16489368677139285 -0.10666989907622336 -0.75407394766807545 1.0197294950485232 0.21991638094186786 0.5500524938106538 -0.21316542476415631 1.1845883131027224 1.2143183350563052 1.6269885301589968 1.5604287981987002 -0.35959677398204798 -0.42615647614002222 1.6003646254539492 -1.3745844960212705 0.44000713527202612 0.10028097406029703 1.0882986783981325 1.0195202827453616 0.45280016958713537 -1.6481926441192625 -1.6069256067275999 -1.5106359124183653 -1.4693688750267027 1.4539332389831545 1.0195202827453616 -0.31966094672679896 -1.1117213964462278 0.027336971834301952 0.12362667545676233 -1.249278128147125 -1.3318121433258054 1.3740616440773012 0.46751846373081213 -0.86411932110786427 0.024168025236576799 -0.066345751285552965 1.4273093938827517 -0.79534095525741566 0.55665695667266857 1.5338048934936526 0.75816252827644359 -1.6757040023803709 0.16246472299098971 0.24742772430181506 1.2065384984016421 1.3439886569976809 -0.040110195055603974 0.7031398117542268 0.58884355425834667 0.19295527786016467 0.19791434705257419 0.27957032620906835 -0.080046016722917543 1.6536123752593996 -1.1438745856285093 0.89290067553520214 0.5977628529071809 1.0442760586738589 0.05484831519424916 -0.08627621084451674
decision_type=2 2 2 2 2 2 2 2 2 2 2 2 2 2 2 2 2 2 2 2 2 2 2 2 2 2 2 2 2 2 2 2 2 2 2 2 2 2 2 2 2 2 2 2 2 2 2 2 2 2 2 2 2 2 2 2 2 2 2 2 2 2 2
left_child=1 16 3 4 29 9 18 17 13 19 -11 12 26 14 -6 -14 32 45 -4 20 -2 22 44 -24 38 -26 27 43 -15 -3 49 61 33 -1 41 -19 52 -22 -25 -29 -38 -12 -28 -7 -18 46 -8 -47 60 55 51 -9 -31 -21 -55 -5 -13 -10 -53 -37 -43 -32 -59
right_child=5 2 6 30 8 11 7 50 57 10 34 56 15 28 -16 -17 21 35 -20 53 37 -23 23 24 25 -27 42 39 -30 36 31 -33 -34 -35 -36 59 40 -39 -40 -41 -42 48 -44 -45 -46 47 -48 -49 -50 -51 -52 58 -54 54 -56 -57 -58 62 -60 -61 -62 -63 -64
leaf_value=-0.040982115159777899 0.058481499604556869 -0.011183509247030241 -0.14795921241459639 0.039551027433739769 -0.027910224786786567 0.039124914535454337 -0.049276665668738513 -0.0063630644465755117 0.025355823000892997 -0.071776676071541645 -0.018171658883137362 0.079881876309712732 -0.0350861005198497 -0.082279991124357493 0.030507445827211811 0.04188833862272176 -0.031881829939782613 -0.09572643574801358 -0.066816005606290904 0.072430970313701215 -0.020015802966729508 -0.097181132076417695 -0.098753958378325804 -0.021637317909114061 -0.11412487351894378 -0.054212322056965717 0.087510890112203712 0.01816820627404377 -0.044197530028703684 0.017410246206532899 0.066713860690593707 0.043290220402091378 -0.056743474483489986 -0.0092935106365741055 0.034955666011997628 -0.068816903905665625 0.044748224448814669 0.015723044861865747 -0.052812691448732858 0.04882954802896295 0.021155397355227784 0.0064147383281639931 0.058705402297132156 0.063531685796771653 -0.0037367704087013349 -0.036897327373129979 -0.022261748231061688 -0.060766590948288256 0.021544693434828673 0.037262426442570155 0.0022228383972209744 -0.022972880449005452 0.027154313375866865 0.06022484801958005 0.041043286436008956 0.057925324916839598 0.10028929953391735 0.0151139481381533 -0.0086660340361829312 -0.054728752463611197 -0.0031933743043459561 0.081884781008257579 0.0074547421705909072
leaf_weight=157 68 58 68 53 653 55 56 156 49 55 41 53 77 83 130 54 59 54 42 46 52 67 87 149 74 265 169 79 218 337 59 82 74 157 69 93 138 58 42 55 84 144 50 448 60 172 142 77 76 134 55 105 157 89 52 79 155 93 41 66 56 135 74
leaf_count=157 68 58 68 53 653 55 56 156 49 55 41 53 77 83 130 54 59 54 42 46 52 67 87 149 74 265 169 79 218 337 59 82 74 157 69 93 138 58 42 55 84 144 50 448 60 172 142 77 76 134 55 105 157 89 52 79 155 93 41 66 56 135 74
internal_value=4.80728e-05 -0.0176172 -0.00769385 0.00782037 -0.00485135 0.0435936 -0.0436806 -0.0355495 -0.0212144 0.018554 0.000161197 0.0604526 0.0529783 -0.028431 -0.0181847 -0.00327922 -0.0487712 -0.0491918 -0.117858 0.0407154 0.0217991 -0.0571342 -0.0533617 -0.0601727 -0.0536655 -0.0675878 0.0615816 0.0547095 -0.0549364 0.0226238 0.0562292 0.0676255 -0.0313607 -0.0252176 0.0105704 -0.0719653 0.0253741 -0.0011998 -0.028732 0.0310216 0.0359561 0.00516933 0.081231 0.0609459 -0.0178404 -0.0382036 -0.0301116 -0.0444921 0.00868973 0.0441955 -0.0102615 -0.012535 0.0205556 0.0585095 0.0534897 0.0509006 0.0954964 0.0149659 -0.0190415 -0.0633476 0.00372196 0.0776367 0.0117846
internal_weight=6935 4934 3743 2616 2074 2001 1127 1017 1300 806 441 1195 987 1084 783 131 1191 660 110 365 178 803 736 617 530 339 856 637 301 774 542 276 388 314 386 213 716 110 191 134 222 317 219 503 119 447 198 249 276 266 357 302 494 187 141 132 208 216 146 159 200 194 167
internal_count=6935 4934 3743 2616 2074 2001 1127 1017 1300 806 441 1195 987 1084 783 131 1191 660 110 365 178 803 736 617 530 339 856 637 301 774 542 276 388 314 386 213 716 110 191 134 222 317 219 503 119 447 198 249 276 266 357 302 494 187 141 132 208 216 146 159 200 194 167
is_linear=0
shrinkage=0.06


Tree=2
num_leaves=64
num_cat=0
split_feature=9 9 9 9 9 7 9 9 9 9 9 7 7 9 7 9 6 9 9 6 0 9 9 9 9 2 9 3 9 9 9 9 9 1 9 3 6 2 6 9 1 9 2 3 9 9 9 9 2 9 9 9 7 2 9 3 9 9 3 6 9 9 0
split_gain=1337.34 380.723 554.344 413.957 229.246 190.123 167.324 102.901 101.948 94.0886 81.2577 75.0421 53.3066 52.6709 51.3028 46.9897 44.6055 39.8528 38.4643 54.034 30.9393 33.0278 39.1119 37.0442 60.5443 27.9039 19.3042 18.8469 18.6536 17.0753 17.0613 14.7083 10.5169 9.62097 9.49711 9.03211 7.80608 6.75538 6.60593 7.30073 6.65695 6.56853 4.52258 4.25754 4.25676 3.12801 3.05146 3.02106 2.99034 2.74005 2.59344 2.44545 2.22612 1.90193 2.47483 2.2705 1.80913 1.53899 1.36957 1.28237 1.05587 0.996141 0.948635
threshold=0.73065117001533519 -1.1392327547073362 0.16489368677139285 -0.10666989907622336 -0.75407394766807545 0.53075048327445995 0.21991638094186786 1.6269885301589968 1.5604287981987002 0.5500524938106538 -0.21316542476415631 -1.4746205210685728 -1.5581775307655332 1.3740616440773012 -0.070860028266906724 1.6003646254539492 0.10028097406029703 0.44000713527202612 1.4406213760375979 1.1574285030364992 0.47445386648178106 -1.6481926441192625 -1.6069256067275999 -1.5106359124183653 -1.4693688750267027 1.0000000180025095e-35 0.027336971834301952 1.7795746922492983 -1.1117213964462278 -1.3318121433258054 0.12362667545676233 1.4406213760375979 0.46751846373081213 -0.90169563889503468 -1.6757040023803709 -1.0320318043231962 1.3439886569976809 -1.2789304256439207 0.16246472299098971 0.24742772430181506 1.2065384984016421 0.75816252827644359 0.76258990168571483 1.0000000180025095e-35 1.5338048934936526 1.6802362799644472 -0.58900588750839222 0.7031398117542268 0.58884355425834667 -0.86411932110786427 -0.97416469454765309 -0.040110195055603974 -1.6918681859970091 0.43681606650352484 1.3208138942718508 0.65493208169937145 -0.080046016722917543 0.99200892448425304 0.3737714439630509 -0.08627621084451674 0.05484831519424916 -0.1865415424108505 0.30122427642345434
decision_type=2 2 2 2 2 2 2 2 2 2 2 2 2 2 2 2 2 2 2 2 2 2 2 2 2 2 2 2 2 2 2 2 2 2 2 2 2 2 2 2 2 2 2 2 2 2 2 2 2 2 2 2 2 2 2 2 2 2 2 2 2 2 2
left_child=1 12 3 4 28 13 16 8 18 17 11 46 29 27 -13 -10 -4 38 19 41 21 34 43 35 -25 37 51 36 -3 62 60 58 -19 50 -14 -24 53 -21 39 -8 -40 -7 -27 -23 -20 -9 -6 48 -11 -35 -30 56 -31 -2 55 -55 -5 -43 -15 61 -28 -12 -1
right_child=5 2 6 26 10 7 9 45 15 47 59 14 20 31 -16 -17 -18 32 44 25 -22 22 23 24 -26 42 30 -29 33 52 -32 -33 -34 49 -36 -37 -38 -39 40 -41 -42 57 -44 -45 -46 -47 -48 -49 -50 -51 -52 -53 -54 54 -56 -57 -58 -59 -60 -61 -62 -63 -64
leaf_value=-0.043850614992172819 0.0053361198043402952 -0.01136335682060759 -0.14084843199018021 0.037678964170542631 -0.0077954927331789639 0.036630935514795362 -0.046775185936375668 0.080200723260641094 -0.033167090613394977 -0.0061787616811200688 0.010790555106823221 -0.057633548632100982 -0.037128309186373373 0.036819485009841196 -0.024949558067864204 0.038879276543855666 -0.059261499192656539 -0.090981000641645007 0.081767804195140958 0.016681136261762642 -0.096664024403220722 -0.076243641928928657 -0.019927426874116583 -0.11117784414972577 -0.049764720928281131 0.027821898538056972 0.062895726733288526 -0.033040435154329646 0.015071339040810545 -0.0077674898357045913 0.040740137387599268 0.069580110145169627 -0.059761212268275417 0.021886918852105735 -0.0035395797169017525 -0.050358657725155354 0.020814359179776476 -0.015890928031160281 -0.036065852523044964 -0.020940325658055061 -0.056831769871970882 0.061070787730238357 0.045226120145848162 -0.11038230938570841 0.058636901213063128 0.098651045446810512 0.0036174441224446504 0.0028147618057297874 -0.018259427887982033 0.039022305342187355 0.023600177191372706 0.03541534776157803 -0.023907416608275434 0.0091448630929431493 -0.017016209831114772 -0.0087588523859705985 0.053937396279403138 0.050273844009225674 0.02357098730400118 0.0074349776042508895 0.077658064579963687 0.021367621538894516 -0.032032519769051977
leaf_weight=91 116 58 70 54 214 57 56 111 79 158 58 273 63 52 477 54 40 58 144 40 56 40 142 69 364 105 58 54 257 131 83 42 166 49 58 47 82 51 171 140 91 445 129 41 53 114 138 60 140 153 276 134 40 50 42 50 83 93 85 79 149 83 57
leaf_count=91 116 58 70 54 214 57 56 111 79 158 58 273 63 52 477 54 40 58 144 40 56 40 142 69 364 105 58 54 257 131 83 42 166 49 58 47 82 51 171 140 91 445 129 41 53 114 138 60 140 153 276 134 40 50 42 50 83 93 85 79 149 83 57
internal_value=0.000336568 -0.0163194 -0.00706908 0.00790456 -0.00425585 0.0411919 -0.0418887 0.0525807 0.0457888 -0.0343746 -0.0195498 -0.0261928 -0.0458067 0.0118348 -0.0369074 -0.00384334 -0.111982 -0.0474358 0.0516966 0.046443 -0.0534283 -0.0503764 -0.0553629 -0.0501018 -0.0597847 0.0266445 0.053676 -0.000448903 0.021233 -0.0246802 0.064542 0.0387249 -0.0682133 0.0238172 -0.0211889 -0.0277202 0.00480911 -0.00154784 -0.0371473 -0.0285217 -0.0434671 0.0571945 0.0375682 -0.0946591 0.0758723 0.089944 -0.00332353 -0.00942981 -0.0118963 0.034994 0.0195237 0.0418535 -0.01166 -0.00033855 -0.00497909 0.000194916 0.0478484 0.0593011 0.02883 0.0136938 0.073844 0.0171234 -0.0395446
internal_weight=7073 5025 3826 2676 2115 2048 1150 1475 1250 1040 1322 1102 1199 573 750 133 110 682 1117 920 880 824 703 622 433 325 561 394 793 319 290 179 224 735 121 189 340 91 458 196 262 595 234 81 197 225 352 358 298 202 533 271 171 258 142 100 137 538 137 220 207 141 148
internal_count=7073 5025 3826 2676 2115 2048 1150 1475 1250 1040 1322 1102 1199 573 750 133 110 682 1117 920 880 824 703 622 433 325 561 394 793 319 290 179 224 735 121 189 340 91 458 196 262 595 234 81 197 225 352 358 298 202 533 271 171 258 142 100 137 538 137 220 207 141 148
is_linear=0
shrinkage=0.06


end of trees

feature_importances:
Column_9=125
Column_6=14
Column_0=10
Column_2=9
Column_3=9
Column_1=6
Column_5=5
Column_7=5
Column_4=4
Column_8=2

parameters:
[boosting: gbdt]
[objective: regression]
[metric: l2]
[tree_learner: serial]
[device_type: cpu]
[data_sample_strategy: bagging]
[data: ]
[valid: ]
[num_iterations: 600]
[learning_rate: 0.06]
[num_leaves: 64]
[num_threads: 16]
[seed: 2023]
[deterministic: 0]
[force_col_wise: 0]
[force_row_wise: 0]
[histogram_pool_size: -1]
[max_depth: 8]
[min_data_in_leaf: 40]
[min_sum_hessian_in_leaf: 0.001]
[bagging_fraction: 0.9]
[pos_bagging_fraction: 1]
[neg_bagging_fraction: 1]
[bagging_freq: 1]
[bagging_seed: 26561]
[bagging_by_query: 0]
[feature_fraction: 0.8]
[feature_fraction_bynode: 1]
[feature_fraction_seed: 22040]
[extra_trees: 0]
[extra_seed: 25715]
[early_stopping_round: 0]
[early_stopping_min_delta: 0]
[first_metric_only: 0]
[max_delta_step: 0]
[lambda_l1: 0]
[lambda_l2: 1]
[linear_lambda: 0]
[min_gain_to_split: 0]
[drop_rate: 0.1]
[max_drop: 50]
[skip_drop: 0.5]
[xgboost_dart_mode: 0]
[uniform_drop: 0]
[drop_seed: 17353]
[top_rate: 0.2]
[other_rate: 0.1]
[min_data_per_group: 100]
[max_cat_threshold: 32]
[cat_l2: 10]
[cat_smooth: 10]
[max_cat_to_onehot: 4]
[top_k: 20]
[monotone_constraints: ]
[monotone_constraints_method: basic]
[monotone_penalty: 0]
[feature_contri: ]
[forcedsplits_filename: ]
[refit_decay_rate: 0.9]
[cegb_tradeoff: 1]
[cegb_penalty_split: 0]
[cegb_penalty_feature_lazy: ]
[cegb_penalty_feature_coupled: ]
[path_smooth: 0]
[interaction_constraints: ]
[verbosity: 1]
[saved_feature_importance_type: 0]
[use_quantized_grad: 0]
[num_grad_quant_bins: 4]
[quant_train_renew_leaf: 0]
[stochastic_rounding: 1]
[linear_tree: 0]
[max_bin: 255]
[max_bin_by_feature: ]
[min_data_in_bin: 3]
[bin_construct_sample_cnt: 200000]
[data_random_seed: 6644]
[is_enable_sparse: 1]
[enable_bundle: 1]
[use_missing: 1]
[zero_as_missing: 0]
[feature_pre_filter: 1]
[pre_partition: 0]
[two_round: 0]
[header: 0]
[label_column: ]
[weight_column: ]
[group_column: ]
[ignore_column: ]
[categorical_feature: ]
[forcedbins_filename: ]
[precise_float_parser: 0]
[parser_config_file: ]
[objective_seed: 2023]
[num_class: 1]
[is_unbalance: 0]
[scale_pos_weight: 1]
[sigmoid: 1]
[boost_from_average: 1]
[reg_sqrt: 0]
[alpha: 0.9]
[fair_c: 1]
[poisson_max_delta_step: 0.7]
[tweedie_variance_power: 1.5]
[lambdarank_truncation_level: 30]
[lambdarank_norm: 1]
[label_gain: ]
[lambdarank_position_bias_regularization: 0]
[eval_at: ]
[multi_error_top_k: 1]
[auc_mu_weights: ]
[num_machines: 1]
[local_listen_port: 12400]
[time_out: 120]
[machine_list_filename: ]
[machines: ]
[gpu_platform_id: -1]
[gpu_device_id: -1]
[gpu_use_dp: 0]
[num_gpu: 1]

end of parameters

pandas_categorical:null
