tree
version=v4
num_class=1
num_tree_per_iteration=1
label_index=0
max_feature_idx=9
objective=regression
feature_names=Column_0 Column_1 Column_2 Column_3 Column_4 Column_5 Column_6 Column_7 Column_8 Column_9
feature_infos=[-4.9281487464904785:0.63685661554336548] [-2.6146364212036133:3.7100627422332764] [-5.1990861892700195:1.272971510887146] [-2.2269694805145264:2.5527749061584473] [-5.5711894035339355:1.3641557693481445] [-1.9902403354644775:2.1465384960174561] [-1.982926607131958:1.6860036849975586] [-2.3018357753753662:1.4582350254058838] [-2.4405524730682373:1.9915002584457397] [-1.7305047512054443:1.7332621812820435]
tree_sizes=4982 5102 5358 5258 5358 5183 5456 5715 5717 5457 5724 5732 5733 5737 5744

Tree=0
num_leaves=56
num_cat=0
split_feature=1 9 1 9 1 9 9 9 9 9 5 9 9 9 9 1 9 1 9 9 9 9 9 9 9 9 3 9 9 4 9 9 9 9 9 9 9 3 9 9 3 4 5 5 9 9 9 9 0 9 4 6 5 3 5
split_gain=2320.18 1010.27 1539.04 1273.7 159.936 142.763 101.288 96.396 56.163 36.0972 26.9496 20.6903 20.531 16.5999 16.343 13.4455 9.29368 8.97294 5.28557 3.83935 3.80937 3.52228 3.31955 2.66866 2.63223 2.21406 1.91799 1.73755 1.65797 1.51513 1.21473 1.10334 1.06098 0.822895 0.756561 0.443798 0.32671 0.28006 0.265796 0.252475 0.222901 0.198562 0.196 0.144187 0.130129 0.125085 0.227761 0.123572 0.110166 0.05972 0.0578211 0.0471877 0.0391252 0.0152051 0.00289178
threshold=-1.4287564754486082 0.5775638520717622 0.41595189273357397 -1.001676023006439 1.0000000180025095e-35 -0.19985347986221311 -1.3318121433258054 1.3873735666275027 0.24742772430181506 -0.75407394766807545 0.92711439728736889 -0.01348631316795945 1.1570770144462588 -1.5243915915489195 0.53629684448242199 0.1524230241775513 -1.1667441129684446 -0.63816359639167775 0.64811712503433239 1.102054297924042 -1.6481926441192625 0.21991638094186786 1.3075019121170046 -0.89163067936897267 -0.11998183652758597 1.4406213760375979 -0.32913015782833094 0.60685011744499218 -1.2767894864082334 0.80919095873832714 -1.0704543590545652 -0.25310124456882471 -1.3868348598480222 0.3299617618322373 0.67562848329544078 -0.63027289509773243 1.1845883131027224 1.6389943361282351 1.4139974117279055 -0.65778425335884083 -0.18854984268546102 0.9436233937740327 -1.0795314908027647 -0.55471602082252491 1.5071810483932497 1.6003646254539492 1.6669243574142458 -1.194255471229553 0.14964788407087329 1.3607497215270998 -0.50411303341388691 -1.0190532207489011 -0.55471602082252491 -1.172612130641937 -0.67820259928703297
decision_type=2 2 2 2 2 2 2 2 2 2 2 2 2 2 2 2 2 2 2 2 2 2 2 2 2 2 2 2 2 2 2 2 2 2 2 2 2 2 2 2 2 2 2 2 2 2 2 2 2 2 2 2 2 2 2
left_child=10 3 4 6 17 9 13 12 11 23 -1 24 27 20 33 -6 28 -3 -17 34 -2 -13 36 40 -7 38 35 -4 53 -16 43 39 -15 -10 -20 -11 -14 -38 -9 -28 -5 49 -25 48 -27 -46 -47 52 -18 -24 -42 -32 -30 -8 -53
right_child=1 2 7 5 15 8 16 25 14 26 -12 21 22 32 29 18 30 -19 19 -21 -22 -23 41 42 -26 44 31 -29 47 -31 51 -33 -34 -35 -36 -37 37 -39 -40 -41 50 -43 -44 -45 45 46 -48 -49 -50 -51 -52 54 -54 -55 -56
leaf_value=-0.092538586869233719 -0.052853465422135065 -0.13490700948389076 -0.019248743783116272 0.010171134637805199 -0.091956953059255289 0.049023814414679651 -0.019945583778927928 0.014101575131713565 0.052021351932377606 0.033982713231771641 -0.14918844960949834 0.07643894300342341 -0.0091870670848939358 -0.030299430211173421 0.010642981477521466 -0.04466136365684728 0.0014111646557620802 -0.11000846892922854 -0.063944052764670772 -0.052583103687456098 -0.040344214129833009 0.057376642229171965 0.0058984799002264931 0.024435931410404416 0.060652586588877448 0.024590828122707582 0.032127725874499309 -0.034329885075941834 -0.0083802721076814829 0.026909450493268545 0.0041598634548253429 0.042593400978825774 -0.022809595271889513 0.045498610311191227 -0.080160157721087116 0.043836507209376936 -0.0051007042816309097 -0.00015371654797668243 0.020978132148596024 0.036150031204203403 0.01273083855539703 0.0027645807880720746 0.020261508776298003 -0.0037062739684804507 0.029866224957090938 0.024146050454756339 0.028870621801532163 -0.0064541639748363 -0.0021137034479641235 0.0091301800159860388 0.015973702455608137 0.0058969297915029825 -0.010964295952392658 -0.016249188441400709 0.0074146654023354427
leaf_weight=40 168 254 51 59 75 164 61 56 172 40 343 482 54 288 42 60 70 112 54 61 249 55 59 149 212 134 173 76 54 44 41 112 114 419 69 240 185 53 49 561 63 53 129 61 192 138 133 50 57 44 111 43 107 52 54
leaf_count=40 168 254 51 59 75 164 61 56 172 40 343 482 54 288 42 60 70 112 54 61 249 55 59 149 212 134 173 76 54 44 41 112 114 419 69 240 185 53 49 561 63 53 129 61 192 138 133 50 57 44 111 43 107 52 54
internal_value=-0.000120703 0.00814911 -0.0280003 0.0232552 -0.100486 0.0443339 -0.0230477 0.0109304 0.0571456 0.0318626 -0.143528 0.0668939 -0.00727882 -0.0370706 0.0439199 -0.0690667 -0.00534909 -0.127608 -0.0616842 -0.0669637 -0.0454983 0.0745968 -0.00122108 0.018581 0.055724 0.0258344 0.0378682 -0.0284714 -0.0125294 0.019179 0.00180366 0.0362687 -0.0282373 0.0474816 -0.073614 0.0425548 -0.00499085 -0.00400432 0.0174783 0.035247 0.0137355 0.00582201 0.0225784 -0.00133434 0.0272724 0.0279939 0.0265624 -0.00931236 -0.000175014 0.00735353 0.014879 0.00605746 -0.0101547 -0.018402 0.0068089
internal_weight=7041 6658 1962 4696 685 3227 1469 1277 1590 1637 383 913 575 819 677 319 650 366 244 184 417 537 448 511 376 702 1126 127 324 86 326 846 402 591 123 280 292 238 105 734 233 156 278 188 597 463 271 211 127 103 174 138 161 113 97
internal_count=7041 6658 1962 4696 685 3227 1469 1277 1590 1637 383 913 575 819 677 319 650 366 244 184 417 537 448 511 376 702 1126 127 324 86 326 846 402 591 123 280 292 238 105 734 233 156 278 188 597 463 271 211 127 103 174 138 161 113 97
is_linear=0
shrinkage=1


Tree=1
num_leaves=57
num_cat=0
split_feature=1 9 1 9 1 9 9 9 9 9 8 9 9 9 9 1 9 1 9 9 9 9 9 9 9 9 9 9 9 9 9 9 9 9 9 9 9 9 2 9 9 9 4 2 5 5 9 2 8 6 5 0 2 2 9 9
split_gain=2026.6 835.775 1301.4 1116.31 142.473 122.904 91.3755 83.6105 46.4321 31.1445 18.934 18.7828 17.6685 13.9759 13.4865 11.7329 7.82907 7.20901 4.55486 4.12434 3.4768 3.30854 3.1675 2.56103 2.259 1.80092 1.79632 1.46892 1.20218 1.05115 2.67317 1.24092 0.882223 0.596166 0.494626 0.447512 0.382344 0.356848 0.290904 0.246966 0.231176 0.181958 0.16803 0.153288 0.130375 0.0976522 0.072178 0.0614089 0.0422772 0.0305573 0.0263363 0.0260098 0.0255106 0.00696575 0.00660979 0.216604
threshold=-1.4287564754486082 0.5775638520717622 0.41595189273357397 -1.001676023006439 1.0000000180025095e-35 -0.19985347986221311 -1.3318121433258054 1.3873735666275027 0.24742772430181506 -0.74031826853752125 0.44369028508663183 1.1570770144462588 -0.01348631316795945 -1.5243915915489195 0.53629684448242199 0.1524230241775513 -1.194255471229553 -0.63816359639167775 0.64811712503433239 1.102054297924042 0.21991638094186786 -1.6481926441192625 1.3075019121170046 -0.89163067936897267 -0.11998183652758597 0.60685011744499218 1.4139974117279055 -1.0704543590545652 -1.2767894864082334 -0.65778425335884083 -0.45278035104274744 -0.25310124456882471 -1.3868348598480222 0.3299617618322373 0.67562848329544078 1.5071810483932497 -0.60276153683662403 1.1845883131027224 -0.01926855510100722 -1.1392327547073362 -0.76782962679862965 1.2143183350563052 -0.53789392113685597 0.71915432810783397 -0.77081695199012745 -0.5855882167816161 -1.249278128147125 0.43681606650352484 -1.1927591562271116 0.038097223732620485 -1.0795314908027647 0.19295527786016467 1.0000000180025095e-35 0.13275895640254023 1.6003646254539492 1.6935482025146487
decision_type=2 2 2 2 2 2 2 2 2 2 2 2 2 2 2 2 2 2 2 2 2 2 2 2 2 2 2 2 2 2 2 2 2 2 2 2 2 2 2 2 2 2 2 2 2 2 2 2 2 2 2 2 2 2 2 2
left_child=10 3 4 6 17 9 13 11 12 23 -1 25 24 21 33 -6 28 -3 -17 34 49 -2 37 42 -7 -4 -9 39 51 -11 36 -32 -15 -10 -20 -28 -31 -13 -24 47 50 -39 -5 -40 -44 -41 -30 -18 52 -14 -25 -8 -29 -48 -37 -56
right_child=1 2 7 5 15 8 16 26 14 29 -12 22 20 32 -16 18 27 -19 19 -21 -22 -23 38 40 -26 -27 35 48 46 30 31 -33 -34 -35 -36 54 -38 41 43 45 -42 -43 44 -45 -46 -47 53 -49 -50 -51 -52 -53 -54 -55 55 -57
leaf_value=-0.091921599368963922 -0.049648488449627125 -0.12628364920129581 -0.017599170636047014 0.0093401724705472599 -0.086599426648833536 0.046182390742185636 -0.019129971109330655 0.013134657107996491 0.048896258296789945 0.03077633438699217 -0.14000629521265229 -0.0088331010958479176 0.069299454069605054 -0.028647770647720623 0.017639539548410819 -0.041804763295433735 -0.0027979688614141198 -0.1032747859954834 -0.059769458323717113 -0.048208212635733869 0.053375673796001229 -0.03803312071831897 0.009671348293640596 0.021901045895758128 0.056994877637818804 -0.032560618488819568 0.022268948266139395 0.0059070742150855267 -0.011258541997522116 0.035935597684648296 0.031824650571758581 0.039880692194808616 -0.021531417457000265 0.042944059408934414 -0.075017939139814929 0.027773720069277669 0.042087975224510563 -0.0004683241710115812 0.0014668722485657779 0.00048463704473129945 0.025919035581025207 -0.0043884264976093235 0.015260502772556769 0.0059497575447692167 0.011205989807134583 -0.0029194376598620279 -0.0091549318403849594 -0.0058767323371850784 0.0072112329304218287 0.076365353076354309 0.019034402459263799 -0.015369679514529571 0.0037333040322092442 -0.0073078933639115972 0.023589947076271409 0.028623940743505952
leaf_weight=41 168 244 54 47 65 163 59 52 161 165 336 55 305 278 77 65 47 109 47 65 56 255 50 125 214 76 194 42 55 107 398 109 105 418 67 185 304 56 47 97 54 181 110 68 62 43 47 53 42 160 124 52 54 60 183 79
leaf_count=41 168 244 54 47 65 163 59 52 161 165 336 55 305 278 77 65 47 109 47 65 56 255 50 125 214 76 194 42 55 107 398 109 105 418 67 185 304 56 47 97 54 181 110 68 62 43 47 53 42 160 124 52 54 60 183 79
internal_value=5.57997e-05 0.00784111 -0.0251736 0.0217332 -0.0934032 0.0417676 -0.0217033 0.0101592 0.0538015 0.0300898 -0.135034 -0.00649827 0.0627038 -0.0351947 0.0415383 -0.0633115 -0.00497128 -0.119491 -0.0567796 -0.061955 0.0700055 -0.0427525 -0.000755153 0.0179973 0.0524545 -0.0265276 0.0242579 0.000624834 -0.0126938 0.0358964 0.0367821 0.0336317 -0.026758 0.0446806 -0.0693057 0.0251384 0.0405774 -0.00450526 0.00586857 -0.00220999 0.0215934 -0.00346802 0.0129465 0.00414606 0.0138722 -0.00057419 -0.00929875 -0.00447174 0.00553539 0.0718894 0.0205553 -0.0175214 0.00473542 -0.00819647 0.0263312 0.0252109
internal_weight=6935 6558 1942 4616 662 3159 1457 1280 1554 1605 377 587 898 806 656 309 651 353 244 179 521 423 457 522 377 130 693 378 273 1083 918 507 383 579 114 641 411 292 165 240 303 237 219 115 172 140 162 100 138 465 249 111 96 107 447 262
internal_count=6935 6558 1942 4616 662 3159 1457 1280 1554 1605 377 587 898 806 656 309 651 353 244 179 521 423 457 522 377 130 693 378 273 1083 918 507 383 579 114 641 411 292 165 240 303 237 219 115 172 140 162 100 138 465 249 111 96 107 447 262
is_linear=0
shrinkage=0.06


Tree=2
num_leaves=60
num_cat=0
split_feature=1 9 1 9 1 9 9 9 9 9 8 9 9 9 9 1 9 1 9 9 9 9 9 9 9 9 9 7 3 9 9 9 9 9 9 9 9 6 2 7 9 9 2 3 9 2 9 9 2 9 0 3 0 9 9 0 3 9 9
split_gain=1856.34 770.099 1192.62 987.986 125.413 107.128 85.8759 73.5341 43.5435 24.7431 23.5832 16.4366 15.7009 13.0204 12.7176 10.518 7.8402 6.7467 3.58513 3.30456 2.9025 2.63624 2.33527 2.05635 1.63281 1.53794 1.46841 1.37456 1.28562 1.24903 1.17082 0.952426 0.771052 0.677738 0.380891 0.342367 0.303436 0.299256 0.245789 0.233453 0.221034 0.21292 0.191832 0.183418 0.162246 0.144441 0.13004 0.121288 0.140437 0.119719 0.102504 0.0950415 0.0884047 0.070987 0.0547461 0.0506019 0.0436079 0.040419 0.181845
threshold=-1.4287564754486082 0.5775638520717622 0.41595189273357397 -0.98792037367820729 1.0000000180025095e-35 -0.19985347986221311 -1.3318121433258054 1.3873735666275027 0.24742772430181506 -0.74031826853752125 0.40732413530349737 1.1570770144462588 -0.040110195055603974 0.5500524938106538 -1.5519028902053831 0.1524230241775513 -1.1667441129684446 -0.63816359639167775 0.64811712503433239 1.102054297924042 1.3075019121170046 0.21991638094186786 -1.6481926441192625 -0.89163067936897267 1.4139974117279055 -1.0566987395286558 0.60685011744499218 -1.7587140202522276 -0.32913015782833094 -1.3868348598480222 -0.11998183652758597 0.3299617618322373 -0.25310124456882471 0.013581299688667061 1.5071810483932497 0.67562848329544078 1.1845883131027224 0.47339236736297613 -0.01926855510100722 -0.15441707521677014 -0.61651721596717823 -0.79534095525741566 0.32822409272193914 1.6389943361282351 -1.5243915915489195 0.71915432810783397 -1.194255471229553 -0.93289768695831288 0.24135091900825503 -1.1117213964462278 0.14964788407087329 1.0000000180025095e-35 0.14964788407087329 -1.4556132555007932 -1.249278128147125 0.19295527786016467 -1.172612130641937 1.6003646254539492 1.6935482025146487
decision_type=2 2 2 2 2 2 2 2 2 2 2 2 2 2 2 2 2 2 2 2 2 2 2 2 2 2 2 2 2 2 2 2 2 2 2 2 2 2 2 2 2 2 2 2 2 2 2 2 2 2 2 2 2 2 2 2 2 2 2
left_child=10 3 4 6 17 9 14 11 12 23 -1 26 30 31 22 -6 27 -3 -17 35 36 33 -2 47 -9 49 -4 56 40 44 -7 -10 39 -14 -26 -20 -13 -33 -22 -30 -11 50 -27 -38 -16 -40 54 48 -5 51 -25 -18 -51 -46 -29 -43 -8 -36 -59
right_child=1 2 7 5 15 8 16 24 13 28 -12 20 21 -15 29 18 25 -19 19 -21 38 -23 -24 41 34 42 -28 46 32 -31 -32 37 -34 -35 57 -37 43 -39 45 -41 -42 55 -44 -45 53 -47 -48 -49 -50 52 -52 -53 -54 -55 -56 -57 -58 58 -60
leaf_value=-0.079959614223667541 -0.046850765922239843 -0.11901722349197025 -0.016263866437242386 0.0078351136115054742 -0.082368070374835622 0.043621892151309218 -0.017704326858965017 0.012627664960535436 0.045976306847457224 0.031042660673459371 -0.13181236827915366 -0.0083707769132322727 0.059227825763090602 0.010740212162158319 -0.032335985216227443 -0.039781968489289277 -0.0046050197556209956 -0.097203879271234778 -0.056847661545402127 -0.045430975840205237 0.0090638627824099621 0.050237629099896076 -0.036175623631223723 0.016801208316275244 0.020815945879833118 0.0090147413766464672 -0.03047501272880114 -0.010355111322012439 0.033056098971746661 -0.020079684532002397 0.052522521162607576 0.040897043003755455 0.037689895241388251 0.068210544672123216 0.026115270531366742 -0.069957528425299592 -0.0042610087798826317 0.035353645905204435 0.0013334663864225148 0.029863821669628744 0.03869040291804772 0.024830223733270672 0.0045363415527629519 -0.00040569214223809064 -0.024916741944474283 0.0056741637072991579 -0.0050552100693393078 0.014426941047696505 0.012727656689557162 0.0021505383912473917 0.020615507024785748 -0.00097195230345542138 -0.0011945141686803913 -0.02863292255749305 -0.0076853992538274945 0.01967900529850361 -0.013941151429163781 0.022041260581463572 0.026495673237891676
leaf_weight=41 167 252 46 42 65 163 58 57 173 44 351 53 105 55 54 59 45 111 56 62 50 56 187 88 184 73 77 57 338 113 165 339 111 429 188 68 192 114 46 379 230 70 72 58 138 71 53 84 65 49 114 61 65 143 110 42 56 191 88
leaf_count=41 167 252 46 42 65 163 58 57 173 44 351 53 105 55 54 59 45 111 56 62 50 56 187 88 184 73 77 57 338 113 165 339 111 429 188 68 192 114 46 379 230 70 72 58 138 71 53 84 65 49 114 61 65 143 110 42 56 191 88
internal_value=0.000122126 0.0075756 -0.0238724 0.0207664 -0.0886512 0.0395714 -0.0193989 0.00967962 0.0505731 0.0285998 -0.126606 -0.00590289 0.0591349 0.0389619 -0.0327847 -0.0602982 -0.00401574 -0.112632 -0.0541319 -0.0584467 -0.000774656 0.0650968 -0.0413294 0.0175464 0.022721 0.00206241 -0.0253343 -0.0106444 0.0336446 -0.0259557 0.0482454 0.0414203 0.0322986 0.0665583 0.023584 -0.0645391 -0.00427083 0.039583 0.00555637 0.0314126 0.0375796 0.0205563 0.00683729 -0.00337176 -0.0278722 0.00399333 -0.00781293 0.0125168 0.0108975 -0.00110137 0.0190448 -0.00254292 0.000249469 -0.0269027 -0.00865283 0.0230898 -0.0159931 0.0246278 0.0235358
internal_weight=7073 6681 1974 4707 673 3206 1501 1301 1599 1607 392 593 918 681 802 310 699 363 245 186 470 590 354 505 708 365 123 334 1102 448 328 626 828 534 651 124 303 453 167 717 274 314 145 250 335 117 220 191 107 220 202 106 114 281 167 112 114 467 279
internal_count=7073 6681 1974 4707 673 3206 1501 1301 1599 1607 392 593 918 681 802 310 699 363 245 186 470 590 354 505 708 365 123 334 1102 448 328 626 828 534 651 124 303 453 167 717 274 314 145 250 335 117 220 191 107 220 202 106 114 281 167 112 114 467 279
is_linear=0
shrinkage=0.06


Tree=3
num_leaves=59
num_cat=0
split_feature=1 9 1 9 1 9 9 9 9 4 9 9 9 9 9 1 9 1 9 9 9 9 9 9 3 9 9 7 9 9 9 9 9 4 9 9 9 9 9 9 9 4 4 3 0 5 5 7 5 5 0 0 0 9 9 9 7 4
split_gain=1637.06 674.502 1023.03 855.437 107.368 93.862 75.6543 63.9313 38.2739 29.5295 22.3012 14.2904 14.2123 11.7078 10.5951 7.55019 7.01178 6.20628 4.09034 2.60114 2.56804 2.3353 2.06977 1.90303 1.51409 1.50238 1.45078 1.29051 1.20183 1.0182 0.869767 0.798357 0.733924 0.488255 0.346574 0.268656 0.264303 0.254078 0.203549 0.19011 0.180437 0.155512 0.15178 0.14315 0.142291 0.0925405 0.0731893 0.0723784 0.0567826 0.047696 0.0467058 0.0375701 0.027554 0.0176372 0.0144875 0.130909 0.00535059 0.00527657
threshold=-1.4287564754486082 0.5775638520717622 0.41595189273357397 -0.98792037367820729 1.0000000180025095e-35 -0.19985347986221311 -1.3318121433258054 1.3873735666275027 0.24742772430181506 0.842971831560135 -0.75407394766807545 -0.01348631316795945 1.1570770144462588 0.5500524938106538 -1.5519028902053831 0.1524230241775513 -1.1392327547073362 -0.63816359639167775 0.64811712503433239 0.20616070926189425 1.102054297924042 1.3075019121170046 -1.6481926441192625 -0.11998183652758597 -0.32913015782833094 -0.89163067936897267 -1.2767894864082334 0.51403927803039562 0.60685011744499218 -1.3868348598480222 -1.0566987395286558 -0.25310124456882471 0.49502982199192053 0.67406946420669567 -0.63027289509773243 -1.194255471229553 1.4139974117279055 1.1845883131027224 0.3024504035711289 -1.5243915915489195 -0.65778425335884083 -0.53789392113685597 0.9436233937740327 1.6389943361282351 0.10634049400687219 -1.1412743926048277 1.3284440040588381 -1.4244858622550962 -0.55471602082252491 -0.80168840289115895 0.14964788407087329 0.19295527786016467 0.10634049400687219 1.3607497215270998 1.6003646254539492 1.6935482025146487 -1.3075054287910459 -1.1438745856285093
decision_type=2 2 2 2 2 2 2 2 2 2 2 2 2 2 2 2 2 2 2 2 2 2 2 2 2 2 2 2 2 2 2 2 2 2 2 2 2 2 2 2 2 2 2 2 2 2 2 2 2 2 2 2 2 2 2 2 2 2
left_child=9 3 4 6 17 10 14 12 11 -1 25 23 28 32 22 -6 26 -3 -17 -13 33 37 -2 57 34 41 51 36 -4 39 47 40 38 -20 -12 48 -9 -14 -10 -16 -26 -5 53 -39 56 -27 -29 -18 -28 -43 -49 -8 -37 -23 -48 -56 -32 -7
right_child=1 2 7 5 15 8 16 27 13 -11 24 19 21 -15 29 18 30 -19 20 -21 -22 42 -24 -25 31 45 35 46 -30 -31 44 -33 -34 -35 -36 52 -38 43 -40 -41 -42 49 -44 -45 -46 -47 54 50 -50 -51 -52 -53 -54 -55 55 -57 -58 -59
leaf_value=-0.068567623347043985 -0.044140343331709138 -0.11208369050295121 -0.015534795557751373 0.0081370238739658495 -0.075795302372712356 0.035426762625575065 -0.016775564844325436 0.012163640224108738 0.043981081040009209 -0.12462705453236898 0.028415966277772729 0.06401318785053732 -0.007826247737556696 0.010734554279595613 -0.030606657326221465 -0.036293788556861925 0.0012786876740686309 -0.090969160927666562 -0.070100778064062425 0.050418254066916073 -0.04373470427661106 0.0054283877561387955 -0.034041202938745886 0.050427214976783111 0.026484646630841633 0.020817076820642388 -0.0066320468065210574 0.019813612259991734 -0.028065879744819444 -0.019025306803839546 0.0054345271633937948 0.035383235758001154 0.033460795136875117 -0.056069538831710813 0.036618139430880541 -0.0052523244337987947 0.018170945319892249 -0.003846918961462695 0.038855592294503714 -0.025304960986871395 0.029855139035592105 0.013633514555300225 0.0022795357769820838 -0.00029405270496664463 0.008867885514217265 0.017529581983364066 0.024355013774817483 0.00022709160298109053 -0.0092677852567118989 0.010568191380136543 -0.0024485030718147754 -0.013081059358557875 -0.0030704503867309539 0.007369964852929115 0.020740589281687368 0.024891422230750321 0.0041042136155068874 0.042386588931083678
leaf_weight=42 163 247 50 43 64 47 58 55 114 350 43 445 49 59 59 58 77 107 42 84 57 60 188 213 171 93 60 82 78 104 44 109 115 79 239 60 81 192 392 266 560 100 49 52 50 190 203 44 111 53 49 48 41 49 181 79 49 119
leaf_count=42 163 247 50 43 64 47 58 55 114 350 43 445 49 59 59 58 77 107 42 84 57 60 188 213 171 93 60 82 78 104 44 109 115 79 239 60 81 192 392 266 560 100 49 52 50 190 203 44 111 53 49 48 41 49 181 79 49 119
internal_value=0.000143975 0.00725408 -0.0227263 0.0195702 -0.0835511 0.037026 -0.018272 0.00888581 0.0473677 -0.11881 0.026745 0.0554607 -0.00576763 0.0364957 -0.0310669 -0.0568257 -0.00380501 -0.105976 -0.0513833 0.0619536 -0.0560699 -0.000742801 -0.0388432 0.0462587 0.0313757 0.0158555 -0.00929453 0.0213347 -0.0233293 -0.024629 0.00283299 0.0299599 0.0389221 -0.0614746 0.0354723 -0.00693003 0.015848 -0.00390936 0.0400948 -0.0263584 0.029104 0.011704 0.00511702 -0.00309404 0.00626407 0.0186794 0.0226723 -7.29146e-05 -0.0083869 0.0126472 -0.00119368 -0.0152405 -0.0044054 0.00636027 0.0231347 0.0220923 0.00478473 0.04064
internal_weight=6966 6574 1914 4660 654 3189 1471 1260 1588 392 1601 908 579 680 780 300 691 354 236 529 178 451 351 379 1122 479 378 681 128 429 313 840 621 121 282 272 136 293 506 325 731 196 158 244 143 283 545 170 171 153 93 106 101 109 463 260 93 166
internal_count=6966 6574 1914 4660 654 3189 1471 1260 1588 392 1601 908 579 680 780 300 691 354 236 529 178 451 351 379 1122 479 378 681 128 429 313 840 621 121 282 272 136 293 506 325 731 196 158 244 143 283 545 170 171 153 93 106 101 109 463 260 93 166
is_linear=0
shrinkage=0.06


Tree=4
num_leaves=60
num_cat=0
split_feature=1 6 1 6 1 6 6 5 5 4 5 6 6 5 1 1 8 1 4 1 3 4 4 6 4 3 1 1 0 1 5 1 3 6 5 8 1 1 0 2 6 4 5 3 4 8 5 3 6 4 5 3 3 6 4 4 2 4 5
split_gain=1414.69 545.005 1006.21 747.173 94.2879 77.9582 65.9343 46.9487 39.5513 27.6137 16.7558 12.9925 11.196 9.569 7.61874 7.51222 6.58331 5.71059 5.38295 9.48184 4.72145 2.36395 2.23035 2.04907 1.82422 1.74245 1.65092 1.41288 1.28391 1.00548 0.877976 0.871074 0.759729 0.710207 0.705262 0.646378 0.538096 0.437869 0.409795 0.468084 0.384329 0.363098 0.323913 0.242768 0.293725 0.241794 0.18313 0.174761 0.153451 0.134787 0.128039 0.107917 0.103289 0.102544 0.0766468 0.0630797 0.0491549 0.0376615 0.0315673
threshold=-1.4287564754486082 0.5977628529071809 0.41595189273357397 -0.8946857452392577 1.0000000180025095e-35 -1.205610394477844 -0.27283042669296259 1.1432152986526491 0.98885804414749157 0.842971831560135 -0.46210168302059168 -1.51653516292572 -0.77031230926513661 -0.52384456992149342 0.67948076128959667 0.1524230241775513 0.15731298178434375 -0.90169563889503468 0.80919095873832714 0.94300961494445812 1.0000000180025095e-35 0.70784932374954235 0.9436233937740327 -0.95686948299407948 -0.33589969575405115 -0.32913015782833094 -0.37463472038507456 -0.90169563889503468 0.36618536710739141 -0.90169563889503468 1.0814723968505862 -0.37463472038507456 -1.0320318043231962 0.78432005643844616 -1.0177885890007017 -0.99729454517364491 1.2065384984016421 1.7335962653160097 0.43114647269248968 0.80602750182151806 -1.0812399387359617 0.80919095873832714 -0.83255985379219044 -1.172612130641937 -0.40346042811870569 -1.4973168373107908 0.71101421117782604 -0.61029079556465138 -0.39720386266708368 -0.50411303341388691 0.68014276027679454 -1.5943564176559446 -1.172612130641937 -0.64594480395317067 -0.33589969575405115 -0.40346042811870569 0.45853486657142645 -0.53789392113685597 -0.83255985379219044
decision_type=2 2 2 2 2 2 2 2 2 2 2 2 2 2 2 2 2 2 2 2 2 2 2 2 2 2 2 2 2 2 2 2 2 2 2 2 2 2 2 2 2 2 2 2 2 2 2 2 2 2 2 2 2 2 2 2 2 2 2
left_child=9 3 4 5 17 11 12 10 14 -1 16 26 34 23 -4 -6 36 -3 19 -10 -18 -17 41 35 43 53 -2 45 32 -27 -20 -19 -12 -23 55 40 -8 50 39 -32 -7 -16 -25 51 -45 47 -43 -15 -31 -44 -24 -13 -26 -14 58 -5 -21 -47 -36
right_child=1 2 8 6 15 13 7 -9 18 -11 28 24 25 27 22 21 20 31 30 56 -22 33 37 42 52 29 -28 -29 -30 48 38 -33 -34 -35 54 -37 -38 -39 -40 -41 -42 46 49 44 -46 57 -48 -49 -50 -51 -52 -53 -54 -55 -56 -57 -58 -59 -60
leaf_value=-0.061929975951590187 -0.041534597733441515 -0.10897030365878137 -0.022008025422692298 0.016373663829235396 -0.072454616838777561 -0.0050797560433857147 0.046073936013614432 -0.0047320639018131336 -0.01102995495215572 -0.11715618171334609 0.030639927808580728 -0.016017774671316147 0.029421742650178762 -0.013250645352527499 0.0014950190563880216 -0.059813805800765306 0.045409169124262364 -0.095120684911878847 0.012790924190686873 0.021064661788313011 0.056642789041603005 -0.035486222931316917 -0.0011080434133764355 0.013287025513127446 -0.025980044202936207 0.019201046437025068 -0.032437395135175837 -0.019871544528007507 0.030045096596467837 0.027437664018086859 0.023216090476927683 -0.078274218269756862 0.03988517111486143 -0.047374309584391198 0.013079494679265696 0.0076718448727790805 0.038273762221239051 0.002279044581746513 0.015017400289970364 0.019111749338335357 0.00072452423345985945 0.0053835538812979523 0.0042970792787770428 -0.011557687164355929 -0.018373521623459267 -0.007405463196492444 0.010486076492477545 -0.0079734585909330743 0.030940928436417617 0.0084823428659001367 -0.0042896706483517046 -0.021542033477263016 -0.022298176877317933 0.034512652979733854 0.014846055148928254 0.020547122414174831 0.016587926781965717 -0.0046842707364703525 0.0097689422393556335
leaf_weight=40 152 173 62 52 70 49 101 68 57 346 57 44 77 47 44 66 220 138 51 56 545 41 59 43 162 59 205 49 102 651 387 55 332 138 45 41 146 54 43 191 229 55 44 64 46 44 54 58 130 95 212 54 126 207 80 94 50 47 43
leaf_count=40 152 173 62 52 70 49 101 68 57 346 57 44 77 47 44 66 220 138 51 56 545 41 59 43 162 59 205 49 102 651 387 55 332 138 45 41 146 54 43 191 229 55 44 64 46 44 54 58 130 95 212 54 126 207 80 94 50 47 43
internal_value=-8.3529e-05 0.0063921 -0.0192897 0.0178525 -0.0788757 -0.0152843 0.0354609 0.0439664 0.0102575 -0.111608 0.0461713 -0.0276627 0.0261446 -0.0011124 -0.00239529 -0.0545166 0.05063 -0.0996348 0.0184332 0.00857886 0.0534757 -0.0491178 0.000189257 0.00363979 -0.0213019 0.0289495 -0.0364159 -0.0108054 0.0368974 0.027461 0.0208071 -0.0907481 0.0386125 -0.0448636 0.0160438 0.00073397 0.0416362 -0.00262219 0.0214438 0.0218952 -0.000313073 0.00613954 0.00870111 -0.0168441 -0.0145478 -0.00844952 0.00798376 -0.0104383 0.0280596 0.00719767 -0.00360361 -0.0192486 -0.024452 0.0332404 0.0132191 0.0191822 0.0191278 -0.0060662 0.0115898
internal_weight=7050 6664 2056 4608 681 1599 3009 1571 1375 386 1503 853 1438 746 540 315 1012 366 835 163 765 245 478 501 496 1124 357 245 491 840 672 193 389 179 314 319 247 325 621 578 278 153 182 208 110 196 109 105 781 139 271 98 288 284 168 146 106 91 88
internal_count=7050 6664 2056 4608 681 1599 3009 1571 1375 386 1503 853 1438 746 540 315 1012 366 835 163 765 245 478 501 496 1124 357 245 491 840 672 193 389 179 314 319 247 325 621 578 278 153 182 208 110 196 109 105 781 139 271 98 288 284 168 146 106 91 88
is_linear=0
shrinkage=0.06


Tree=5
num_leaves=58
num_cat=0
split_feature=1 9 1 9 1 9 9 9 9 5 9 9 9 9 9 1 9 1 9 9 9 9 9 9 9 9 9 9 7 9 9 7 1 9 6 9 4 5 9 3 9 5 3 7 4 7 3 9 4 4 9 5 9 9 9 9 8
split_gain=1276.02 540.937 833.284 681.415 86.4936 71.45 57.8556 51.9137 32.6391 23.81 18.0529 11.9721 9.57766 8.54576 7.79248 7.06321 4.91483 4.4874 2.44847 2.7282 2.41891 2.15752 1.79259 1.267 1.17002 1.09722 1.035 0.91715 1.64221 1.29741 0.729007 0.699902 0.692832 0.629309 0.58032 0.5656 0.481265 0.291449 0.235599 0.231074 0.219932 0.176134 0.124421 0.116352 0.10768 0.101214 0.0961885 0.0938065 0.0830055 0.0539104 0.0415963 0.0281047 0.0192856 0.179458 0.0840213 0.0114502 0.00830511
threshold=-1.4287564754486082 0.5775638520717622 0.41595189273357397 -0.98792037367820729 1.0000000180025095e-35 -0.17322960495948789 -1.3180564641952512 1.3873735666275027 0.24742772430181506 0.92711439728736889 -0.74031826853752125 1.1570770144462588 -1.5243915915489195 -0.01348631316795945 0.5500524938106538 0.1524230241775513 -1.1667441129684446 -0.90169563889503468 0.64811712503433239 1.102054297924042 0.20616070926189425 -1.6481926441192625 1.3075019121170046 -0.89163067936897267 0.60685011744499218 1.4139974117279055 -1.0566987395286558 -0.65778425335884083 -0.57220324873924244 -0.25310124456882471 -1.3868348598480222 -1.7587140202522276 -0.37463472038507456 -0.54773887991905201 0.47339236736297613 -0.11998183652758597 0.67406946420669567 1.2975725531578066 0.068603988736867919 -1.172612130641937 1.1845883131027224 -1.0795314908027647 1.6389943361282351 -1.1236801743507383 -0.53789392113685597 -1.4411970973014829 1.0000000180025095e-35 -1.194255471229553 0.9436233937740327 -0.3021187931299209 -0.96040901541709889 -0.55471602082252491 1.6003646254539492 1.6669243574142458 1.5338048934936526 1.3607497215270998 -1.3427647948265073
decision_type=2 2 2 2 2 2 2 2 2 2 2 2 2 2 2 2 2 2 2 2 2 2 2 2 2 2 2 2 2 2 2 2 2 2 2 2 2 2 2 2 2 2 2 2 2 2 2 2 2 2 2 2 2 2 2 2 2
left_child=9 3 4 6 17 10 12 11 13 -1 23 24 21 35 34 -6 31 -3 -17 36 38 -2 40 44 -4 -9 45 -12 33 -30 49 -8 -19 -29 39 -7 -20 -27 -15 -10 -13 -25 -42 56 -5 -18 -47 51 55 -14 -46 -33 54 -54 -39 -24 -28
right_child=1 2 7 5 15 8 16 25 14 -11 27 22 30 20 -16 18 26 32 19 -21 -22 -23 48 41 -26 37 43 28 29 -31 -32 47 -34 -35 -36 -37 -38 52 -40 -41 42 -43 -44 -45 50 46 -48 -49 -50 -51 -52 -53 53 -55 -56 -57 -58
leaf_value=-0.059024529428016843 -0.039059205025983007 -0.10233461192874022 -0.01369651069291509 0.0075412779560844806 -0.067924050910132275 0.037349114903306536 -0.013306933779801642 0.010525957471691072 0.030117816541876112 -0.11035826268521222 0.023748846320169312 -0.0067229194537197293 -0.024494739195635152 0.052889971733093261 0.0097697019309930088 -0.033502058780706313 0.00107418789204372 -0.089629479597692616 -0.062883226231830874 -0.037620440125465393 0.04403704979590007 -0.029572577176094055 0.0046658454737847762 0.018435859364473214 -0.02588473306426519 0.016676477430146615 0.0052566767597116183 0.02998689744089331 0.025215542957121053 0.031796329582846443 -0.016511565624603205 -0.0061086385466905049 -0.073619128649051374 0.03615202409820957 0.029440425902605052 0.044489053673873659 -0.049694560343706153 0.019383467778465467 0.059148610541966851 0.035978369992354819 -0.0033060765721759683 0.014877960414535577 -9.8180268602124577e-05 0.0082951740571793088 0.0093964032342239295 -0.0031353060881934374 -4.4072165054625228e-05 -0.0043970636671567158 0.002461380077949302 -0.02109542234102264 0.012294752290606713 -0.0081409429942405857 0.01745808522616114 0.02128673554967633 0.022894968345649257 0.0062712195337371671 0.0038059686222728689
leaf_weight=40 162 171 51 41 69 112 83 55 69 351 167 56 85 166 52 60 68 145 40 64 83 249 62 176 78 130 42 223 453 171 139 57 51 142 119 220 78 113 276 434 184 123 57 46 48 78 67 52 54 191 103 109 139 138 132 47 52
leaf_count=40 162 171 51 41 69 112 83 55 69 351 167 56 85 166 52 60 68 145 40 64 83 249 62 176 78 130 42 223 453 171 139 57 51 142 119 220 78 113 276 434 184 123 57 46 48 78 67 52 54 191 103 109 139 138 132 47 52
internal_value=-8.22396e-05 0.00613425 -0.0201817 0.0172885 -0.0740256 0.032946 -0.0163321 0.00802198 0.0422832 -0.105271 0.0242459 -0.00513101 -0.0268782 0.0500798 0.0323103 -0.0504735 -0.00299171 -0.0937925 -0.0452388 -0.0489039 0.0549732 -0.0333976 -0.000586079 0.0145606 -0.0212086 0.0189715 0.0018109 0.0283435 0.0290946 0.0270669 -0.0203569 -0.00861136 -0.0858584 0.0324776 0.0341761 0.0421998 -0.0546562 0.0196667 0.0569228 0.0352358 -0.00335747 0.0170267 -0.0025509 0.00579877 0.0106519 -0.00082508 -0.00171703 -0.006771 0.00445331 -0.022227 0.0114413 -0.00748386 0.0203781 0.0194352 0.0213608 0.00540879 0.00450267
internal_weight=7023 6632 1974 4658 678 3178 1480 1296 1531 391 1647 589 826 857 674 311 654 367 242 182 525 411 460 491 129 707 353 1156 989 624 415 301 196 365 622 332 118 652 442 503 297 299 241 140 192 213 145 218 163 276 151 166 522 277 245 109 94
internal_count=7023 6632 1974 4658 678 3178 1480 1296 1531 391 1647 589 826 857 674 311 654 367 242 182 525 411 460 491 129 707 353 1156 989 624 415 301 196 365 622 332 118 652 442 503 297 299 241 140 192 213 145 218 163 276 151 166 522 277 245 109 94
is_linear=0
shrinkage=0.06


Tree=6
num_leaves=61
num_cat=0
split_feature=1 9 1 9 1 9 9 9 9 5 9 9 9 9 1 9 9 1 9 9 9 9 9 9 9 4 9 3 9 9 4 9 1 9 9 6 9 5 5 9 2 9 9 2 3 2 9 3 5 9 9 9 2 2 4 5 2 4 3 3
split_gain=1105.4 481.803 724.684 603.605 77.3603 67.8098 47.3771 46.1979 27.6403 23.645 16.6538 10.6704 10.6267 8.05191 6.56223 6.13272 5.7788 4.61372 2.75058 2.48677 1.89864 1.76097 1.35338 1.22799 1.18436 1.11032 0.984854 0.94844 0.930638 0.879541 0.856779 0.841394 0.539667 0.459543 0.442308 0.438339 0.315808 0.284626 0.209384 0.191634 0.182187 0.18136 0.175037 0.17322 0.144897 0.127224 0.118571 0.109821 0.109051 0.0682957 0.0605114 0.113036 0.0428235 0.105271 0.0318123 0.0228473 0.0200297 0.0199683 0.0116891 0.00839729
threshold=-1.4287564754486082 0.5775638520717622 0.41595189273357397 -1.001676023006439 1.0000000180025095e-35 -0.19985347986221311 -1.373079180717468 1.3873735666275027 0.24742772430181506 0.92711439728736889 -0.75407394766807545 1.1570770144462588 -0.040110195055603974 0.53629684448242199 0.1524230241775513 -1.194255471229553 -1.5519028902053831 -0.90169563889503468 0.64811712503433239 1.102054297924042 0.21991638094186786 1.3075019121170046 -1.6481926441192625 -0.89163067936897267 -1.2767894864082334 0.33764275908470159 0.60685011744499218 -0.32913015782833094 1.4139974117279055 -0.11998183652758597 0.80919095873832714 -1.0566987395286558 -0.37463472038507456 -0.27972511947154993 0.67562848329544078 -0.45938761532306666 0.3299617618322373 1.3593154549598696 -0.52384456992149342 1.1845883131027224 -0.01926855510100722 -1.5243915915489195 -1.1392327547073362 0.71915432810783397 -0.18854984268546102 0.32822409272193914 -0.61651721596717823 1.6389943361282351 -1.0795314908027647 -1.304300785064697 1.6003646254539492 1.6935482025146487 0.21963211894035342 0.95805501937866222 -0.43655125796794886 -0.55471602082252491 0.045885797590017326 -1.1438745856285093 1.7795746922492983 -1.3131957650184629
decision_type=2 2 2 2 2 2 2 2 2 2 2 2 2 2 2 2 2 2 2 2 2 2 2 2 2 2 2 2 2 2 2 2 2 2 2 2 2 2 2 2 2 2 2 2 2 2 2 2 2 2 2 2 2 2 2 2 2 2 2 2
left_child=9 3 4 6 17 10 16 11 12 -1 23 26 29 36 -6 24 22 -3 -16 34 25 39 -2 44 49 -14 -4 46 -9 57 -15 38 -19 35 -20 -29 -10 52 42 -13 -23 -18 -17 -42 -5 -33 -12 -41 -25 -8 -39 -52 -30 -54 -46 -26 -57 -7 -28 -43
right_child=1 2 7 5 14 8 15 28 13 -11 27 21 20 30 18 31 41 32 19 -21 -22 40 -24 48 55 -27 58 33 37 -31 -32 45 -34 -35 -36 -37 -38 50 -40 47 43 59 -44 -45 54 -47 -48 -49 -50 -51 51 -53 53 -55 -56 56 -58 -59 -60 -61
leaf_value=-0.052914105333933016 -0.036687050185552454 -0.096481071954423722 -0.012959826965816318 0.0067531256378279064 -0.063878895991469078 0.029113226469526899 -0.014645477702814927 0.0098802989160747465 0.035783778397100313 -0.10376848621395891 0.024390648714331692 -0.0065360469754046661 0.049831081294233859 0.0071112677281101539 -0.030639519947580993 -0.0034701533028836831 -0.025459457689097947 -0.083990301652388147 -0.044395815465185375 -0.035133686161810347 0.038831336153180976 0.0074864493723725903 -0.028498009770952591 0.016949005740762548 -0.0054862287203696642 0.057355236817489968 -0.026890780169789383 0.025015270278684141 0.01802277436852455 0.041012833343773356 0.018960979944095017 0.0071440825313329693 -0.069442071190902163 0.028450420479985729 -0.056093511780103043 0.020302255714343766 0.031470985422874319 0.020670385916796909 -0.005111922626312328 -0.0033390002889638324 1.315227857875553e-05 -0.022256346946725479 0.00033268833870762118 0.0048519074252939649 0.009476445628423244 0.0029234649456425835 0.030374022615528521 -0.00024539038331972227 0.013906688250246501 -0.011474392780613515 0.01723770627781512 0.020860002206431492 0.012866964454023059 0.017629053059012391 0.011848719037053259 -0.0086462926917842461 -0.0064324273431504318 0.035050848067299398 -0.021343240926905375 -0.019693211401695186
leaf_weight=40 163 175 47 59 72 46 141 52 167 346 42 57 366 44 63 60 55 131 53 61 56 47 190 150 54 175 40 558 64 163 47 44 55 157 71 117 405 198 48 189 43 103 152 69 99 66 228 53 125 61 188 80 67 42 65 41 65 120 40 205
leaf_count=40 163 175 47 59 72 46 141 52 167 346 42 57 366 44 63 60 55 131 53 61 56 47 190 150 54 175 40 558 64 163 47 44 55 157 71 117 405 198 48 189 43 103 152 69 99 66 228 53 125 61 188 80 67 42 65 41 65 120 40 205
internal_value=-9.52809e-05 0.00568794 -0.0192709 0.0162234 -0.0692003 0.0308074 -0.0158947 0.00740977 0.0395915 -0.0986489 0.0220645 -0.00499464 0.0463123 0.0301491 -0.0474719 -0.00514925 -0.0268577 -0.0882766 -0.0424712 -0.046314 0.0511637 -0.000712832 -0.0323723 0.0129186 -0.0106901 0.0523663 -0.0203099 0.0261821 0.0179034 0.0373805 0.013371 0.000285967 -0.0800828 0.0250593 -0.0514889 0.0242296 0.0327904 0.0185398 -0.00157572 -0.00342251 0.00437226 -0.0214209 -0.000754826 0.00301073 0.00953057 0.00466086 0.0295367 -0.00266527 0.0156215 -0.0137491 0.0194026 0.0183925 0.0161177 0.0148455 0.0104828 -0.00676663 -0.00736154 0.0335897 -0.0244148 -0.0206196
internal_weight=6980 6594 1957 4637 681 3189 1448 1276 1589 386 1600 585 926 663 320 732 716 361 248 185 597 458 353 498 362 541 127 1102 691 329 91 370 186 832 124 675 572 639 260 299 159 363 212 112 223 110 270 242 275 202 466 268 173 109 164 160 106 166 80 308
internal_count=6980 6594 1957 4637 681 3189 1448 1276 1589 386 1600 585 926 663 320 732 716 361 248 185 597 458 353 498 362 541 127 1102 691 329 91 370 186 832 124 675 572 639 260 299 159 363 212 112 223 110 270 242 275 202 466 268 173 109 164 160 106 166 80 308
is_linear=0
shrinkage=0.06


Tree=7
num_leaves=64
num_cat=0
split_feature=1 9 1 9 1 9 9 9 9 9 7 9 9 9 9 1 9 9 1 9 9 9 9 9 9 9 9 3 9 9 9 9 9 9 7 9 5 9 1 6 3 6 9 5 9 3 0 0 9 7 6 7 4 9 9 9 9 0 6 3 7 9 6
split_gain=1037.62 399.028 637.799 537.039 68.3985 60.6969 43.3705 41.2268 25.7178 15.7825 11.5207 7.22731 6.99533 6.48023 5.5384 5.35767 5.13658 3.98628 3.46134 2.18186 1.8886 1.66314 1.3625 1.27655 1.02386 0.909184 0.827889 0.733032 0.754703 0.662264 0.515878 0.423858 0.41118 0.36125 0.30228 0.250549 0.190521 0.181534 0.15527 0.150997 0.127608 0.122745 0.120783 0.120031 0.112895 0.145603 0.0896907 0.0882957 0.0848844 0.0661304 0.0647175 0.146147 0.0454496 0.0446593 0.155846 0.04099 0.0396961 0.0394002 0.0274173 0.023546 0.0193314 0.0193074 0.00311811
threshold=-1.4287564754486082 0.5775638520717622 0.41595189273357397 -1.001676023006439 1.0000000180025095e-35 -0.17322960495948789 -1.373079180717468 1.3341258168220522 0.24742772430181506 -0.74031826853752125 0.66444215178489696 1.1570770144462588 -0.01348631316795945 0.5500524938106538 -1.194255471229553 0.1524230241775513 -1.6344369649887083 1.4139974117279055 -0.90169563889503468 0.64811712503433239 1.102054297924042 0.19240503013134005 -0.89163067936897267 -1.5243915915489195 -1.2767894864082334 -1.0704543590545652 0.60685011744499218 -0.32913015782833094 -0.25310124456882471 0.3299617618322373 0.12362667545676233 1.2808780670166018 -0.11998183652758597 0.67562848329544078 -0.15441707521677014 1.5071810483932497 1.1432152986526491 1.3873735666275027 -0.37463472038507456 -1.8274627923965452 -0.18854984268546102 -1.7030923366546629 -1.1392327547073362 -1.1412743926048277 1.1845883131027224 1.6389943361282351 0.14964788407087329 0.34453167021274572 1.3075019121170046 -1.2573717832565305 -0.64594480395317067 -0.62233790755271901 -0.50411303341388691 1.6003646254539492 1.6669243574142458 -1.304300785064697 -1.249278128147125 0.19295527786016467 -1.0812399387359617 -0.61029079556465138 -1.4579093456268308 -0.79534095525741566 1.4061723947525027
decision_type=2 2 2 2 2 2 2 2 2 2 2 2 2 2 2 2 2 2 2 2 2 2 2 2 2 2 2 2 2 2 2 2 2 2 2 2 2 2 2 2 2 2 2 2 2 2 2 2 2 2 2 2 2 2 2 2 2 2 2 2 2 2 2
left_child=10 3 4 6 18 9 16 11 12 22 -1 26 32 29 24 -6 39 37 -3 -17 33 30 40 41 55 42 -4 50 34 -10 -14 44 -7 -21 -29 62 -31 -9 -20 -2 -5 -18 58 57 -13 -46 -44 -30 -33 59 -11 -52 -42 -37 -55 -8 -26 -24 -16 -27 -58 -45 -19
right_child=1 2 7 5 15 8 14 17 13 27 -12 31 21 -15 25 19 23 35 38 20 -22 -23 43 -25 56 49 -28 28 47 36 -32 48 -34 -35 -36 53 -38 -39 -40 -41 52 -43 46 61 45 -47 -48 -49 -50 -51 51 -53 -54 54 -56 -57 60 -59 -60 -61 -62 -63 -64
leaf_value=-0.062048759595914313 -0.036712679525216424 -0.090780172937056605 -0.012610950495445115 0.0062629383821682684 -0.059766909946566041 0.032802347391843796 -0.013795562151657498 0.005318715218972001 0.034113143961105125 0.024560910251042612 -0.097896788481915922 -0.0061573465600044336 0.048387219832955505 0.0085222699835219157 -0.0045417909427209104 -0.028945860167140843 -0.029468551097171645 0.016351868812291122 -0.079060666614108613 -0.041562128927972584 -0.033656472852453587 0.040925354645631025 0.018720461688304348 -0.019473917797355859 -0.0080316304865068414 0.00419404010119086 -0.023019069527777342 0.024674174360465258 0.029677068520676003 0.029558467091530483 0.055240721560858345 -0.00097371462785269852 0.039182776709855427 -0.052483023142113408 0.021627156682721006 0.019377430030429851 0.024024266788834018 0.0096268747942843316 -0.065827200388421825 -0.030924800171383788 0.0080309317947535042 -0.024371280068981236 0.00067821367879284809 0.013176846213949224 -0.0040588824574471164 -0.00032681332211414316 -0.0023992840741430561 0.02369373358959375 0.0023793999110681137 0.0060069244533777228 0.029949980555948885 0.023688651801541796 0.010611308661632632 0.015462086232800551 0.018979194186469341 -0.010974815852407898 -0.0049165241016695897 0.014841711125590584 -0.0024713633422078071 0.0021412524759121562 -0.0068019930107725991 0.015632742182129903 0.014090471101020845
leaf_weight=43 89 169 50 57 68 103 137 107 168 72 355 55 277 54 46 60 55 87 134 53 63 106 58 301 57 43 77 319 109 382 142 52 216 67 382 195 56 57 48 111 58 173 75 143 137 52 61 42 55 49 175 42 113 136 140 55 62 54 56 45 53 62 101
leaf_count=43 89 169 50 57 68 103 137 107 168 72 355 55 277 54 46 60 55 87 134 53 63 106 58 301 57 43 77 319 109 382 142 52 216 67 382 195 56 57 48 111 58 173 75 143 137 52 61 42 55 49 175 42 113 136 140 55 62 54 56 45 53 62 101
internal_value=-0.000221286 0.00544065 -0.0172434 0.015002 -0.0651405 0.0288196 -0.0150232 0.0071598 0.0375869 0.020981 -0.094189 -0.00684606 0.0445493 0.0286295 -0.00476949 -0.0444129 -0.0253968 0.0152929 -0.0833277 -0.039889 -0.0433001 0.0489165 0.0125456 -0.0222113 -0.0100309 0.000350634 -0.0190519 0.0249956 0.0239886 0.0304043 0.0508359 -0.00238812 0.0372316 -0.048043 0.0230469 0.0173766 0.0289072 0.00686533 -0.0759493 -0.0336702 0.00893784 -0.0257242 -0.0018893 0.0151042 -0.00376432 -0.00303919 -0.000709572 0.0281797 0.000755921 0.0042274 0.0278716 0.0288523 0.00978787 0.0182041 0.0173082 -0.0130486 -0.00660626 0.0169982 -0.00344012 0.00318017 -0.00583663 0.0139919 0.0152179
internal_weight=7019 6621 1963 4658 662 3190 1468 1301 1504 1686 398 478 844 660 739 311 729 823 351 243 183 525 545 529 364 375 127 1141 852 606 419 351 319 120 701 659 438 164 182 200 228 228 238 317 244 189 136 151 107 137 289 217 171 471 276 192 172 112 102 88 115 205 188
internal_count=7019 6621 1963 4658 662 3190 1468 1301 1504 1686 398 478 844 660 739 311 729 823 351 243 183 525 545 529 364 375 127 1141 852 606 419 351 319 120 701 659 438 164 182 200 228 228 238 317 244 189 136 151 107 137 289 217 171 471 276 192 172 112 102 88 115 205 188
is_linear=0
shrinkage=0.06


Tree=8
num_leaves=64
num_cat=0
split_feature=1 9 1 9 1 9 9 9 9 8 9 9 9 9 9 1 1 9 9 9 9 9 9 9 9 6 9 9 9 9 9 5 3 9 9 9 9 9 3 6 8 5 6 9 2 2 5 5 0 0 3 2 2 0 6 9 2 2 0 8 2 2 2
split_gain=889.454 364.659 572.87 480.556 58.201 52.6526 38.6947 36.6283 21.1759 15.4237 12.6893 8.10753 7.87812 6.35064 6.31249 5.04265 3.65329 3.41387 1.79149 1.86127 1.60838 1.29853 1.35193 1.15442 1.03031 0.994096 0.827637 0.720022 1.54967 0.730821 0.683096 0.557316 0.500147 0.454663 0.442395 0.393412 0.378831 0.342121 0.306361 0.282023 0.19038 0.156711 0.150214 0.132357 0.126147 0.124307 0.11698 0.104908 0.0881468 0.0871555 0.083604 0.0917853 0.0833363 0.0601352 0.054328 0.0446892 0.0383911 0.0975473 0.0314704 0.0302919 0.0185098 0.0674454 0.0102259
threshold=-1.4287564754486082 0.5775638520717622 0.41595189273357397 -1.001676023006439 1.0000000180025095e-35 -0.19985347986221311 -1.3318121433258054 1.3873735666275027 0.24742772430181506 0.40732413530349737 -0.74031826853752125 -0.066734075546264635 1.1708326339721682 0.53629684448242199 -1.5243915915489195 0.1524230241775513 -0.37463472038507456 -1.194255471229553 0.64811712503433239 1.102054297924042 -1.6481926441192625 0.21991638094186786 0.013581299688667061 1.3075019121170046 -0.90538632869720448 0.84650379419326793 1.4139974117279055 -0.65778425335884083 -0.45278035104274744 -0.27972511947154993 -1.0566987395286558 1.3284440040588381 -0.89145144820213307 -0.54773887991905201 -1.2767894864082334 -1.3868348598480222 0.67562848329544078 0.3024504035711289 1.3578336834907534 -0.08627621084451674 0.77552661299705516 -1.0795314908027647 -1.0812399387359617 -1.4556132555007932 0.024168025236576799 0.71915432810783397 -0.83255985379219044 -0.52384456992149342 0.19295527786016467 0.17130158096551898 0.79551240801811229 0.52368924021720897 0.32822409272193914 0.14964788407087329 -1.7030923366546629 -1.249278128147125 0.87118187546730053 0.089323412626981749 0.17130158096551898 0.24367918819189074 0.76258990168571483 -0.60566291213035572 0.13275895640254023
decision_type=2 2 2 2 2 2 2 2 2 2 2 2 2 2 2 2 2 2 2 2 2 2 2 2 2 2 2 2 2 2 2 2 2 2 2 2 2 2 2 2 2 2 2 2 2 2 2 2 2 2 2 2 2 2 2 2 2 2 2 2 2 2 2
left_child=9 3 4 6 16 10 14 12 11 -1 24 39 31 37 20 -6 25 34 -17 36 -2 22 -13 50 46 -3 -9 -12 33 -30 42 38 -15 -29 53 43 -20 -10 -4 -7 56 48 -19 -16 -25 -46 -5 -44 -26 -48 59 -52 -32 -8 -22 -36 57 -28 -43 -14 61 -42 -57
right_child=1 2 7 5 15 8 17 26 13 -11 27 21 23 32 35 18 -18 30 19 -21 54 -23 -24 44 41 -27 40 28 29 -31 52 -33 -34 -35 55 -37 -38 -39 -40 -41 60 58 47 -45 45 -47 49 -49 -50 -51 51 -53 -54 -55 -56 62 -58 -59 -60 -61 -62 -63 -64
leaf_value=-0.050404328689342595 -0.032593131370404191 -0.068356815065656384 -0.0085856744719714651 0.010134717306570597 -0.056811334692256549 0.028590047265353954 -0.013370778836855075 0.0084014169315600549 0.032808574842555178 -0.091881922382419393 0.019249446570167878 0.04001114575977785 -0.0049811493874993172 0.015779698099941016 -0.016798486935392935 -0.027658299999311565 -0.060487982186404145 -0.0042244022044178563 -0.039249149777672507 -0.031100691723041845 -0.02758644014596939 0.034333278845096453 0.047640858884398819 0.0065973633428414655 0.016834120500472283 -0.083173969857832958 0.014966344265815088 0.024485133967735693 0.019821387907733086 0.025130892930934144 0.0063141752849332983 -0.021727226099797655 0.0063693363981884576 0.02922466794931397 -0.0077558075650171797 -0.013940001888007952 -0.049879757379417987 0.02802770668947244 -0.015395062794642788 0.034120753913555506 0.015687499739887083 0.011119019020079952 0.00010678434263379699 -0.020194019098786542 0.00035254358398812286 0.004322479267418384 0.0084287634383027367 -0.0032556503355537151 0.013394116798172826 0.0048730731834931412 -0.0029138725874872764 -0.00010050001186318695 0.0029141892256358496 -0.0097905712939798835 -0.0235223174366084 -0.0062315836813873968 0.016092578729368607 0.010289075400360162 0.013860250074002477 -0.0027526550003327431 0.015927069347194248 0.018501399782206447 -0.0047130274912342424
leaf_weight=40 169 55 40 80 70 113 40 53 111 353 168 165 49 43 146 59 54 47 54 60 63 57 422 44 92 254 50 226 344 160 47 41 42 193 54 115 66 473 83 158 101 96 180 136 46 74 64 40 91 50 95 74 64 74 197 51 52 43 53 49 183 222 63
leaf_count=40 169 55 40 80 70 113 40 53 111 353 168 165 49 43 146 59 54 47 54 60 63 57 422 44 92 254 50 226 344 160 47 41 42 193 54 115 66 473 83 158 101 96 180 136 46 74 64 40 91 50 95 74 64 74 197 51 52 43 53 49 183 222 63
internal_value=-0.000203302 0.00497959 -0.0166684 0.0140847 -0.0615974 0.0271721 -0.0141062 0.00660388 0.0349512 -0.0877989 0.0195349 0.0409058 -0.00435246 0.026758 -0.0227531 -0.0422287 -0.0779236 -0.00326651 -0.0377387 -0.0408718 -0.0278228 0.0446283 0.0455679 -8.40802e-05 0.0118447 -0.0807656 0.0158569 0.0232283 0.0239309 0.0215534 0.000463266 -0.0155015 0.011258 0.0267326 -0.00824997 -0.0172186 -0.0454599 0.0289909 -0.0132677 0.0319282 0.01645 0.0138884 -0.00118256 -0.0185016 0.00386447 0.00281616 0.00829389 -0.000516533 0.0152056 0.00692519 -0.00251477 -0.00168982 0.00439735 -0.0111521 -0.024609 -0.0062263 0.0141706 0.0129362 0.01218 -0.00390596 0.017074 0.0176726 -0.00544066
internal_weight=7051 6658 1971 4687 672 3201 1486 1299 1584 393 1617 915 595 669 826 309 363 660 239 180 429 644 587 431 526 309 704 1091 923 504 378 164 85 419 282 397 120 584 123 271 651 332 267 282 164 120 194 220 183 114 267 169 111 114 260 168 145 93 149 98 506 323 114
internal_count=7051 6658 1971 4687 672 3201 1486 1299 1584 393 1617 915 595 669 826 309 363 660 239 180 429 644 587 431 526 309 704 1091 923 504 378 164 85 419 282 397 120 584 123 271 651 332 267 282 164 120 194 220 183 114 267 169 111 114 260 168 145 93 149 98 506 323 114
is_linear=0
shrinkage=0.06


Tree=9
num_leaves=61
num_cat=0
split_feature=1 6 1 6 1 6 6 5 5 5 5 7 6 7 5 1 4 1 4 1 1 7 4 0 1 0 3 4 7 1 6 7 4 3 1 5 5 4 6 6 7 4 7 1 6 3 5 3 3 6 5 3 4 5 4 8 4 3 8 7
split_gain=756.691 291.112 539.544 404.5 51.5269 41.7913 35.8055 25.9784 20.6629 17.3463 8.8026 7.35148 6.09356 5.48098 5.26873 4.0435 4.00645 3.22037 2.98358 5.35212 2.42146 2.04906 1.42442 1.18766 1.12816 1.0579 1.04289 1.02463 0.922732 0.731683 0.606475 0.605226 0.550647 0.522481 0.419917 0.365444 0.305768 0.284864 0.271864 0.232764 0.212461 0.189061 0.163746 0.161358 0.157397 0.14714 0.141973 0.118056 0.106716 0.106307 0.100777 0.0905037 0.0849652 0.0764918 0.0742276 0.0724913 0.0714059 0.0636063 0.0424836 0.0216225
threshold=-1.4287564754486082 0.5977628529071809 0.41595189273357397 -0.8946857452392577 1.0000000180025095e-35 -1.205610394477844 -0.27283042669296259 1.1432152986526491 0.98885804414749157 0.92711439728736889 -0.49297311902046198 -0.62233790755271901 -0.77031230926513661 0.24665692448616031 -0.52384456992149342 0.67948076128959667 0.67406946420669567 -0.90169563889503468 0.80919095873832714 0.94300961494445812 0.41595189273357397 -1.1905260086059568 0.9436233937740327 0.27957032620906835 -0.37463472038507456 0.36618536710739141 -0.32913015782833094 -0.36968058347702021 0.59759628772735607 -0.90169563889503468 -0.64594480395317067 -0.23797510564327237 0.10186760500073434 -0.89145144820213307 -0.37463472038507456 -1.0177885890007017 1.1123438477516177 0.23630111664533618 0.65994662046432506 -0.95686948299407948 -1.2573717832565305 0.80919095873832714 -1.3910624980926511 1.7335962653160097 -1.0812399387359617 -1.172612130641937 -0.83255985379219044 -0.89145144820213307 -0.61029079556465138 -0.64594480395317067 0.68014276027679454 2.0607353448867802 -0.50411303341388691 0.71101421117782604 -0.33589969575405115 -0.98365518450736988 -0.40346042811870569 -1.5943564176559446 0.72552382946014415 -0.83958560228347767
decision_type=2 2 2 2 2 2 2 2 2 2 2 2 2 2 2 2 2 2 2 2 2 2 2 2 2 2 2 2 2 2 2 2 2 2 2 2 2 2 2 2 2 2 2 2 2 2 2 2 2 2 2 2 2 2 2 2 2 2 2 2
left_child=9 3 4 5 17 11 12 10 15 -1 13 27 35 37 21 -4 33 -3 19 -10 -15 39 41 -18 -13 32 49 45 36 42 40 -32 -12 -6 -19 56 -20 -8 -30 44 -28 -17 48 50 -7 57 -23 59 -16 -14 -24 -40 -48 -43 -37 -51 -5 -2 -21 -29
right_child=1 2 8 6 16 14 7 -9 18 -11 25 24 26 20 29 22 23 34 28 58 -22 46 43 -25 -26 -27 30 47 38 -31 31 -33 -34 -35 -36 54 -38 -39 51 -41 -42 53 -44 -45 -46 -47 52 -49 -50 55 -52 -53 -54 -55 -56 -57 -58 -59 -60 -61
leaf_value=-0.0433216963744745 -0.011044639230597319 -0.080268702381535578 -0.015748245501599738 0.011742066406046173 -0.057925787408177443 -0.0038347315048385001 0.02641397603920528 -0.0043181396253518202 -0.00818132748780772 -0.086807966113440091 0.030941435703817681 -0.030965744040600238 0.021530300680744019 0.03435291003548737 -0.0092789930388776209 0.0017223390517756344 -0.028780332973057574 -0.069770353373060826 0.0064497026387834921 0.011996162657625972 0.042930051306189945 0.0099353074999665152 -0.00026357517872760395 -0.038928142821087558 -0.023635385354272034 0.021602577829791098 0.018570521964552653 -0.017373285437411165 0.02100783695395176 -0.014795734309591352 0.024869183299458579 0.020048975532023321 0.025647550304601717 -0.044216870492154906 -0.057605405535016738 0.0083096698739622103 0.012801035508862696 0.031989838356101835 0.01636634154424358 0.0035581926472142947 0.013763963059792595 0.0047077727658740645 -0.0033263351263012738 0.0010588197457519445 -0.00022171397852155925 -0.0094976342921356937 0.0040108943939081987 -0.014648673101872593 -0.0058084902490954842 0.026710221516313373 -0.0031033867144955041 0.013641588287139983 0.0075142602493556638 0.008100085890489734 0.011222714077947395 0.021403119520443242 0.015346701630661565 -0.015291399298154788 0.015683701339988938 -0.020384326157933574
leaf_weight=40 43 170 63 55 40 53 104 66 59 340 293 145 75 197 66 44 87 140 47 44 486 66 57 135 225 96 180 186 51 47 150 452 153 54 55 86 79 147 389 48 61 55 49 54 222 87 43 76 79 161 216 96 77 53 83 40 92 45 61 58
leaf_count=40 43 170 63 55 40 53 104 66 59 340 293 145 75 197 66 44 87 140 47 44 486 66 57 135 225 96 180 186 51 47 150 452 153 54 55 86 79 147 389 48 61 55 49 54 222 87 43 76 79 161 216 96 77 53 83 40 92 45 61 58
internal_value=-0.000125097 0.00459188 -0.0142095 0.0129825 -0.0578054 -0.0111906 0.0260956 0.0324494 0.00751913 -0.0823562 0.0340953 -0.02017 0.0192503 0.037665 -0.000821295 -0.00158348 -0.0398542 -0.0731953 0.0134867 0.00618992 0.04051 0.00263939 0.000308454 -0.0350982 -0.0265838 0.0278857 0.021333 -0.0153318 0.0152823 -0.00811109 0.0202039 0.0212893 0.0291868 -0.0505988 -0.0666506 0.0118311 0.0105013 0.0297935 0.0163846 -0.0002536 0.0174158 0.00508853 -0.00642404 -0.00192222 -0.000929412 -0.0115066 0.00763774 -0.0173814 -0.0074409 0.0246963 -0.00251358 0.0158562 0.00630241 0.00643156 0.00979794 0.0257653 0.0140865 -0.0133637 0.0142662 -0.0181693
internal_weight=7021 6641 2049 4592 681 1615 2977 1542 1368 380 1476 865 1435 934 750 542 316 365 826 164 683 509 479 222 370 542 1119 495 662 241 843 602 446 94 195 316 126 251 536 323 241 152 194 327 275 175 186 320 145 276 273 485 120 108 169 201 147 88 105 244
internal_count=7021 6641 2049 4592 681 1615 2977 1542 1368 380 1476 865 1435 934 750 542 316 365 826 164 683 509 479 222 370 542 1119 495 662 241 843 602 446 94 195 316 126 251 536 323 241 152 194 327 275 175 186 320 145 276 273 485 120 108 169 201 147 88 105 244
is_linear=0
shrinkage=0.06


Tree=10
num_leaves=64
num_cat=0
split_feature=1 9 1 9 1 9 9 9 4 9 9 9 9 9 9 1 1 9 9 9 9 9 1 9 0 9 9 9 9 9 9 9 9 9 9 9 1 4 4 2 3 5 2 2 9 2 2 9 2 5 2 9 9 0 2 8 3 0 9 4 9 3 4
split_gain=662.823 290.963 448.863 373.086 44.6064 41.8103 30.1579 29.1723 19.5246 18.1416 10.518 7.12524 5.001 4.67178 4.63818 4.14972 2.91291 2.71018 1.78724 1.42351 0.995782 0.871221 0.860675 0.739634 0.702415 0.614621 0.590675 0.575609 0.574369 1.04258 0.981015 0.535692 0.413719 0.374408 0.345722 0.272478 0.257276 0.255479 0.249474 0.144654 0.137846 0.136718 0.13449 0.307681 0.129684 0.118543 0.111821 0.104079 0.0944933 0.0904273 0.0752179 0.0672746 0.0640609 0.0498254 0.0495041 0.0485398 0.0482435 0.0465466 0.0433566 0.0298432 0.0161866 0.0129478 0.0103942
threshold=-1.4287564754486082 0.5775638520717622 0.41595189273357397 -1.001676023006439 1.0000000180025095e-35 -0.17322960495948789 -1.3318121433258054 1.3873735666275027 0.842971831560135 0.23367205262184146 -0.74031826853752125 1.1570770144462588 -0.01348631316795945 -1.5519028902053831 0.53629684448242199 0.1524230241775513 -0.90169563889503468 -1.194255471229553 0.64811712503433239 1.102054297924042 1.3075019121170046 -0.89163067936897267 -0.37463472038507456 0.19240503013134005 0.25791636854410177 1.4406213760375979 0.60685011744499218 -1.0566987395286558 -0.65778425335884083 -0.45278035104274744 -0.27972511947154993 0.12362667545676233 -1.3868348598480222 0.3024504035711289 -1.2767894864082334 -0.11998183652758597 -0.37463472038507456 -0.63923451304435719 0.67406946420669567 0.024168025236576799 -1.3131957650184629 0.68014276027679454 0.2847875058650971 -0.60566291213035572 -1.1392327547073362 0.71915432810783397 0.52368924021720897 1.4938690662384035 0.43681606650352484 -0.77081695199012745 0.32822409272193914 -0.76782962679862965 1.1845883131027224 0.32287797331810003 0.41509725153446203 0.61642810702323925 -1.172612130641937 0.14964788407087329 -0.93289768695831288 1.1793985962867739 -1.249278128147125 -1.5943564176559446 -0.33589969575405115
decision_type=2 2 2 2 2 2 2 2 2 2 2 2 2 2 2 2 2 2 2 2 2 2 2 2 2 2 2 2 2 2 2 2 2 2 2 2 2 2 2 2 2 2 2 2 2 2 2 2 2 2 2 2 2 2 2 2 2 2 2 2 2 2 2
left_child=8 3 4 6 16 10 13 11 -1 12 21 26 35 22 33 -6 -3 34 -17 38 41 49 -2 31 -16 46 -4 44 -12 37 -31 -14 40 -11 57 -7 -18 -30 -20 -22 61 -13 43 -27 48 -41 -9 -44 -19 58 -29 62 -43 60 -46 -28 -35 -8 -5 -49 -36 -15 -23
right_child=1 2 7 5 15 9 17 25 -10 14 28 20 23 32 24 18 36 27 19 -21 39 51 -24 -25 -26 42 55 50 29 30 -32 -33 -34 56 53 -37 -38 -39 -40 45 -42 52 47 -45 54 -47 -48 59 -50 -51 -52 -53 -54 -55 -56 -57 -58 -59 -60 -61 -62 -63 -64
leaf_value=-0.035892255175404432 -0.029096426330763717 -0.07562740472976319 -0.010968105965039946 0.0073184398388756169 -0.050662431880219343 0.027371937623437571 -0.011935095010890757 0.0068296624286236559 -0.081499753158224567 0.029191852640098246 0.017217845746944117 -4.3433285262879164e-05 0.04017914666811051 -0.016702353395879842 0.016436165281656114 -0.023919674838262218 -0.065439583243994875 -0.0009636693311931223 -0.046342583179473873 -0.028011763393878935 0.0059626662801951164 0.012611866288043214 -0.022578813949507982 0.034639641395930586 0.0055837944914262898 0.013772472461092878 -0.016673860834548023 0.0058300744978090121 0.02516629506168621 0.017483488332669612 0.022877226936789702 0.046476837178351174 -0.012448794697539522 0.021828733988710349 -0.0060416022445196685 0.032731506406451782 -0.054495890992028367 0.021247627598221425 -0.036907523091022784 -0.00042538828385824503 -0.01583116671463973 -0.005052150353375408 0.010848559838888997 0.018472249884286831 -0.00090260017420626978 0.003546998194651678 0.011206697197298386 0.013516955456121804 -0.0046806127764732353 0.0058741979254409663 0.002590269532216632 0.015098224151528108 -0.0026516483314933154 -0.0075276568496007125 0.0012232379930220167 -0.021855710323263958 0.025396400371370094 -0.0087620838358998289 0.0097915436230497817 0.015657461732103726 -0.004377104228817273 -0.020341171118858695 0.010807414644296808
leaf_weight=40 144 166 54 76 72 97 41 40 342 141 171 62 276 51 43 61 144 48 44 59 49 172 222 86 45 131 40 44 258 353 216 141 108 73 45 220 55 153 77 43 212 53 54 115 118 71 69 187 51 80 68 52 184 43 58 40 388 71 72 106 85 73 82
leaf_count=40 144 166 54 76 72 97 41 40 342 141 171 62 276 51 43 61 144 48 44 59 49 172 222 86 45 131 40 44 258 353 216 141 108 73 45 220 55 153 77 43 212 53 54 115 118 71 69 187 51 80 68 52 184 43 58 40 388 71 72 106 85 73 82
internal_value=-7.68005e-05 0.00434109 -0.0149582 0.0124964 -0.0544869 0.0240354 -0.0123798 0.0057153 -0.0768303 0.0312898 0.0175198 -0.004044 0.0373436 -0.0201687 0.0240518 -0.0376633 -0.0687713 -0.00297544 -0.0335865 -0.0367122 -0.000499584 0.0105293 -0.0252154 0.0411567 0.0110118 0.0139949 -0.0161701 0.000296989 0.020751 0.0213494 0.0195676 0.0424147 -0.0159612 0.0259366 -0.00740457 0.0311827 -0.0627025 0.0237626 -0.0406902 0.00326098 -0.0170499 -0.00255369 0.014771 0.0160354 -0.00118062 0.00205797 0.00967714 0.0138311 -0.00290612 0.00765988 0.00390338 0.0126354 -0.00320744 -0.00566415 -0.000199087 -0.0195026 0.0248799 -0.010019 0.00857921 0.014342 -0.004995 -0.0189902 0.012074
internal_weight=7035 6653 1976 4677 678 3195 1482 1298 382 1510 1685 596 820 810 690 313 365 672 241 180 462 534 366 503 88 702 134 387 1151 980 569 417 444 602 285 317 199 411 121 163 336 299 593 246 275 114 109 347 99 228 112 306 237 173 176 80 461 112 148 293 130 124 254
internal_count=7035 6653 1976 4677 678 3195 1482 1298 382 1510 1685 596 820 810 690 313 365 672 241 180 462 534 366 503 88 702 134 387 1151 980 569 417 444 602 285 317 199 411 121 163 336 299 593 246 275 114 109 347 99 228 112 306 237 173 176 80 461 112 148 293 130 124 254
is_linear=0
shrinkage=0.06


Tree=11
num_leaves=64
num_cat=0
split_feature=1 9 1 9 1 9 9 9 9 9 9 9 9 9 9 1 1 9 9 9 9 9 9 9 9 9 9 9 6 9 9 9 9 9 9 9 3 1 9 6 8 4 2 2 2 5 3 2 9 2 2 2 3 2 6 4 9 2 4 2 2 9 9
split_gain=588.87 255.24 390.054 323.367 39.0623 37.5666 25.9646 24.6155 15.1779 14.459 9.668 6.15578 4.76042 4.1287 4.04232 3.53539 2.67443 2.15657 1.32053 1.48505 1.13913 0.896119 0.893492 0.876732 0.816442 0.795819 0.601847 0.57555 0.482832 0.468449 0.435202 0.417852 0.386413 0.330844 0.330748 0.287296 0.262087 0.258111 0.246245 0.188816 0.167522 0.159584 0.11272 0.109072 0.100784 0.094628 0.0915965 0.082487 0.081691 0.11684 0.0717431 0.0707974 0.0634687 0.0620767 0.058304 0.0582763 0.0565466 0.0562736 0.0538769 0.0525191 0.0421636 0.0311373 0.031036
threshold=-1.4287564754486082 0.5775638520717622 0.41595189273357397 -1.001676023006439 1.0000000180025095e-35 -0.17322960495948789 -1.3318121433258054 1.3873735666275027 0.23367205262184146 0.85445222258567821 -0.76782962679862965 1.1570770144462588 -0.01348631316795945 -1.5243915915489195 0.5500524938106538 0.1524230241775513 -0.90169563889503468 -1.1667441129684446 0.64811712503433239 1.102054297924042 -1.6481926441192625 -0.65778425335884083 -0.45278035104274744 1.3075019121170046 -0.30634900927543635 0.19240503013134005 0.60685011744499218 1.4139974117279055 0.28683815896511083 0.12362667545676233 -0.93289768695831288 -1.2767894864082334 -1.0704543590545652 0.67562848329544078 -0.11998183652758597 -0.54773887991905201 -1.0320318043231962 -0.37463472038507456 -1.3868348598480222 0.10028097406029703 0.78461951017379772 -0.3021187931299209 0.76258990168571483 -0.01926855510100722 0.71915432810783397 -1.0795314908027647 -1.172612130641937 -0.69253605604171742 1.2808780670166018 -0.10614171624183653 0.24135091900825503 -0.25817026197910303 0.23319111764431003 0.54540804028511058 1.4061723947525027 -0.13390543684363362 -1.2217668294906614 -0.01926855510100722 -0.47033214569091791 -0.60566291213035572 0.39337947964668279 -0.80909663438796986 -1.7032153010368345
decision_type=2 2 2 2 2 2 2 2 2 2 2 2 2 2 2 2 2 2 2 2 2 2 2 2 2 2 2 2 2 2 2 2 2 2 2 2 2 2 2 2 2 2 2 2 2 2 2 2 2 2 2 2 2 2 2 2 2 2 2 2 2 2 2
left_child=9 3 4 6 16 10 13 11 12 -1 30 26 34 20 28 -6 -3 31 -17 33 62 47 35 48 -24 29 -4 -9 39 -14 50 -8 51 -20 -7 -23 -30 -18 41 -10 -29 46 59 -25 -45 61 -15 -12 49 -13 -5 -19 -47 -53 -44 -22 57 -33 -34 -42 -40 -32 -2
right_child=1 2 7 5 15 8 17 27 14 -11 21 23 25 38 -16 18 37 32 19 -21 55 22 24 43 -26 -27 -28 40 36 -31 45 56 58 -35 -36 -37 -38 -39 60 -41 42 -43 54 44 -46 52 -48 -49 -50 -51 -52 53 -54 -55 -56 -57 -58 -59 -60 -61 -62 -63 -64
leaf_value=-0.040095363804634576 -0.030096970169167771 -0.071038427120129741 -0.0096981021658015931 0.0048335653722419271 -0.047540275965418134 0.025485961785806078 -0.0091564397466865101 0.0070678042649830637 0.022807496573437343 -0.077449750594976469 0.012807964792229095 -9.6716434304835273e-05 0.037840729945562257 -0.02022156957198273 0.0072278477070166873 -0.022971033021563388 -0.061346287902663735 -0.0028822873324155806 -0.032913260167499757 -0.025917922044172884 -0.022402819554720604 0.020519308403826656 0.016144308323207686 0.0056022269558161494 0.020953320331537902 0.032111507284230192 -0.018432465836971623 0.011513130672267412 0.016750627408425013 0.043762985244929366 0.013368973936716263 -0.0073003776570738747 0.0016296956234804862 -0.04249044517055154 0.030729406552930032 0.024376973656434861 0.022889551790077473 -0.050810141736810852 -0.0127620408694972 0.02697950715954239 0.013234138666291017 -0.014052543169830883 0.010406648666720907 -7.9902740040173125e-05 0.0035537209620456886 0.010940843833812389 -0.014919684446872548 0.016459199696265414 -0.00015067765830151204 -0.0033795114960147483 0.0076788141137400919 0.00077297520140175125 0.0084252776031741704 -0.0017545078206961278 0.013536874518560416 -0.019081879000691974 -0.0035185550009607272 -0.0043358188938936622 0.0041139547812583093 0.015700713579808425 -0.0095204487045605982 0.010538213174177767 -0.025268147724866866
leaf_weight=46 56 168 51 69 69 111 106 56 109 327 52 49 283 43 56 60 135 49 52 63 83 225 300 48 267 86 78 141 44 138 54 42 52 63 216 188 236 54 67 258 97 192 52 44 72 82 46 173 55 192 77 85 126 58 131 168 111 68 87 220 44 72 99
leaf_count=46 56 168 51 69 69 111 106 56 109 327 52 49 283 43 56 60 135 49 52 63 83 225 300 48 267 86 78 141 44 138 54 42 52 63 216 188 236 54 67 258 97 192 52 44 72 82 46 173 55 192 77 85 126 58 131 168 111 68 87 220 44 72 99
internal_value=0.000287363 0.00441999 -0.0138121 0.0120213 -0.0511199 0.0226235 -0.01144 0.00547576 0.0294105 -0.0729626 0.0164189 -0.00355195 0.0349057 -0.0187088 0.022851 -0.0352324 -0.0646457 -0.0026095 -0.0314802 -0.0342041 -0.0229706 0.0192888 0.0201015 -0.000293242 0.0184418 0.038629 -0.0150805 0.0130988 0.02419 0.0398811 0.00918915 -0.00605764 0.000804962 -0.038481 0.0290326 0.02233 0.0219879 -0.0586192 -0.0142477 0.0258058 0.0136138 -0.0152593 0.0141821 0.00321415 0.00218655 0.0103961 -0.0176775 0.0156758 -0.00224081 -0.00271521 0.00637617 -0.000938624 0.00946459 -0.000257223 0.0127088 -0.0202646 -0.00453678 -0.00552331 0.00320287 0.0149899 -0.0115736 0.0118471 -0.0271945
internal_weight=7001 6628 1950 4678 664 3222 1456 1286 1537 373 1685 589 834 798 703 307 357 658 238 178 406 1205 980 460 567 507 129 697 647 421 480 327 331 115 327 413 280 189 392 367 641 281 500 164 116 334 89 225 296 241 146 192 208 143 183 251 221 110 139 317 111 126 155
internal_count=7001 6628 1950 4678 664 3222 1456 1286 1537 373 1685 589 834 798 703 307 357 658 238 178 406 1205 980 460 567 507 129 697 647 421 480 327 331 115 327 413 280 189 392 367 641 281 500 164 116 334 89 225 296 241 146 192 208 143 183 251 221 110 139 317 111 126 155
is_linear=0
shrinkage=0.06


Tree=12
num_leaves=64
num_cat=0
split_feature=1 9 1 9 1 9 9 9 9 8 9 9 9 9 4 9 9 1 6 9 9 5 9 9 9 9 9 9 9 9 9 9 9 9 0 1 9 8 6 0 2 2 4 5 5 9 2 2 6 2 9 2 2 9 0 2 2 0 0 8 9 0 0
split_gain=540.773 225.895 343.616 294.647 36.4128 33.6773 23.6418 22.1026 13.6322 12.4189 8.27008 5.20816 4.12075 3.53573 3.18663 3.03587 2.74364 2.48619 1.31807 0.97725 0.799426 0.833269 0.788212 0.675667 0.658459 0.548855 0.520158 0.512633 0.512217 0.50448 0.444577 0.407268 0.398439 0.342849 0.333774 0.24706 0.2165 0.164451 0.147279 0.14188 0.123482 0.147122 0.111651 0.103218 0.101577 0.110826 0.100742 0.21945 0.0806629 0.0633039 0.0574842 0.0568149 0.0563237 0.0471887 0.0367034 0.0319058 0.129292 0.0269233 0.100261 0.0256912 0.0237771 0.0228424 0.0130477
threshold=-1.4287564754486082 0.5775638520717622 0.41595189273357397 -1.001676023006439 1.0000000180025095e-35 -0.17322960495948789 -1.373079180717468 1.3873735666275027 0.23367205262184146 0.40732413530349737 -0.76782962679862965 1.1570770144462588 -0.01348631316795945 0.53629684448242199 0.67406946420669567 -1.194255471229553 -1.6344369649887083 -0.90169563889503468 0.78432005643844616 1.102054297924042 -0.65778425335884083 -0.89430275559425343 1.3075019121170046 -0.25310124456882471 -1.5243915915489195 0.19240503013134005 -0.89163067936897267 -1.2767894864082334 -1.0566987395286558 1.4139974117279055 0.60685011744499218 -0.54773887991905201 0.12362667545676233 0.3024504035711289 0.23626267164945605 -0.37463472038507456 -0.10666989907622336 0.77552661299705516 -1.7030923366546629 0.49610756337642675 0.024168025236576799 0.71915432810783397 -0.53789392113685597 0.68014276027679454 -0.55471602082252491 -1.1392327547073362 0.2847875058650971 -0.56222632527351368 0.10028097406029703 -0.60566291213035572 -1.4831245541572569 -0.51878973841667164 0.32822409272193914 1.1845883131027224 0.1279941909015179 0.91461947560310375 0.30650527775287634 0.14964788407087329 0.27957032620906835 0.59824231266975414 -1.4143462181091306 0.32287797331810003 0.23626267164945605
decision_type=2 2 2 2 2 2 2 2 2 2 2 2 2 2 2 2 2 2 2 2 2 2 2 2 2 2 2 2 2 2 2 2 2 2 2 2 2 2 2 2 2 2 2 2 2 2 2 2 2 2 2 2 2 2 2 2 2 2 2 2 2 2 2
left_child=9 3 4 6 17 10 16 11 12 -1 26 30 36 33 34 27 39 -3 -16 -20 51 31 43 -23 38 32 42 57 44 -9 -4 -22 -14 -10 -6 -19 -7 55 -18 -2 -24 -42 -5 -13 45 -17 47 -39 -35 -44 -26 -12 -30 -45 -28 56 -31 -8 -59 -15 -52 62 -29
right_child=1 2 7 5 14 8 15 29 13 -11 20 22 25 59 18 28 24 35 19 -21 21 23 40 -25 50 -27 54 61 52 37 -32 -33 -34 48 -36 -37 -38 46 -40 -41 41 -43 49 53 -46 -47 -48 -49 -50 -51 60 -53 -54 -55 -56 -57 -58 58 -60 -61 -62 -63 -64
leaf_value=-0.035565174876189813 -0.023430273877639397 -0.06685103416442871 -0.0095282956300717248 0.0037921771161200015 -0.036615685272216793 0.024588666965961455 -0.011037234750384574 0.0064824570870647821 0.026178261303215575 -0.072242729629982599 0.012404318978078662 -0.00016245793606642456 0.035556870369201014 0.011029968642767266 -0.019137732671464187 -0.002806277229485787 -0.022287217979984623 -0.057765822882082922 -0.034658749677918176 -0.023979247476233808 0.019239488094190665 0.016095121217492434 0.0052747705532461761 0.020765848671800868 -0.012517430091824601 0.030696920094101923 0.0087873057603137551 -0.0048851403600366954 0.005078980919411954 0.01174221783595265 -0.017032544751866503 0.023880479687452317 0.041011806440850097 0.019294407699840612 -0.047955464401910466 -0.048000990132154038 0.029071794333531683 0.012318409381505961 -0.017727003427368871 -0.029216917517573333 -0.0011872043022204462 0.0033277085426379927 0.0094734622465401149 -0.0044456979009862008 -0.0030637604332839959 0.00041289824449972426 0.012443518431163376 0.016760651071866351 0.022667756119026588 0.0065011824293584701 -0.01593640679862195 0.015419267151116229 0.0023428839754143895 -0.0024131687373979789 0.011102112679732368 0.012405072862797595 0.0068266655179876371 -0.006832033150660043 -0.010250083763023901 0.0080711818651563096 -0.013508044789944376 -0.0062246923021633512 -0.003356845825577953
leaf_weight=40 152 172 53 47 49 124 50 53 138 351 63 62 281 43 50 52 55 133 109 60 217 461 51 171 84 85 59 87 50 52 77 149 143 82 42 58 193 103 177 42 40 71 40 56 75 140 300 98 389 138 143 162 65 177 187 46 40 65 86 40 83 43 41
leaf_count=40 152 172 53 47 49 124 50 53 138 351 63 62 281 43 50 52 55 133 109 60 217 461 51 171 84 85 59 87 50 52 77 149 143 82 42 58 193 103 177 42 40 71 40 56 75 140 300 98 389 138 143 162 65 177 187 46 40 65 86 40 83 43 41
internal_value=-0.00010713 0.00392679 -0.0132267 0.0110492 -0.0478961 0.0212769 -0.0109981 0.00503922 0.0277703 -0.0685908 0.0154453 -0.00352218 0.0329942 0.0214962 -0.0326177 -0.00352323 -0.0186406 -0.0608184 -0.0284146 -0.0310306 0.0180483 0.0188028 -0.000497764 0.0173897 -0.0163849 0.036417 0.00866215 -0.00737356 0.000235766 0.0122962 -0.0140692 0.0211888 0.0374888 0.023083 -0.0423138 -0.055066 0.027401 0.0127675 -0.0188991 -0.0248265 0.00285404 0.00170464 0.00652257 -0.00234184 -0.00120657 -0.000468985 0.0133186 0.0145565 0.0221226 0.0072183 -0.0144486 0.0146337 0.00356602 -0.00291858 0.0105848 0.0106854 0.00970141 -0.00943352 -0.00883336 0.00971711 -0.015108 -0.00491143 -0.00442543
internal_weight=7045 6654 1952 4702 673 3212 1490 1279 1518 391 1694 587 826 692 310 754 736 363 219 169 1223 998 457 632 542 509 471 372 382 692 130 366 424 609 91 191 317 639 232 194 162 111 225 295 267 192 501 201 471 178 310 225 115 233 246 138 92 201 151 83 226 171 128
internal_count=7045 6654 1952 4702 673 3212 1490 1279 1518 391 1694 587 826 692 310 754 736 363 219 169 1223 998 457 632 542 509 471 372 382 692 130 366 424 609 91 191 317 639 232 194 162 111 225 295 267 192 501 201 471 178 310 225 115 233 246 138 92 201 151 83 226 171 128
is_linear=0
shrinkage=0.06


Tree=13
num_leaves=64
num_cat=0
split_feature=1 9 9 9 1 9 9 8 9 9 9 9 1 9 9 9 9 9 9 9 9 9 9 9 7 9 9 9 9 9 9 9 9 6 6 6 5 0 2 2 5 9 5 2 9 5 2 5 5 9 9 2 2 0 2 6 6 9 9 0 0 9 8
split_gain=468.731 200.754 315.219 257.611 37.4591 27.5052 19.9437 15.22 14.3243 13.4136 7.70949 5.78378 5.21058 4.653 3.31333 2.37992 2.36417 1.80661 0.840545 0.782091 0.808044 0.716838 0.627928 0.588836 1.1515 0.544587 0.439006 0.431544 0.384053 0.364983 0.346006 0.591852 0.34127 0.313357 0.277548 0.180771 0.12696 0.114551 0.103079 0.230803 0.0858414 0.0965054 0.0798754 0.105876 0.0812298 0.0795488 0.0764861 0.0597826 0.051224 0.0505921 0.0730224 0.0473135 0.0443085 0.043133 0.040514 0.0397605 0.0371459 0.0330291 0.0392555 0.0302201 0.0805544 0.0224958 0.0222526
threshold=-1.4287564754486082 0.59309443831443798 1.1295656561851504 -1.0154317021369932 0.1524230241775513 -0.19985347986221311 -1.373079180717468 0.3982339501380921 1.3873735666275027 0.24742772430181506 -0.76782962679862965 0.5500524938106538 -0.63816359639167775 -0.066734075546264635 0.62060579657554638 -1.194255471229553 -1.6481926441192625 1.1708326339721682 0.7994295358657838 0.21991638094186786 0.013581299688667061 -1.5243915915489195 1.3075019121170046 -0.65778425335884083 -0.53877985477447499 -0.89163067936897267 -0.54773887991905201 -1.2767894864082334 -0.25310124456882471 1.4139974117279055 0.66187280416488659 1.102054297924042 -1.0704543590545652 0.28683815896511083 0.10028097406029703 -0.08627621084451674 0.95798584818840038 0.49610756337642675 0.26306973397731787 -0.60566291213035572 -0.52384456992149342 -1.1392327547073362 1.3593154549598696 0.91461947560310375 1.6136765480041506 -0.83255985379219044 0.024168025236576799 0.58752840757370006 1.1432152986526491 1.2143183350563052 1.2808780670166018 0.7408721148967744 -0.69253605604171742 0.17130158096551898 -0.23645249009132382 -1.7030923366546629 1.530542850494385 -1.4556132555007932 -1.4143462181091306 0.14964788407087329 0.27957032620906835 -1.249278128147125 1.1346362233161928
decision_type=2 2 2 2 2 2 2 2 2 2 2 2 2 2 2 2 2 2 2 2 2 2 2 2 2 2 2 2 2 2 2 2 2 2 2 2 2 2 2 2 2 2 2 2 2 2 2 2 2 2 2 2 2 2 2 2 2 2 2 2 2 2 2
left_child=7 3 4 6 12 10 16 -1 17 13 25 33 18 35 -6 27 37 -4 -3 20 -15 55 49 52 26 45 -25 59 -26 -10 -16 -32 40 34 -11 -7 -14 -2 39 62 41 -17 43 -40 -44 -5 -24 -48 -35 51 -51 -19 -12 -47 -34 -18 -41 -23 -59 -8 -61 -29 -31
right_child=1 2 8 5 14 9 15 -9 29 11 23 -13 36 19 30 32 21 22 -20 -21 -22 57 46 24 28 -27 -28 61 -30 38 31 -33 54 48 -36 -37 -38 -39 42 56 -42 -43 44 -45 -46 53 47 -49 -50 50 -52 -53 -54 -55 -56 -57 -58 58 -60 60 -62 -63 -64
leaf_value=-0.02840291815144675 -0.022246666189253798 -0.054158959018373948 -0.0097355218222591935 0.0074031040880072393 -0.013597747343829122 0.020773235516328557 -0.010470880199130624 -0.068024548407963334 0.0066827160670337345 0.018537282292978671 0.011690605418248609 0.0042270757145313328 -0.039366331308387043 0.02935015066452553 -0.025831589052476078 -0.002647239967204985 -0.020427136690843672 -0.0019344640943066527 -0.064555866687528538 0.025039108693599699 0.035212456176230006 -0.012458704738220309 0.0049007539249956607 0.018286473213769826 0.014911717814361807 0.0099883876185555449 0.022937657000640262 -0.0057014985958144804 0.019214795850894667 0.012008075398062507 -0.035613347363995983 -0.026065679937601088 0.0041966104839087984 0.019861061030129589 0.023521985141560436 0.024991300435153983 -0.04823147084563971 -0.027543368823826315 0.0074222278098265331 0.013791942849151187 -0.003533211041148752 0.00022726106198456899 0.013245017746853273 0.011504176888614891 0.010797091612084345 0.0058387657989720423 0.003590246726386249 0.00079490936530191903 0.016423642486018145 -0.0031574979986378204 -0.00051263868436217299 0.00086843866572183152 0.014614710815977417 0.0036018148303264752 0.0017890672652503929 -0.017277930863201618 0.017480621593339102 -0.015757486759109443 -0.012923829685239231 -0.0063673046754584416 -0.0094875125595453112 -0.004090736396891473 0.0093838670648719105
leaf_weight=41 126 102 81 95 58 113 49 349 54 78 54 85 42 162 82 62 62 44 154 57 420 135 49 223 442 252 155 60 109 92 90 55 40 224 255 162 143 47 53 73 49 126 128 59 164 101 49 63 58 126 54 41 165 55 73 191 41 88 84 62 87 112 43
leaf_count=41 126 102 81 95 58 113 49 349 54 78 54 85 42 162 82 62 62 44 154 57 420 135 49 223 442 252 155 60 109 92 90 55 40 224 255 162 143 47 53 73 49 126 128 59 164 101 49 63 58 126 54 41 165 55 73 191 41 88 84 62 87 112 43
internal_value=-9.63707e-05 0.00365253 -0.0125909 0.0103329 -0.0438369 0.019684 -0.0106787 -0.0639425 0.00611563 0.0252569 0.014224 0.0189548 -0.0548023 0.0300574 -0.026737 -0.00357802 -0.017639 -0.00158004 -0.0606402 0.0329075 0.0336338 -0.0156856 -1.01864e-05 0.0169391 0.0176279 0.00800598 0.0202492 -0.00692623 0.0157962 0.0116288 -0.0300198 -0.0321952 -2.88391e-05 0.0209802 0.0224134 0.0233396 -0.0464413 -0.0238357 0.0120269 0.0131377 -0.00132174 -0.000729704 0.0113116 0.00965532 0.0119117 0.00598394 0.00293472 0.00203882 0.0192146 -0.00180366 -0.00237126 -0.000588098 0.0139501 0.00507806 0.00267063 -0.0181271 0.015259 -0.0136212 -0.0144563 -0.00884214 -0.00824028 -0.00468234 0.0112474
internal_weight=7048 6658 1940 4718 726 3265 1453 390 1214 1614 1651 700 441 914 285 720 733 507 256 639 582 560 426 1148 929 503 378 370 551 707 227 145 350 615 333 275 185 173 653 249 237 188 404 112 292 251 161 112 282 265 180 85 219 156 113 253 114 307 172 198 149 172 135
internal_count=7048 6658 1940 4718 726 3265 1453 390 1214 1614 1651 700 441 914 285 720 733 507 256 639 582 560 426 1148 929 503 378 370 551 707 227 145 350 615 333 275 185 173 653 249 237 188 404 112 292 251 161 112 282 265 180 85 219 156 113 253 114 307 172 198 149 172 135
is_linear=0
shrinkage=0.06


Tree=14
num_leaves=64
num_cat=0
split_feature=1 9 1 9 1 9 9 9 7 9 9 9 9 7 4 9 9 1 9 0 4 1 9 7 9 9 7 0 9 9 2 9 9 7 2 7 0 9 0 7 0 8 2 0 0 4 7 6 9 6 0 7 2 0 2 2 7 2 9 9 6 2 0
split_gain=410.397 181.324 273.617 230.363 28.9485 22.5738 22.4069 18.2593 14.3471 8.76475 4.84561 4.56177 4.45524 3.57358 3.03054 2.72976 2.55216 1.9102 1.66489 1.0966 0.823729 0.679921 0.643798 0.522124 1.127 0.474094 0.457827 0.414116 0.411481 0.407631 0.34654 0.297571 0.266706 0.226884 0.188132 0.175315 0.172715 0.140248 0.13344 0.116356 0.113724 0.113378 0.105365 0.0823886 0.0811142 0.0749004 0.0748485 0.0801144 0.0747852 0.0722067 0.0615152 0.0571848 0.0557334 0.0680705 0.0542868 0.135997 0.0511605 0.0474777 0.0464039 0.099608 0.0371451 0.0365083 0.0338695
threshold=-1.4287564754486082 0.5775638520717622 0.41595189273357397 -0.96040901541709889 1.0000000180025095e-35 -1.304300785064697 -0.23978930711746213 1.3873735666275027 0.66444215178489696 0.3024504035711289 1.1570770144462588 -0.74031826853752125 -0.066734075546264635 -0.62233790755271901 0.67406946420669567 0.5500524938106538 0.21991638094186786 -0.90169563889503468 -1.1117213964462278 0.27957032620906835 0.33764275908470159 -0.37463472038507456 1.3075019121170046 -0.23797510564327237 -0.60276153683662403 -1.3868348598480222 0.91511324048042308 0.34453167021274572 1.4139974117279055 0.60685011744499218 -1.1269023418426511 -1.249278128147125 -0.79534095525741566 -1.2573717832565305 0.19791434705257419 1.0320937037467959 0.23626267164945605 0.67562848329544078 0.19295527786016467 -1.3242176771163938 0.30122427642345434 0.77552661299705516 0.52368924021720897 0.40949277579784399 0.14964788407087329 -0.3021187931299209 0.8148450255393983 0.10028097406029703 -0.65778425335884083 -0.08627621084451674 0.14964788407087329 -0.57220324873924244 0.024168025236576799 0.30122427642345434 0.87118187546730053 0.26306973397731787 -0.83958560228347767 -0.54050752520561207 1.1845883131027224 1.2143183350563052 -0.45938761532306666 0.61056235432624828 0.49610756337642675
decision_type=2 2 2 2 2 2 2 2 2 2 2 2 2 2 2 2 2 2 2 2 2 2 2 2 2 2 2 2 2 2 2 2 2 2 2 2 2 2 2 2 2 2 2 2 2 2 2 2 2 2 2 2 2 2 2 2 2 2 2 2 2 2 2
left_child=8 3 4 5 17 13 11 10 -1 12 29 32 27 25 36 46 20 -3 31 26 -14 62 58 24 48 45 -16 49 -9 -4 -19 -7 40 50 -18 60 -6 -21 -34 61 44 54 -35 57 -5 -2 47 -11 -13 -8 -20 -26 -24 -54 55 -30 -47 -43 -12 -60 -25 -33 -15
right_child=1 2 7 6 14 18 9 28 -10 15 22 23 16 21 19 -17 34 30 33 37 -22 -23 52 35 51 -27 -28 -29 41 -31 -32 39 38 42 -36 -37 -38 -39 -40 -41 -42 43 -44 -45 -46 56 -48 -49 -50 -51 -52 -53 53 -55 -56 -57 -58 -59 59 -61 -62 -63 -64
leaf_value=-0.028393490655081611 -0.015169659219682215 -0.059151953255588356 -0.0090636336312295406 0.0072022136812167313 -0.033613786268234254 -0.0060665247392759697 0.020505423956322218 0.0057933201745410251 -0.064279724449612372 0.017028911411762236 -0.0036304683710243237 0.013142708868153987 0.02991298120004332 -0.021600113562175206 -0.014376832140948285 0.0052931534306351405 0.01942919373970765 -0.040980752021708387 0.0018730337177592447 -0.024609682836315847 0.035647907466219181 -0.017562600577765323 0.0043539715511724357 0.013798199505342737 0.020299147095877764 -0.0092902942371022486 -0.023766095261089502 0.014744864178866874 0.010600183302930628 -0.016236608127752936 -0.051039462610585798 -0.0037345567062202333 0.013038830278969522 0.0053292015428203585 0.024861500350707166 0.015959269735499246 -0.043049254783175207 -0.030907265054328097 0.0082630811407315465 -0.00057098675471056119 0.0049918839586381289 0.0095855378010310226 0.0016477774047026677 0.014499147459864616 0.0094738907899066319 -0.011791843692314504 0.016940719392682824 0.020319347092852044 0.015796945393085477 0.023635520170608611 -0.00049169400664554402 0.016317258654585613 0.0034102926427665393 0.00041483411880547245 0.011470934753032291 0.0056522863187895307 -0.014412453334246364 0.011822969835666589 0.00055951200373884709 -0.0023762719437883709 0.011506719689816237 -0.0016734361212531273 -0.026119725574617798
leaf_weight=48 93 175 52 161 49 114 158 55 343 77 58 162 408 104 43 58 64 46 99 54 170 234 47 183 257 167 47 40 51 80 150 138 66 96 108 168 43 83 43 86 53 71 41 53 121 172 104 312 113 145 65 43 52 57 50 40 69 376 53 187 84 43 45
leaf_count=48 93 175 52 161 49 114 158 55 343 77 58 162 408 104 43 58 64 46 99 54 170 234 47 183 257 167 47 40 51 80 150 138 66 96 108 168 43 83 43 86 53 71 41 53 121 172 104 312 113 145 65 43 52 57 50 40 69 376 53 187 84 43 45
internal_value=-0.000302609 0.00322085 -0.0120281 0.0096695 -0.0424627 -0.00908193 0.019148 0.0043728 -0.0599579 0.0239501 -0.00342839 0.0137056 0.0270738 -0.0154037 -0.0290561 0.0177161 0.0296977 -0.0538812 -0.000877116 -0.0251013 0.0316584 -0.0197832 -0.000476762 0.015937 0.0171845 -0.0120231 -0.0194874 0.0212665 0.0109365 -0.0135003 -0.0488988 -0.00350801 0.0086052 0.00245361 0.0229642 0.0142524 -0.0384393 -0.0286213 0.0112471 -0.00239705 0.00771469 0.0113681 0.00424739 0.0118371 0.00820697 -0.0133576 0.0191639 0.0197134 0.0142866 0.0220761 0.000938494 0.0197845 0.00263565 0.00186187 0.0096336 0.00851036 -0.0125986 0.0114898 -0.00210944 -0.00172832 0.0131229 -0.00325678 -0.0231301
internal_weight=7027 6636 1972 4664 690 1566 3098 1282 391 1644 586 1454 1093 884 319 551 750 371 682 227 578 383 454 1010 575 501 90 343 696 132 196 381 444 301 172 435 92 137 109 267 335 641 137 500 282 334 493 389 275 303 164 300 156 109 141 91 241 447 298 240 267 181 149
internal_count=7027 6636 1972 4664 690 1566 3098 1282 391 1644 586 1454 1093 884 319 551 750 371 682 227 578 383 454 1010 575 501 90 343 696 132 196 381 444 301 172 435 92 137 109 267 335 641 137 500 282 334 493 389 275 303 164 300 156 109 141 91 241 447 298 240 267 181 149
is_linear=0
shrinkage=0.06


end of trees

feature_importances:
Column_9=441
Column_1=93
Column_2=69
Column_5=59
Column_4=52
Column_6=49
Column_3=45
Column_0=44
Column_7=33
Column_8=20

parameters:
[boosting: gbdt]
[objective: regression]
[metric: l2]
[tree_learner: serial]
[device_type: cpu]
[data_sample_strategy: bagging]
[data: ]
[valid: ]
[num_iterations: 600]
[learning_rate: 0.06]
[num_leaves: 64]
[num_threads: 16]
[seed: 2023]
[deterministic: 0]
[force_col_wise: 0]
[force_row_wise: 0]
[histogram_pool_size: -1]
[max_depth: 8]
[min_data_in_leaf: 40]
[min_sum_hessian_in_leaf: 0.001]
[bagging_fraction: 0.9]
[pos_bagging_fraction: 1]
[neg_bagging_fraction: 1]
[bagging_freq: 1]
[bagging_seed: 26561]
[bagging_by_query: 0]
[feature_fraction: 0.8]
[feature_fraction_bynode: 1]
[feature_fraction_seed: 22040]
[extra_trees: 0]
[extra_seed: 25715]
[early_stopping_round: 0]
[early_stopping_min_delta: 0]
[first_metric_only: 0]
[max_delta_step: 0]
[lambda_l1: 0]
[lambda_l2: 1]
[linear_lambda: 0]
[min_gain_to_split: 0]
[drop_rate: 0.1]
[max_drop: 50]
[skip_drop: 0.5]
[xgboost_dart_mode: 0]
[uniform_drop: 0]
[drop_seed: 17353]
[top_rate: 0.2]
[other_rate: 0.1]
[min_data_per_group: 100]
[max_cat_threshold: 32]
[cat_l2: 10]
[cat_smooth: 10]
[max_cat_to_onehot: 4]
[top_k: 20]
[monotone_constraints: ]
[monotone_constraints_method: basic]
[monotone_penalty: 0]
[feature_contri: ]
[forcedsplits_filename: ]
[refit_decay_rate: 0.9]
[cegb_tradeoff: 1]
[cegb_penalty_split: 0]
[cegb_penalty_feature_lazy: ]
[cegb_penalty_feature_coupled: ]
[path_smooth: 0]
[interaction_constraints: ]
[verbosity: 1]
[saved_feature_importance_type: 0]
[use_quantized_grad: 0]
[num_grad_quant_bins: 4]
[quant_train_renew_leaf: 0]
[stochastic_rounding: 1]
[linear_tree: 0]
[max_bin: 255]
[max_bin_by_feature: ]
[min_data_in_bin: 3]
[bin_construct_sample_cnt: 200000]
[data_random_seed: 6644]
[is_enable_sparse: 1]
[enable_bundle: 1]
[use_missing: 1]
[zero_as_missing: 0]
[feature_pre_filter: 1]
[pre_partition: 0]
[two_round: 0]
[header: 0]
[label_column: ]
[weight_column: ]
[group_column: ]
[ignore_column: ]
[categorical_feature: ]
[forcedbins_filename: ]
[precise_float_parser: 0]
[parser_config_file: ]
[objective_seed: 2023]
[num_class: 1]
[is_unbalance: 0]
[scale_pos_weight: 1]
[sigmoid: 1]
[boost_from_average: 1]
[reg_sqrt: 0]
[alpha: 0.9]
[fair_c: 1]
[poisson_max_delta_step: 0.7]
[tweedie_variance_power: 1.5]
[lambdarank_truncation_level: 30]
[lambdarank_norm: 1]
[label_gain: ]
[lambdarank_position_bias_regularization: 0]
[eval_at: ]
[multi_error_top_k: 1]
[auc_mu_weights: ]
[num_machines: 1]
[local_listen_port: 12400]
[time_out: 120]
[machine_list_filename: ]
[machines: ]
[gpu_platform_id: -1]
[gpu_device_id: -1]
[gpu_use_dp: 0]
[num_gpu: 1]

end of parameters

pandas_categorical:null
