tree
version=v4
num_class=1
num_tree_per_iteration=1
label_index=0
max_feature_idx=9
objective=regression
feature_names=Column_0 Column_1 Column_2 Column_3 Column_4 Column_5 Column_6 Column_7 Column_8 Column_9
feature_infos=[-4.9281487464904785:0.63685661554336548] [-2.6146364212036133:3.7100627422332764] [-5.1990861892700195:1.272971510887146] [-2.2269694805145264:2.5527749061584473] [-5.5711894035339355:1.3641557693481445] [-1.9902403354644775:2.1465384960174561] [-1.982926607131958:1.6860036849975586] [-2.3018357753753662:1.4582350254058838] [-2.4405524730682373:1.9915002584457397] [-1.7305047512054443:1.7332621812820435]
tree_sizes=11120 11150 11134 11155

Tree=0
num_leaves=128
num_cat=0
split_feature=9 9 9 9 9 5 9 9 9 9 9 9 9 9 9 5 9 3 8 9 9 0 9 9 9 9 9 9 9 9 9 9 9 2 9 9 9 9 2 9 9 2 9 9 1 4 3 9 6 6 2 9 2 6 6 9 9 2 9 1 5 5 2 9 9 9 2 5 5 9 9 0 3 9 9 9 9 9 2 2 9 4 0 9 9 9 9 9 2 9 9 2 4 2 3 6 0 9 2 2 2 2 0 3 2 3 1 9 3 6 5 6 3 3 8 6 9 9 3 2 2 0 0 2 2 6 0
split_gain=1736.11 494.492 699.705 516.887 290.559 254.885 218.647 114.968 105.76 98.6626 98.383 152.133 94.6675 90.7776 117.724 99.2694 60.9378 58.6576 56.5491 50.6776 46.5297 43.0774 53.2281 48.2122 54.2907 70.7 37.1668 33.1033 30.5006 27.3748 24.7345 24.6275 22.2501 19.0706 16.9216 47.0136 35.6032 16.8856 16.8605 16.6262 26.348 15.5867 13.0418 12.2569 11.7172 11.3951 10.3116 9.59759 9.00937 8.72753 8.333 7.35734 7.35034 7.08533 10.5772 9.80411 6.68643 6.52713 5.91787 5.42907 6.02938 3.64907 4.7074 3.9898 3.4822 3.4484 3.41191 3.30572 3.22447 3.17726 3.16306 3.00721 2.96768 2.94981 2.9357 2.80666 2.64724 2.48671 2.45138 2.37326 2.80278 2.16793 2.13698 1.90618 1.83402 1.81343 3.05504 1.75036 1.70645 1.67434 1.58793 1.34066 1.21059 1.14337 1.07888 1.0676 1.05399 1.02772 0.918625 0.90346 0.703594 0.684891 0.667791 0.663008 0.646419 0.64085 0.592842 0.564961 0.538045 0.631546 0.581186 0.525103 0.524289 0.435756 0.434197 0.392041 0.369144 0.886823 0.364952 0.528795 0.349924 0.317754 0.300617 0.254418 0.238682 0.210731 0.207367
threshold=0.73065117001533519 -1.1392327547073362 0.16489368677139285 -0.10666989907622336 -0.75407394766807545 1.0197294950485232 0.21991638094186786 0.5500524938106538 -0.21316542476415631 0.17864936590194705 1.6269885301589968 1.5604287981987002 1.1708326339721682 -0.35959677398204798 -0.42615647614002222 -1.3265030980110166 1.6003646254539492 1.9201549887657168 -1.3927702903747556 0.44000713527202612 1.102054297924042 0.45280016958713537 -1.6481926441192625 -1.6069256067275999 -1.5106359124183653 -1.4693688750267027 1.0195202827453616 1.4539332389831545 0.99200892448425304 -0.31966094672679896 -1.1117213964462278 0.027336971834301952 0.12362667545676233 0.024168025236576799 -0.71280694007873524 -0.49271617829799647 -0.45278035104274744 1.3740616440773012 0.48025263845920568 -1.249278128147125 -1.3318121433258054 0.26306973397731787 0.46751846373081213 -1.6894596219062803 -0.90169563889503468 -0.67232638597488392 -1.0320318043231962 0.75816252827644359 1.3439886569976809 -1.6409085988998411 0.56712579727172863 1.5338048934936526 0.41509725153446203 0.16246472299098971 0.34902189671993261 0.24742772430181506 1.4273093938827517 -0.95315605401992787 -0.68529558181762684 1.2065384984016421 -0.18425861746072766 -0.5855882167816161 0.21963211894035342 -1.249278128147125 0.7031398117542268 -0.86411932110786427 0.58884355425834667 0.55665695667266857 -0.73994550108909596 0.3024504035711289 -0.23978930711746213 0.25791636854410177 1.4984139800071719 0.99200892448425304 -0.040110195055603974 1.6536123752593996 -0.58900588750839222 -0.63027289509773243 0.024168025236576799 0.63228118419647228 -0.399532601237297 -1.1438745856285093 0.17130158096551898 -0.80909663438796986 -0.080046016722917543 -1.0154317021369932 -0.98792037367820729 -1.5381472110748289 0.89290067553520214 0.05484831519424916 -1.125477075576782 -0.23645249009132382 -0.40346042811870569 0.15447776764631274 -0.89145144820213307 0.5977628529071809 0.36618536710739141 -1.3180564641952512 0.30650527775287634 0.024168025236576799 0.58884355425834667 0.26306973397731787 0.23626267164945605 -1.3131957650184629 0.30650527775287634 1.3578336834907534 0.1524230241775513 -0.14660571515560147 -1.172612130641937 0.5977628529071809 1.4828012585639956 0.65994662046432506 0.5143517702817918 -1.172612130641937 0.12094683200120927 -1.0812399387359617 -0.90538632869720448 -0.93289768695831288 0.65493208169937145 0.76258990168571483 0.2847875058650971 0.084686793386936202 0.14964788407087329 0.37166170775890356 0.52368924021720897 1.0000000180025095e-35 0.23626267164945605
decision_type=2 2 2 2 2 2 2 2 2 2 2 2 2 2 2 2 2 2 2 2 2 2 2 2 2 2 2 2 2 2 2 2 2 2 2 2 2 2 2 2 2 2 2 2 2 2 2 2 2 2 2 2 2 2 2 2 2 2 2 2 2 2 2 2 2 2 2 2 2 2 2 2 2 2 2 2 2 2 2 2 2 2 2 2 2 2 2 2 2 2 2 2 2 2 2 2 2 2 2 2 2 2 2 2 2 2 2 2 2 2 2 2 2 2 2 2 2 2 2 2 2 2 2 2 2 2 2
left_child=1 18 3 4 30 12 9 19 13 -4 11 27 20 14 15 58 50 37 39 53 26 22 43 49 46 38 73 28 47 -15 90 74 89 -28 41 93 -37 48 -26 40 100 -17 -21 -20 68 -27 87 -7 67 -24 -13 -29 -11 55 59 -8 78 -23 -6 60 -55 62 -47 -63 66 -46 108 -14 82 -61 102 -35 118 -2 84 -12 77 101 -30 80 -16 -10 116 -67 -5 121 -87 103 111 -33 -3 -45 -84 -36 -57 99 -39 -42 -62 -44 113 -60 -31 -25 107 -80 -78 -83 -9 -110 -111 -68 -96 -1 -50 -99 117 -32 119 -69 -108 -70 -123 -120 -118 -86 -113
right_child=5 2 6 31 8 10 7 64 81 52 75 16 17 29 79 34 -18 -19 21 42 -22 57 23 24 25 45 33 51 56 70 44 32 -34 71 35 36 -38 96 -40 -41 97 -43 95 91 65 61 -48 -49 114 -51 -52 -53 -54 54 -56 94 -58 -59 76 69 98 63 -64 -65 -66 83 88 72 85 -71 -72 -73 -74 -75 -76 -77 106 -79 105 -81 -82 104 92 -85 125 86 -88 -89 -90 -91 -92 -93 -94 -95 112 -97 -98 115 -100 -101 -102 -103 -104 -105 -106 -107 120 -109 109 110 -112 126 -114 -115 -116 -117 124 -119 123 -121 -122 122 -124 -125 -126 -127 -128
leaf_value=-0.027609444371144532 0.063822963320064777 -0.018333795083665328 -0.025958572309675666 0.035958685388819099 -0.022418929798083843 0.034520910384289019 -0.04475176207393132 -0.011496075169627591 0.022506310490713152 -0.11279818860802174 0.070171575666626212 -0.013006897600516647 -0.015245776172042747 -0.073778135177192325 0.019481544266595381 -0.092583465139004117 0.037577887508835332 -0.04568362819501056 -0.043032143112716303 -0.086861505808896289 0.059787518595722809 -0.067872128768227444 -0.071527601253685583 -0.01262425281201119 -0.12625487513512096 -0.06527477947745669 -0.017182413343497877 0.077388575823110511 0.009441787370419806 -0.034616045128998379 0.019104462114028907 0.059102426531697845 0.038160582878373366 0.01225020058800191 -0.0065477811926146993 -0.079025518108603601 -0.024564195442768163 0.038755065321139363 -0.073590351447493402 -0.049900293937738274 -0.016302794349533078 -0.045042604951039587 -0.067527779493247883 0.0011961775738685845 0.020011804935604501 -0.035136914355830523 -0.047906088729966337 0.057282728568852567 0.021629451515019216 -0.10899311086489268 -0.045352209082938459 0.053479353480612744 -0.1533528049505723 -0.01828398857455011 -0.011609873017319876 -0.024964118666065217 0.043587994326608009 -0.10425688575720665 0.00082586028287534585 -0.063947617029324666 -0.034897572351587386 -0.026436322248319866 -0.061425056561858017 -0.045064816173610314 0.0018720430170945648 0.040290757007791292 -0.014833535919739583 0.0089011473674395457 0.021135222234215448 -0.041887898911408226 -0.027739725449485077 0.03125630736679115 -0.012366782337405756 0.039845042213856714 0.033697709851382339 0.088577835212809861 -0.0026801261814976894 -0.015064044744129737 0.019986469973704405 0.014356090208278207 0.037246881801190748 0.011345297705730716 0.030292132224616599 0.026249582368782772 0.044826669628109293 -0.00032849191985346915 0.018925620065291641 -0.028863087497618258 -0.0078345630774060634 0.073934259423200754 -0.0022367625010827207 -0.011518086609959554 0.019765775760699451 -0.017777813641148964 -0.01143565266955854 -0.049084394321451848 0.024251130334174743 -0.0044700094595880929 -0.047444047064978602 -0.052385705640793742 -0.045681925803867207 -0.0077266244340885668 -0.045207316673703299 -0.021120251448099713 0.013182535952832202 0.031444895852718341 0.00061423797488488311 0.0027337294078668035 -0.0097938769314246978 0.0020352015266065075 -0.0062959222132902342 -0.026231366836763127 -0.020188066066169633 -0.036944838845149652 0.013584217276445555 -0.010981494559521241 0.023824838560458132 0.0094721235616036029 0.0043722413556685777 0.0011473780876638533 0.007748477430014113 0.010644067947957601 0.018090466743444611 -0.00087155180979082405 0.017051294189772193 0.057493306848707577 -0.01862501638010745
leaf_weight=35 32 31 31 50 54 58 55 39 48 52 55 40 32 79 42 33 56 55 31 51 135 33 48 68 39 70 51 162 33 41 71 57 82 48 52 79 50 32 35 70 31 43 54 33 45 37 41 443 47 36 41 54 35 35 30 58 51 38 51 45 42 69 44 59 57 109 40 63 44 42 56 39 31 36 142 160 71 81 32 35 59 36 85 42 46 50 34 38 40 141 30 54 54 42 45 68 35 95 66 48 31 42 118 42 95 36 39 41 40 41 41 37 35 95 39 31 44 41 46 34 30 32 36 45 43 31 33
leaf_count=35 32 31 31 50 54 58 55 39 48 52 55 40 32 79 42 33 56 55 31 51 135 33 48 68 39 70 51 162 33 41 71 57 82 48 52 79 50 32 35 70 31 43 54 33 45 37 41 443 47 36 41 54 35 35 30 58 51 38 51 45 42 69 44 59 57 109 40 63 44 42 56 39 31 36 142 160 71 81 32 35 59 36 85 42 46 50 34 38 40 141 30 54 54 42 45 68 35 95 66 48 31 42 118 42 95 36 39 41 40 41 41 37 35 95 39 31 44 41 46 34 30 32 36 45 43 31 33
internal_value=-2.30577e-05 -0.0157765 -0.00696182 0.00718482 -0.00407585 0.0390956 -0.0393432 -0.031973 -0.0184571 -0.103611 0.0534624 0.0468127 0.0171288 -0.0247991 -0.0160603 -0.0247033 -0.00214592 0.00228617 -0.0437155 -0.044232 0.0370425 -0.0512081 -0.0475331 -0.053337 -0.0477066 -0.0592873 0.02192 0.0545248 0.0487475 -0.0485321 0.0198618 0.0503513 0.0608325 0.00688508 -0.0460534 -0.0387781 -0.0582678 0.00891339 -0.102659 -0.0278859 -0.0228987 -0.0666196 -0.0638944 -0.0165534 0.0224166 -0.0474581 -0.0258787 0.0547216 0.00431351 -0.0886776 -0.0297326 0.0716853 -0.130671 -0.0345199 -0.040001 -0.026968 0.0288275 -0.0885232 -0.00727857 -0.0436378 -0.0370665 -0.0412084 -0.0499918 -0.0353057 -0.00946125 0.0328998 -0.0115378 -0.000490534 0.0185146 -0.0538951 -0.038957 0.0210285 0.00172498 0.0518902 0.0392567 0.0842159 -0.00461191 -0.00871173 0.0210199 0.0261995 0.0301227 0.0131354 0.0214984 0.0365837 0.0451604 0.0132859 0.0075958 -0.019496 -0.0169499 0.0699829 -0.010581 -0.00673665 0.0263731 -0.0116998 -0.0196093 -0.0565366 0.0316464 -0.00824189 -0.0429298 -0.0609799 -0.0370523 -0.00307767 -0.0427097 -0.0160292 0.0104053 0.0264205 0.000509236 0.00685375 -0.00642187 -0.00471951 -0.00215603 -0.0201641 -0.0154668 -0.0346614 0.0181791 -0.0061459 0.0179786 0.0156934 0.00410177 0.00622277 0.00378245 0.0174485 0.0147913 0.00179786 0.0207088 0.0505979 -0.0229584
internal_weight=7041 5020 3817 2657 2108 2021 1160 1042 1317 118 1221 1006 800 1097 803 667 137 459 1203 674 341 815 744 626 542 353 206 869 653 294 791 549 280 138 299 223 129 404 74 388 318 76 221 118 730 279 189 501 337 84 81 216 87 453 260 193 152 71 368 230 143 209 81 128 368 196 311 251 534 87 215 87 219 68 269 215 314 174 101 136 101 220 338 151 127 196 84 148 150 198 61 87 139 94 138 170 67 157 108 102 161 93 159 110 172 68 140 77 161 122 82 110 80 130 86 126 199 112 188 97 69 112 68 91 87 77 70
internal_count=7041 5020 3817 2657 2108 2021 1160 1042 1317 118 1221 1006 800 1097 803 667 137 459 1203 674 341 815 744 626 542 353 206 869 653 294 791 549 280 138 299 223 129 404 74 388 318 76 221 118 730 279 189 501 337 84 81 216 87 453 260 193 152 71 368 230 143 209 81 128 368 196 311 251 534 87 215 87 219 68 269 215 314 174 101 136 101 220 338 151 127 196 84 148 150 198 61 87 139 94 138 170 67 157 108 102 161 93 159 110 172 68 140 77 161 122 82 110 80 130 86 126 199 112 188 97 69 112 68 91 87 77 70
is_linear=0
shrinkage=1


Tree=1
num_leaves=128
num_cat=0
split_feature=9 9 9 9 9 5 9 9 9 9 9 9 9 9 7 7 9 9 6 9 9 9 9 9 9 9 9 9 9 9 2 9 9 9 9 7 7 9 9 2 2 9 9 9 9 4 9 9 9 9 6 9 1 6 6 9 2 9 5 1 5 9 6 9 9 9 2 9 1 0 1 1 9 0 9 4 9 9 4 4 2 5 0 9 6 4 5 2 0 9 1 0 0 7 9 0 2 9 2 6 4 0 9 6 9 2 7 2 9 9 1 7 2 6 2 2 6 4 5 9 4 2 0 2 9 4 9
split_gain=1514.92 433.534 593.586 455.564 264.959 239.326 192.047 99.4455 96.5591 93.0644 87.3831 135.666 83.2621 105.723 104.595 58.7406 55.4184 54.1808 46.4162 46.1545 43.4388 34.7041 33.45 58.6202 42.3862 50.6934 80.5705 31.5605 26.1295 24.1285 21.2741 20.5814 20.2772 19.6176 18.2055 17.9662 21.8878 38.5723 17.6585 17.1602 17.0498 14.4487 12.1066 10.7035 10.1291 8.53788 8.47779 7.7345 7.36433 7.36392 7.31083 7.19836 6.92749 6.11528 9.35401 8.19093 5.83117 5.58509 4.98686 4.67099 5.03055 4.62383 3.82794 3.27229 2.97919 2.90018 3.30542 2.78847 2.6405 2.59816 2.40318 2.39762 2.35527 2.33219 2.30024 2.29567 2.1713 2.02808 1.94603 1.73339 1.44538 1.2335 1.14063 1.1193 1.08019 1.0088 0.95508 0.946508 0.918234 0.912948 2.06571 0.682458 0.637712 0.614752 1.41637 0.612281 0.604999 0.602516 0.597302 0.587895 0.575415 0.572744 0.50473 0.499875 0.486589 0.467341 0.436443 0.582168 0.793983 0.430101 0.419313 0.32818 0.322546 0.292409 0.286526 0.272899 0.243626 0.224065 0.208531 0.27853 0.197956 0.180123 0.162042 0.160106 0.159951 0.0735698 0.0599842
threshold=0.73065117001533519 -1.1392327547073362 0.16489368677139285 -0.10666989907622336 -0.75407394766807545 1.0197294950485232 0.21991638094186786 0.5500524938106538 -0.21316542476415631 1.1708326339721682 1.6269885301589968 1.5604287981987002 -0.35959677398204798 -0.42615647614002222 -1.4077746868133543 -1.5581775307655332 1.2143183350563052 1.6003646254539492 0.10028097406029703 0.44000713527202612 1.102054297924042 1.0195202827453616 -1.7032153010368345 -1.6481926441192625 -1.6069256067275999 -1.5106359124183653 -1.4693688750267027 1.4539332389831545 1.0195202827453616 -0.31966094672679896 0.50197042524814617 -1.1117213964462278 0.027336971834301952 -1.6344369649887083 0.12362667545676233 -0.1209946498274803 -0.8562977910041808 -0.71280694007873524 -1.3318121433258054 0.024168025236576799 0.48025263845920568 1.3740616440773012 -1.249278128147125 0.46751846373081213 -0.86411932110786427 -0.066345751285552965 1.4273093938827517 -0.79534095525741566 1.5338048934936526 0.75816252827644359 1.3439886569976809 -1.1667441129684446 -0.37463472038507456 0.16246472299098971 0.34902189671993261 0.24742772430181506 0.56712579727172863 -0.68529558181762684 0.55665695667266857 1.2065384984016421 -0.18425861746072766 -1.2630338072776792 -1.8274627923965452 -1.5381472110748289 -0.040110195055603974 0.7031398117542268 0.58884355425834667 -0.23978930711746213 1.0000000180025095e-35 0.19295527786016467 0.1524230241775513 0.1524230241775513 -0.080046016722917543 0.32287797331810003 0.99200892448425304 -0.70610728859901417 1.6536123752593996 0.3024504035711289 -1.1438745856285093 -0.47033214569091791 0.89290067553520214 -0.64733111858367909 0.25791636854410177 0.041092643514275558 0.5977628529071809 1.0442760586738589 -0.64733111858367909 -0.38848000764846796 0.36618536710739141 -0.63027289509773243 1.0000000180025095e-35 0.23626267164945605 0.30122427642345434 -1.3576400279998777 -0.98792037367820729 0.32287797331810003 0.30650527775287634 -1.0291873812675474 0.024168025236576799 -0.08627621084451674 -0.47033214569091791 0.25791636854410177 0.3299617618322373 0.65994662046432506 -0.90538632869720448 0.26306973397731787 1.015381455421448 -0.8011280596256255 0.59309443831443798 -1.5656585693359373 -0.63816359639167775 0.74799916148185741 0.41509725153446203 1.0000000180025095e-35 0.24135091900825503 0.65399897098541271 -0.77031230926513661 -0.20077716559171674 0.64927130937576305 1.3075019121170046 -0.57167378067970265 -0.38848000764846796 0.23626267164945605 0.2847875058650971 1.2542541623115542 -0.67232638597488392 -1.4143462181091306
decision_type=2 2 2 2 2 2 2 2 2 2 2 2 2 2 2 2 2 2 2 2 2 2 2 2 2 2 2 2 2 2 2 2 2 2 2 2 2 2 2 2 2 2 2 2 2 2 2 2 2 2 2 2 2 2 2 2 2 2 2 2 2 2 2 2 2 2 2 2 2 2 2 2 2 2 2 2 2 2 2 2 2 2 2 2 2 2 2 2 2 2 2 2 2 2 2 2 2 2 2 2 2 2 2 2 2 2 2 2 2 2 2 2 2 2 2 2 2 2 2 2 2 2 2 2 2 2 2
left_child=1 15 3 4 31 9 18 19 12 20 11 27 13 14 57 38 30 56 -4 53 21 74 -17 62 33 45 40 28 49 -14 -11 -3 64 -25 83 36 37 -16 92 -23 -27 50 52 -21 69 63 70 -46 -29 -7 58 75 110 55 59 -8 -13 -6 -18 60 -55 95 -24 109 72 66 106 91 -41 86 -30 89 -5 111 -2 -44 -12 -61 -10 121 103 102 -39 -34 98 118 93 -64 -43 105 120 -31 -1 -33 -95 -40 -62 -81 -45 117 -96 -52 -57 -68 -102 -59 107 -9 -109 -26 126 -15 -66 -74 -73 -114 -49 -80 -60 124 -91 -71 -105 -101 -120 -92 -28
right_child=5 2 6 32 8 10 7 65 78 16 76 17 29 73 35 22 41 -19 -20 43 -22 39 23 24 25 26 42 48 46 67 -32 44 34 -35 -36 -37 -38 82 61 68 -42 88 51 84 47 -47 -48 116 -50 -51 101 -53 -54 54 -56 81 -58 71 85 77 96 -63 87 -65 112 -67 80 -69 -70 79 -72 114 113 -75 -76 -77 -78 -79 99 97 -82 -83 -84 -85 -86 -87 -88 -89 -90 90 125 -93 -94 94 100 -97 -98 -99 -100 123 104 -103 -104 122 -106 -107 -108 108 -110 -111 -112 -113 115 -115 -116 -117 -118 -119 119 -121 -122 -123 -124 -125 -126 -127 -128
leaf_value=-0.038743656335106819 0.060001214435606291 -0.0094517890699365639 -0.12488257597753967 0.033312111306521633 -0.02262836213280656 0.032943134462194788 -0.041503560281636424 -0.011312429090637876 0.021350409535691145 -0.069310734925731532 0.067256943274427342 -0.014633466759206435 -0.069295662393172586 0.03352432431919234 -0.06563547811421909 -0.086214770431871771 -0.016697491136820695 0.0352758916196498 -0.055967139296753468 -0.080624854998155082 0.056879489421844488 -0.016686048903414664 -0.023217591005894874 -0.048812467139214277 -0.016397803506056258 -0.1181395313319038 -0.020384735601066156 0.07369507235639236 0.0042996863503503846 -0.032652033546141219 -0.015931803273037077 0.020435377870644655 0.051215798720236752 -0.10103258040913365 0.036452186924506379 -0.017400999320670962 -0.07431275587023041 -0.019650041472509899 -0.0050663060565244097 0.011418978919453444 -0.068791780842317116 0.035999372075585755 -0.066360736427022449 -0.064128116250038156 0.037575899482631001 -0.044369809381490537 0.041119381146771571 0.021938053896707117 0.04944547242667599 0.053498973227821635 0.011363428388722242 -0.035515776462852956 -0.052460262349673686 -0.017757203829075609 -0.011802014426300021 -0.01781832554008601 -0.042612750210413122 -6.8266892454541122e-05 0.0021711939398387802 -0.060168170857997173 -0.033456280543690639 -0.028156477137235927 0.0022220319227105188 -0.029064319479577945 0.034777781564523193 0.0018707466760783326 -0.014073342816638097 -0.026382349980995059 0.029789415847610787 0.0238822129828965 0.022254694488887884 0.00085929703753208743 0.042660112910800511 0.015603265595961025 0.038392431470187935 -0.050831138567869055 0.084454510953181836 -0.040235494656695264 0.0092401559976860882 0.022289404363893883 -0.0077399592103791388 -0.024642444885613627 -0.0065350185811632521 0.067654297387961179 -0.046090817762844599 -0.0026074367089262401 0.0086163367347486704 -0.0093446446022079771 0.022662698960787542 -0.011391079273413528 -0.0013691821659449488 -0.04297828921867955 -0.029542854281940631 0.0072290505593021713 0.021853392682176957 -0.013170051989108023 -0.044497009778200695 0.013235271415517978 -0.049862846963935427 0.0043783967000328838 0.011262307505333616 0.020773878764361143 -0.0094554271229675847 -0.025125497771160944 0.018267294471575456 -0.0068100374150607329 -0.00034392968296100771 0.0020524964493233711 -0.0081582098151557151 -0.0094295933255520853 -0.032108272751793267 0.024373667032429668 0.022095456623261976 0.055071806907653814 0.0073247676657985962 0.031245497496504532 0.01518053366244718 0.014804879511621866 0.0071064820732263962 0.010307506349107083 -0.017059106851906279 0.0322719150075787 -0.017798540627043096 0.0092827757399889729 0.0022937412048355701 -0.0044661368926703603 -0.026278498869489981
leaf_weight=82 32 58 68 53 48 55 56 45 49 30 53 37 83 55 75 53 37 54 42 54 139 52 44 31 58 50 42 169 31 41 49 66 30 56 82 43 80 37 106 46 36 33 66 49 138 42 55 32 50 448 31 55 34 34 32 52 40 60 41 41 41 31 30 52 67 55 41 54 36 33 48 39 44 43 36 85 155 35 39 40 41 56 32 164 66 56 57 41 36 43 35 123 55 53 46 30 66 47 44 44 61 49 34 34 54 44 33 31 47 45 31 32 30 35 30 37 52 54 33 32 42 37 30 30 38 45 36
leaf_count=82 32 58 68 53 48 55 56 45 49 30 53 37 83 55 75 53 37 54 42 54 139 52 44 31 58 50 42 169 31 41 49 66 30 56 82 43 80 37 106 46 36 33 66 49 138 42 55 32 50 448 31 55 34 34 32 52 40 60 41 41 41 31 30 52 67 55 41 54 36 33 48 39 44 43 36 85 155 35 39 40 41 56 32 164 66 56 57 41 36 43 35 123 55 53 46 30 66 47 44 44 61 49 34 34 54 44 33 31 47 45 31 32 30 35 30 37 52 54 33 32 42 37 30 30 38 45 36
internal_value=3.1845e-05 -0.0148504 -0.00648538 0.00658542 -0.00408696 0.036717 -0.0368043 -0.0299527 -0.0178718 0.0156346 0.0509116 0.0446189 -0.0239515 -0.0153251 -0.0235215 -0.0411118 0.00107057 -0.00275015 -0.0993107 -0.0414392 0.0354334 0.0204685 -0.0476168 -0.0450636 -0.0503608 -0.0457171 -0.0552508 0.0518629 0.0460762 -0.0462667 -0.0368153 0.0190591 0.0473564 -0.0831915 0.0569537 -0.047521 -0.0531999 -0.041039 -0.0220377 0.00558918 -0.0985105 0.0088995 -0.0443399 -0.06062 0.0213786 -0.0244926 0.0261537 0.0302761 0.0684086 0.0513211 0.00434468 -0.0522055 -0.0327252 -0.0321844 -0.0374919 -0.0253549 -0.0295281 -0.00684095 -8.70353e-05 -0.0412087 -0.0352674 -0.0110201 -0.0117964 -0.0188567 0.0372222 -0.00866068 -0.0105785 -0.0372225 0.0197458 0.017327 0.0153509 -0.00453881 0.0428657 0.0257117 0.0492835 -0.0580108 0.0804152 -0.0516304 0.0126092 0.0227056 -0.0159681 -0.0187408 -0.013748 0.0653879 -0.0533645 0.00305368 0.0147614 -0.00449433 0.0294643 -0.00666703 -0.00897278 -0.0406103 -0.0352907 0.0159773 0.0145137 -0.00693698 -0.0406154 0.0176041 -0.0579812 0.00993255 0.0168523 0.0173126 -0.0146587 -0.0190776 0.0146807 -0.00295825 -0.00546484 -0.00682489 -0.0041255 -0.0134734 -0.0261483 0.0304738 0.0313865 0.0487786 0.00373485 0.0275336 0.0179826 0.0125944 0.00525803 0.00645408 -0.0143575 0.0287088 -0.0220176 0.00646392 0.00459828 -0.00314485 -0.0234031
internal_weight=6935 4934 3743 2616 2074 2001 1127 1017 1300 806 1195 987 1084 783 653 1191 465 131 110 660 341 202 887 834 719 632 435 856 637 301 79 774 542 87 276 267 224 144 304 134 86 386 349 213 716 197 134 222 219 503 317 206 143 447 249 198 77 386 237 217 141 167 115 155 266 357 302 218 82 494 79 338 132 130 68 151 208 76 216 157 146 142 69 194 159 200 337 71 69 269 165 164 137 280 214 136 107 87 93 167 161 80 86 105 115 104 156 123 78 103 109 87 134 79 69 67 84 93 144 103 85 70 64 74 71 80 78
internal_count=6935 4934 3743 2616 2074 2001 1127 1017 1300 806 1195 987 1084 783 653 1191 465 131 110 660 341 202 887 834 719 632 435 856 637 301 79 774 542 87 276 267 224 144 304 134 86 386 349 213 716 197 134 222 219 503 317 206 143 447 249 198 77 386 237 217 141 167 115 155 266 357 302 218 82 494 79 338 132 130 68 151 208 76 216 157 146 142 69 194 159 200 337 71 69 269 165 164 137 280 214 136 107 87 93 167 161 80 86 105 115 104 156 123 78 103 109 87 134 79 69 67 84 93 144 103 85 70 64 74 71 80 78
is_linear=0
shrinkage=0.05


Tree=2
num_leaves=128
num_cat=0
split_feature=9 9 9 9 9 5 9 9 9 9 9 9 9 9 9 7 7 9 6 9 0 9 9 9 9 9 9 9 1 9 9 9 9 9 9 7 7 9 2 9 9 9 2 9 1 3 6 6 9 6 6 9 3 2 9 9 5 2 9 1 1 6 9 9 9 9 2 9 5 9 9 9 6 0 1 3 9 9 9 9 3 0 9 6 6 2 9 0 7 3 9 1 5 2 3 2 3 9 0 0 3 3 9 9 2 5 0 2 6 6 2 2 9 0 6 3 6 2 3 2 8 2 3 2 2 0 2
split_gain=1395.31 397.987 578.942 431.771 239.397 221.024 174.659 98.1018 96.3049 91.0723 84.7776 83.4716 129.74 72.2825 98.3264 96.653 55.1873 48.9498 47.0956 41.6867 31.6748 34.2135 41.1748 37.0233 64.0131 27.6408 35.0166 26.192 20.9957 20.7979 20.0581 19.4702 19.1944 17.7951 17.7775 17.675 20.173 30.6997 15.3182 15.157 12.0696 12.0997 11.0163 10.8964 9.96338 9.46303 8.20081 7.83395 6.97469 6.87945 9.39992 7.59933 6.62529 5.91655 4.96276 4.33319 4.1933 4.18698 4.01411 3.92279 3.65372 4.36389 3.27928 3.26173 3.15586 3.15434 3.01736 2.86767 2.83727 2.78147 2.69345 2.5675 2.51786 2.41059 2.10503 2.07077 1.91661 1.91291 1.9854 1.64247 1.53917 1.45707 1.32865 1.25882 1.2577 1.21766 1.21112 1.16514 1.12489 1.11639 1.04247 1.93135 1.0007 0.983771 0.919691 1.49225 0.916085 0.873114 0.835811 0.826291 0.81614 0.762501 0.613222 0.567575 0.820867 0.478656 0.465343 0.461657 0.460232 0.388929 1.01671 0.338615 0.318606 0.663232 0.31004 0.300654 0.733826 0.276342 0.231772 0.228041 0.207451 0.199328 0.188225 0.17752 0.173013 0.169401 0.163489
threshold=0.73065117001533519 -1.1392327547073362 0.16489368677139285 -0.10666989907622336 -0.75407394766807545 1.0506009459495547 0.21991638094186786 0.5500524938106538 1.1845883131027224 1.2143183350563052 -0.21316542476415631 1.6269885301589968 1.5604287981987002 -0.35959677398204798 -0.42615647614002222 -1.4077746868133543 -1.5748887658119199 1.6003646254539492 0.10028097406029703 0.44000713527202612 0.47445386648178106 -1.6481926441192625 -1.6069256067275999 -1.5106359124183653 -1.4693688750267027 1.102054297924042 1.0195202827453616 1.4539332389831545 -0.63816359639167775 -0.31966094672679896 0.027336971834301952 -1.1117213964462278 -1.3318121433258054 0.12362667545676233 -1.6894596219062803 -0.070860028266906724 -0.8562977910041808 -0.71280694007873524 0.024168025236576799 1.3740616440773012 -1.249278128147125 -1.4556132555007932 0.45853486657142645 0.46751846373081213 -0.90169563889503468 -1.0320318043231962 1.3439886569976809 -1.6409085988998411 -1.1667441129684446 0.16246472299098971 0.34902189671993261 0.24742772430181506 1.0000000180025095e-35 0.56712579727172863 1.5338048934936526 -0.68529558181762684 0.55665695667266857 0.67571672797203075 1.4273093938827517 0.67948076128959667 1.2065384984016421 0.22465144842863086 0.99200892448425304 -0.399532601237297 1.6802362799644472 0.7031398117542268 0.58884355425834667 -0.86411932110786427 -0.73994550108909596 0.3024504035711289 -0.23978930711746213 -0.040110195055603974 1.2818019390106203 0.25791636854410177 0.1524230241775513 1.0000000180025095e-35 -0.080046016722917543 -1.0291873812675474 -0.98792037367820729 -1.5381472110748289 0.23319111764431003 0.17130158096551898 -0.80909663438796986 -0.08627621084451674 -1.1434266567230222 -0.41019880771636957 0.05484831519424916 0.3878390789031983 -1.6918681859970091 0.23319111764431003 -0.63027289509773243 1.0000000180025095e-35 -0.64733111858367909 0.89290067553520214 0.79551240801811229 0.43681606650352484 -0.61029079556465138 -0.90538632869720448 0.25791636854410177 0.21460897475481036 -1.3131957650184629 -1.5943564176559446 0.3299617618322373 0.64811712503433239 -0.62738069891929615 0.71101421117782604 0.27957032620906835 0.32822409272193914 0.65994662046432506 0.5977628529071809 0.54540804028511058 0.34994289278984075 1.2542541623115542 0.3878390789031983 1.0000000180025095e-35 0.5143517702817918 -0.83249902725219715 0.32822409272193914 -0.18854984268546102 0.43681606650352484 -1.8155192732810972 0.67571672797203075 -1.0320318043231962 -0.49707196652889246 0.15447776764631274 0.084686793386936202 0.67571672797203075
decision_type=2 2 2 2 2 2 2 2 2 2 2 2 2 2 2 2 2 2 2 2 2 2 2 2 2 2 2 2 2 2 2 2 2 2 2 2 2 2 2 2 2 2 2 2 2 2 2 2 2 2 2 2 2 2 2 2 2 2 2 2 2 2 2 2 2 2 2 2 2 2 2 2 2 2 2 2 2 2 2 2 2 2 2 2 2 2 2 2 2 2 2 2 2 2 2 2 2 2 2 2 2 2 2 2 2 2 2 2 2 2 2 2 2 2 2 2 2 2 2 2 2 2 2 2 2 2 2
left_child=1 16 3 4 31 8 18 19 25 -10 13 12 27 14 15 55 32 53 -4 49 21 34 47 45 42 26 62 28 75 -15 71 -3 99 86 -18 36 37 52 -28 46 41 -26 -25 -21 68 79 56 -23 84 51 60 -8 -17 -14 -29 -6 -11 63 72 -27 61 -51 -2 -16 -13 66 103 -46 81 -62 121 76 -30 -40 90 -7 -5 118 96 100 -38 115 -69 89 -42 -36 -32 -41 101 106 107 -92 102 108 112 -96 -79 123 -39 -1 -24 -34 -53 104 -9 -48 -12 -57 -68 110 -45 -85 -58 -114 -78 -33 -117 -63 125 -73 -76 -31 -93 -83 -103 -70 -121
right_child=5 2 6 30 10 11 7 65 9 39 83 64 17 29 57 35 20 -19 -20 43 -22 22 23 24 40 59 38 54 58 70 33 44 88 -35 85 -37 80 98 73 87 48 -43 -44 109 67 -47 105 -49 -50 50 -52 92 -54 -55 -56 74 94 -59 -60 -61 69 117 -64 -65 -66 -67 93 82 77 -71 -72 119 -74 -75 120 -77 114 78 -80 -81 -82 97 -84 111 -86 -87 -88 -89 -90 -91 91 122 -94 -95 95 -97 -98 -99 -100 -101 -102 124 -104 -105 -106 -107 -108 -109 -110 -111 -112 -113 113 -115 -116 116 -118 -119 -120 126 -122 -123 -124 -125 -126 -127 -128
leaf_value=-0.040459228617449605 0.05678754766782125 -0.0096594973881650031 -0.12005867754489603 0.032058454345573077 -0.020330142712220552 0.050649416708050121 -0.039800829780206354 -0.012139655735343695 -0.058199791584549278 -0.015625037680356165 0.01454891922531297 0.068321113820586893 -0.013085851007092156 -0.065736833893800084 0.01659459618094843 -0.078714077547192576 -0.046905011905206219 0.033092948638580061 -0.050225814068462799 -0.077413682008193707 -0.081770579647599609 -0.063706109494618746 -0.010147189712016912 -0.11488150728715432 -0.05953060330883149 0.054223969626048252 -0.015233171997390979 0.070169447577974331 0.028887693477528439 -0.040157609323198479 0.05333795001951315 0.01813773502362892 -0.012565644681214905 0.034665003667275117 0.0027400343198209043 -0.01527198939055035 -0.075408953452696575 -0.018695038264521804 0.01194118753903442 0.033410999380672976 -0.062271410708918298 -0.024215757053058881 -0.069587720141691331 -0.059222127361731096 0.018600313175453267 -0.043077216421564424 0.013244442217225254 -0.099310370232607872 -0.034007351522644363 -0.020560623575976596 -0.010721119149820879 -0.017612826134319661 -0.045886412207037208 -0.040873003491135533 0.049843393631831365 0.00015244679476241941 0.008420710314420007 0.0070904450695679494 0.038171174377202993 0.033930466240510729 -0.057664100795376066 -0.034180503071118626 0.035914988249540335 0.034927683023374477 0.083872124993282823 0.0023813595726215817 -0.013190084712749179 0.036139354563277701 0.021632486209273341 -0.037505694322807842 -0.024778901599347591 0.033079346237887795 0.011431824888669603 0.028996607097419531 0.0064592467105285328 0.036389057379409034 0.04058178520202637 0.0080662383072610411 0.017137025082201669 -0.026065083956107116 -0.054960794602670983 0.021819836224970079 0.023939485987648369 0.0037278783716717546 -0.049747682283533379 -0.0096677971288694868 0.066156241913636532 0.019788861888296466 -0.017009365551776307 0.0067783348985310451 -0.01402810298975303 -0.00085784895068389318 -0.023395883485122962 -0.007596316106398316 0.0038728304828206696 -0.0096004046997728038 -0.0031577801773030514 0.017846274809754797 -0.0072119483435075854 -0.030417605536548716 -0.019757382479823522 -0.00112814708951522 -0.0085791896922247767 -0.0011101544905277141 -0.0032445881679131275 0.021704355975976444 0.022618161863647401 -0.0063320050559317071 -0.02066187208590026 -0.045111146893190304 -0.043598678269807033 0.010501015628688038 -0.0011041749169693347 0.0074615962073122238 0.052376925860132498 0.0073490512702846901 0.018172312576034282 -0.044036372029973618 0.012562780091812945 0.021752696940975806 0.00078206511226359434 -0.031474656318173269 -0.0056736710915773567 0.02951291937519003 -0.0056971793890097031 0.01489333650097251 0.02993233859539032
leaf_weight=47 44 58 70 54 49 438 56 49 57 38 73 111 37 78 43 31 36 54 40 58 56 45 68 36 30 125 50 158 41 128 58 129 38 83 30 43 60 38 53 47 67 129 33 65 49 47 42 36 59 42 31 53 44 42 53 64 41 32 51 38 48 38 49 66 114 60 43 114 35 42 55 70 45 36 31 40 49 34 32 38 30 30 39 48 93 55 149 33 33 37 87 41 53 33 47 35 37 52 30 94 36 32 34 53 56 40 31 47 64 68 33 31 46 43 34 31 36 61 33 30 33 32 40 53 61 31 34
leaf_count=47 44 58 70 54 49 438 56 49 57 38 73 111 37 78 43 31 36 54 40 58 56 45 68 36 30 125 50 158 41 128 58 129 38 83 30 43 60 38 53 47 67 129 33 65 49 47 42 36 59 42 31 53 44 42 53 64 41 32 51 38 48 38 49 66 114 60 43 114 35 42 55 70 45 36 31 40 49 34 32 38 30 30 39 48 93 55 149 33 33 37 87 41 53 33 47 35 37 52 30 94 36 32 34 53 56 40 31 47 64 68 33 31 46 43 34 31 36 61 33 30 33 32 40 53 61 31 34
internal_value=0.000280385 -0.0138972 -0.0060158 0.00673607 -0.00361336 0.0350566 -0.0356689 -0.0292714 0.0158021 0.000470935 -0.0166374 0.049082 0.0425676 -0.0222919 -0.0145533 -0.0225598 -0.0390209 -0.00324395 -0.0953462 -0.0403854 -0.04529 -0.0427576 -0.0469104 -0.0425066 -0.05036 0.0339583 0.0227124 0.049939 0.0445635 -0.0435368 0.045691 0.0180925 -0.0205573 0.0549218 -0.0179667 -0.0451701 -0.0505989 -0.0384473 0.00672005 0.00870927 -0.0420704 -0.0312094 -0.0945228 -0.0580937 0.0202926 -0.0237654 0.0039651 -0.0805484 -0.0497781 -0.0316169 -0.0369915 -0.0242812 -0.0603124 -0.028185 0.065323 -0.00656583 -0.00055383 0.0232697 0.0269859 0.0497287 -0.0404555 -0.0348409 0.0462892 0.027912 0.0765365 -0.00804532 -0.0101456 0.0297715 0.0166512 -0.0487724 -0.0352158 0.0356474 0.0199902 0.0190855 -0.00454612 0.0495345 0.0407645 0.0118736 0.00699851 -0.0171169 -0.0692718 0.0195223 0.0332052 0.0116592 -0.0553462 -0.00530762 0.0628383 0.0281055 -0.00884141 0.0144928 -0.00641839 -0.00889422 -0.017835 -0.0154728 0.00220829 -0.00192432 0.00225448 0.0236468 -0.0138069 -0.0340262 -0.0136303 -0.00667056 -0.01422 -0.00535769 -0.00747098 0.017583 0.0171467 -0.00262524 -0.0178091 -0.0509203 -0.0544547 0.00648373 0.0048098 0.00307127 0.0459795 0.0165759 0.0133463 -0.0406329 0.0168249 0.0301526 0.00358902 -0.0386273 -0.00327622 0.0270251 -0.00415377 0.0187367 0.0264918
internal_weight=7073 5025 3826 2676 2115 2048 1150 1040 864 469 1322 1184 959 1102 809 668 1199 133 110 682 894 838 717 636 447 395 232 826 615 293 561 793 305 290 121 276 233 143 139 412 378 159 69 224 735 189 332 81 219 458 262 196 75 79 211 392 250 141 137 163 231 141 93 109 225 358 298 202 533 90 215 271 86 89 343 478 137 202 103 142 90 331 153 220 160 85 207 80 164 141 279 168 140 140 212 82 71 135 68 141 104 131 87 158 105 82 104 111 107 166 98 79 130 89 83 196 67 99 99 134 64 160 81 83 93 66 64
internal_count=7073 5025 3826 2676 2115 2048 1150 1040 864 469 1322 1184 959 1102 809 668 1199 133 110 682 894 838 717 636 447 395 232 826 615 293 561 793 305 290 121 276 233 143 139 412 378 159 69 224 735 189 332 81 219 458 262 196 75 79 211 392 250 141 137 163 231 141 93 109 225 358 298 202 533 90 215 271 86 89 343 478 137 202 103 142 90 331 153 220 160 85 207 80 164 141 279 168 140 140 212 82 71 135 68 141 104 131 87 158 105 82 104 111 107 166 98 79 130 89 83 196 67 99 99 134 64 160 81 83 93 66 64
is_linear=0
shrinkage=0.05


Tree=3
num_leaves=128
num_cat=0
split_feature=9 9 9 9 9 5 9 9 9 9 9 9 9 9 9 7 7 9 9 9 5 9 9 9 9 9 9 9 9 9 9 9 5 9 9 2 2 7 7 9 2 9 9 9 3 9 1 9 1 5 2 9 9 1 9 2 4 9 9 9 5 9 3 2 9 9 9 9 2 9 2 2 4 7 9 0 2 0 0 9 1 4 4 7 9 9 9 0 2 9 2 2 0 2 0 3 7 3 2 3 2 2 4 3 2 4 9 3 5 0 0 0 9 9 7 0 1 0 2 3 4 3 4 8 3 2 5
split_gain=1258.03 357.964 533.753 372.668 215.708 191.216 181.816 86.7362 79.2406 74.2326 72.0777 70.9425 109.348 69.4952 90.4229 86.6011 49.8841 44.7306 37.3814 34.0152 26.7114 25.9677 28.3626 24.7881 22.6366 20.8242 34.486 38.8737 63.9171 19.2458 18.273 17.0533 16.0299 15.8422 15.7126 13.6084 13.1522 12.8193 17.797 30.9812 12.2657 11.7464 11.2056 8.92153 7.27251 6.62326 6.4859 6.36794 5.93693 5.49195 5.16047 5.03754 4.92803 4.8934 4.24331 3.63551 3.569 3.15006 11.0992 7.74597 5.31076 2.98763 2.63074 2.50324 2.71764 2.48959 2.42862 2.38934 2.34034 2.32974 2.26404 2.26192 2.23288 2.08601 2.0554 2.05332 1.7905 1.77444 1.77089 1.7424 1.60576 1.57926 1.55731 1.50663 1.57402 1.49289 1.38457 1.1189 1.05581 0.95098 0.940185 0.938229 0.873323 0.84627 0.745572 0.607619 0.59695 0.564947 0.542065 0.541538 1.0274 0.534735 0.495332 0.47988 0.451512 0.424094 0.420131 0.992802 0.420003 0.320653 0.29296 0.405681 0.284356 0.899122 0.272968 0.272057 0.268963 0.249572 0.240561 0.224256 0.201087 0.190491 0.141806 0.130373 0.115808 0.113589 0.0837782
threshold=0.73065117001533519 -1.1392327547073362 0.16489368677139285 -0.10666989907622336 -0.75407394766807545 1.0197294950485232 0.21991638094186786 0.5500524938106538 -0.21316542476415631 1.1845883131027224 1.2143183350563052 1.6269885301589968 1.5604287981987002 -0.35959677398204798 -0.42615647614002222 -1.4244858622550962 -1.5916000008583067 1.6003646254539492 0.44000713527202612 -1.7169709801673887 -0.89430275559425343 1.102054297924042 1.0195202827453616 1.4539332389831545 1.0057646036148074 -1.6481926441192625 -1.6069256067275999 -1.5106359124183653 -1.4693688750267027 -0.31966094672679896 -1.6894596219062803 0.027336971834301952 -0.67820259928703297 0.12362667545676233 -1.3318121433258054 0.024168025236576799 0.50197042524814617 -0.070860028266906724 -0.8562977910041808 -0.71280694007873524 0.21963211894035342 -1.249278128147125 1.3740616440773012 0.46751846373081213 -1.0320318043231962 0.75816252827644359 -0.37463472038507456 -1.1667441129684446 -0.90169563889503468 0.55665695667266857 0.56712579727172863 1.4273093938827517 -1.1117213964462278 0.67948076128959667 1.5338048934936526 0.93633723258972179 -0.60545364022254933 0.3162060827016831 0.27493907511234289 0.24742772430181506 -0.24600152671337125 0.41249577701091772 1.0000000180025095e-35 0.65399897098541271 -0.399532601237297 -0.23978930711746213 -0.040110195055603974 0.7031398117542268 0.58884355425834667 0.99200892448425304 0.80602750182151806 0.045885797590017326 -0.67232638597488392 -1.1905260086059568 1.6802362799644472 0.30122427642345434 -0.12786052748560903 0.17130158096551898 0.25791636854410177 -0.080046016722917543 1.4700673818588259 -1.1438745856285093 1.0442760586738589 -1.5080429315567014 -0.63027289509773243 -1.0291873812675474 -1.5381472110748289 0.30122427642345434 -0.67081829905509938 0.05484831519424916 0.19791434705257419 0.89290067553520214 0.36618536710739141 -0.040987364016473286 0.19295527786016467 -1.3131957650184629 -1.8924056887626646 -0.89145144820213307 1.0000000180025095e-35 0.3737714439630509 0.56712579727172863 0.32822409272193914 -0.066345751285552965 -0.61029079556465138 0.50197042524814617 -0.50411303341388691 -0.90538632869720448 0.5143517702817918 -0.40035878121852869 0.27957032620906835 0.25791636854410177 0.21460897475481036 -0.97416469454765309 -1.0291873812675474 -0.88972023129463185 0.32287797331810003 1.0000000180025095e-35 0.36618536710739141 -0.10614171624183653 -0.46971046924591059 -0.40346042811870569 -1.172612130641937 -0.16768633574247357 -1.0245677828788755 -0.46971046924591059 0.52368924021720897 -0.49297311902046198
decision_type=2 2 2 2 2 2 2 2 2 2 2 2 2 2 2 2 2 2 2 2 2 2 2 2 2 2 2 2 2 2 2 2 2 2 2 2 2 2 2 2 2 2 2 2 2 2 2 2 2 2 2 2 2 2 2 2 2 2 2 2 2 2 2 2 2 2 2 2 2 2 2 2 2 2 2 2 2 2 2 2 2 2 2 2 2 2 2 2 2 2 2 2 2 2 2 2 2 2 2 2 2 2 2 2 2 2 2 2 2 2 2 2 2 2 2 2 2 2 2 2 2 2 2 2 2 2 2
left_child=1 16 3 4 32 9 20 18 13 21 -11 12 23 14 15 56 34 50 57 -18 -4 22 69 24 45 30 62 44 36 -15 -21 66 48 89 87 -24 -29 38 39 40 -17 46 49 -20 86 -7 126 72 77 -12 -14 70 -34 -23 -25 71 96 58 59 -8 90 104 -27 64 -16 116 79 68 97 -2 -26 80 -43 -50 -13 -60 -41 106 -37 -5 -51 -10 99 84 -58 120 95 -1 -79 -33 -59 110 -44 -32 121 122 -6 115 -45 -73 -101 102 -83 -92 -62 -90 107 112 -96 -68 111 -70 113 -3 123 -9 -31 -99 -98 -120 -54 -36 -28 -75 -86 -108 -30
right_child=5 2 6 31 8 11 7 67 81 10 42 74 17 29 63 37 19 -19 43 25 -22 53 35 54 51 26 27 28 41 65 93 33 52 -35 94 78 -38 -39 -40 76 -42 47 92 98 -46 -47 -48 -49 73 55 -52 -53 85 -55 -56 -57 83 60 75 -61 61 -63 -64 -65 -66 -67 109 -69 91 -71 -72 82 -74 114 -76 -77 -78 88 -80 -81 -82 101 -84 -85 124 -87 -88 -89 105 -91 103 -93 -94 -95 108 -97 118 117 -100 100 -102 -103 -104 -105 -106 -107 125 -109 -110 -111 -112 -113 -114 -115 -116 -117 -118 -119 119 -121 -122 -123 -124 -125 -126 -127 -128
leaf_value=-0.036461037198702494 0.054973263485091073 0.017197117756586524 -0.1135476602573101 0.030319222175287753 0.0030163660628666732 0.029107914527632159 -0.037614563893188131 -0.010812473385189862 0.019298658720575845 -0.054565342744955649 -0.01293680197786449 0.065201064974069606 -0.01274908997763235 -0.062607393315039492 0.01599772565421604 -0.080931362424577991 -0.094538900069892406 0.032207563725699273 -0.073592980883338238 -0.043999903366483489 -0.059399437475949529 0.052215185888812077 -0.01496361842751503 0.066569857233725258 0.0092775124727803131 -0.064363715369650659 -0.01240271516972118 -0.10585851347446443 -0.02622759052298286 -0.032007151240842385 -0.00048467662897618376 0.050603936612606051 -0.0085561815683137289 0.033267792766348697 -0.0015988211852827055 0.011022097468578622 -0.060613415638605755 -0.015860186810264503 -0.065936552544674246 -0.0043109984602779155 -0.039767613881168534 -0.059846870659233692 0.032903170856562532 -0.054593927313142748 -0.040232566956962861 0.048984905099190568 -0.048568739124706814 -0.032096179233769243 0.015841192577147122 0.0021236387141415794 -0.038980427086353304 0.03614990822970867 0.017490591070215618 0.029312078224029394 0.047073269009590149 0.018205075205557725 -0.0039082739281344828 -0.023013495947969587 -0.060136457160115245 -0.011034398524347566 -0.032746734264595755 -0.022016837836749723 -0.089083243949072702 0.010479818005114794 0.033091711794788189 -0.023739336772788583 0.026103946913291917 0.0017384450694184778 -0.014160138089209795 0.034275498476467638 0.025545816438971088 -0.0017761866041623494 -0.045757633285677952 0.027864167767648513 0.079403460248608462 -0.040996991709939076 -0.019958357294198387 0.015600859866562214 0.026130281427973197 0.043894052241421955 0.01678333699035094 0.0091093861122558614 -0.0075061442216651317 -0.020735621589119548 -0.010724607626757315 0.0035654004395473749 -0.024732093493907883 -0.025096578728787757 0.029862723365808148 0.062770954739275603 -0.016893576097584542 -0.0072206662176176918 0.019975125768946278 -0.011144837988323945 -0.014792211568241731 -0.018623985116107342 0.00047692323056061896 0.001084156456293867 -0.04509797681362257 0.00027309370499740287 0.0118399939801846 0.011805899009354167 0.00091811022270591033 -0.0075555149946481956 -0.042969620118780832 0.021646490499979871 0.020346075565450723 0.0048323544703664321 -0.0069095528656334592 0.033586149774491786 -0.012365325598227906 -0.022599844473439296 0.018914434366992541 0.0074270781053793304 0.02431727711330442 -0.0048227060414654651 -0.039431639313697815 -0.004796785632005105 -0.0018550847330605427 -0.0066917825261043618 0.010962349138571881 -0.0066865346394479278 -0.0073795371718945041 0.03441548585137235 -0.015845212520410618 0.015169800559265745 -0.021282538010402481
leaf_weight=74 34 61 72 52 60 52 54 45 51 51 40 99 38 82 41 34 31 55 54 57 39 116 49 158 50 46 44 49 54 56 33 55 54 88 33 45 32 40 82 33 46 76 32 66 41 456 34 58 32 32 39 55 34 35 49 54 84 37 31 57 57 56 34 33 65 55 100 52 38 37 39 33 91 51 106 55 42 54 37 78 45 48 44 31 30 59 38 48 38 138 30 39 35 42 44 38 37 33 108 40 36 90 30 30 40 67 44 30 32 39 40 36 41 42 33 37 104 38 50 47 31 43 30 78 44 44 71
leaf_count=74 34 61 72 52 60 52 54 45 51 51 40 99 38 82 41 34 31 55 54 57 39 116 49 158 50 46 44 49 54 56 33 55 54 88 33 45 32 40 82 33 46 76 32 66 41 456 34 58 32 32 39 55 34 35 49 54 84 37 31 57 57 56 34 33 65 55 100 52 38 37 39 33 91 51 106 55 42 54 37 78 45 48 44 31 30 59 38 48 38 138 30 39 35 42 44 38 37 33 108 40 36 90 30 30 40 67 44 30 32 39 40 36 41 42 33 37 104 38 50 47 31 43 30 78 44 44 71
internal_value=-0.000132214 -0.0135742 -0.00612039 0.00617172 -0.00339673 0.0334459 -0.0346607 -0.0280672 -0.0158131 0.014415 0.000748544 0.0460735 0.0404573 -0.0212969 -0.0135902 -0.0213077 -0.0377083 -0.00190081 -0.0386073 -0.0434034 -0.0952228 0.0314766 0.0195976 0.046961 0.042034 -0.0414704 -0.0447626 -0.0408631 -0.0486685 -0.0419146 -0.022915 0.0427846 0.0171867 0.0514887 -0.0189329 0.00569535 -0.0889411 -0.042552 -0.0469714 -0.0365799 -0.0580454 -0.0399646 0.00808419 -0.0551139 -0.021706 0.0470114 -0.0292173 -0.0473964 0.0210064 0.00419721 -0.0263645 0.0242716 0.00394581 0.0471343 0.0622032 0.00664738 -0.00587222 -0.0300836 -0.0349949 -0.0241857 -0.0260895 -0.0319222 -0.0758396 0.0229448 0.0266912 -0.0337691 0.0335352 -0.00814194 -0.00982115 0.044813 0.016611 0.00386677 -0.0524876 0.0282939 0.0728945 -0.048508 -0.0132208 0.0175893 0.0180719 0.038737 0.0107963 0.0116031 0.000331882 -0.0107434 -0.00866478 0.00941512 -0.0164091 -0.0322302 0.0218416 0.0595824 -0.0166575 -0.0141834 0.0265428 -0.00652246 -0.00811916 -0.0133914 -0.00109586 -0.00539513 -0.0489913 0.00353533 0.00583476 0.00916662 0.0060104 -0.0124249 -0.0373578 0.0248737 0.0149354 0.0133131 -0.011606 0.0284282 -0.0164819 -0.0185125 0.0150344 0.0133229 0.0306414 -0.00820044 -0.037048 -0.0020863 -0.00294587 -0.00424301 0.0145904 -0.00452685 -0.0104918 0.0320597 -0.01394 0.0179575 -0.02361
internal_weight=6966 4975 3802 2658 2108 1991 1144 1033 1315 795 442 1196 991 1096 799 660 1173 132 675 899 111 353 202 859 652 868 736 656 465 297 132 550 793 281 274 131 81 277 237 155 80 384 391 228 191 508 159 225 615 324 77 144 178 151 207 284 383 447 197 111 250 153 80 139 106 215 269 358 306 71 89 230 167 194 205 86 75 421 82 130 77 219 153 189 158 124 150 122 159 193 97 153 67 75 152 112 194 153 174 109 76 168 78 60 97 105 262 174 76 139 114 74 144 103 162 82 160 71 134 97 65 76 74 129 74 88 125
internal_count=6966 4975 3802 2658 2108 1991 1144 1033 1315 795 442 1196 991 1096 799 660 1173 132 675 899 111 353 202 859 652 868 736 656 465 297 132 550 793 281 274 131 81 277 237 155 80 384 391 228 191 508 159 225 615 324 77 144 178 151 207 284 383 447 197 111 250 153 80 139 106 215 269 358 306 71 89 230 167 194 205 86 75 421 82 130 77 219 153 189 158 124 150 122 159 193 97 153 67 75 152 112 194 153 174 109 76 168 78 60 97 105 262 174 76 139 114 74 144 103 162 82 160 71 134 97 65 76 74 129 74 88 125
is_linear=0
shrinkage=0.05


end of trees

feature_importances:
Column_9=241
Column_2=76
Column_0=37
Column_3=32
Column_6=32
Column_5=25
Column_1=21
Column_4=20
Column_7=20
Column_8=4

parameters:
[boosting: gbdt]
[objective: regression]
[metric: l2]
[tree_learner: serial]
[device_type: cpu]
[data_sample_strategy: bagging]
[data: ]
[valid: ]
[num_iterations: 600]
[learning_rate: 0.05]
[num_leaves: 128]
[num_threads: 16]
[seed: 2023]
[deterministic: 0]
[force_col_wise: 0]
[force_row_wise: 0]
[histogram_pool_size: -1]
[max_depth: 20]
[min_data_in_leaf: 30]
[min_sum_hessian_in_leaf: 0.001]
[bagging_fraction: 0.9]
[pos_bagging_fraction: 1]
[neg_bagging_fraction: 1]
[bagging_freq: 1]
[bagging_seed: 26561]
[bagging_by_query: 0]
[feature_fraction: 0.85]
[feature_fraction_bynode: 1]
[feature_fraction_seed: 22040]
[extra_trees: 0]
[extra_seed: 25715]
[early_stopping_round: 0]
[early_stopping_min_delta: 0]
[first_metric_only: 0]
[max_delta_step: 0]
[lambda_l1: 0]
[lambda_l2: 1]
[linear_lambda: 0]
[min_gain_to_split: 0]
[drop_rate: 0.1]
[max_drop: 50]
[skip_drop: 0.5]
[xgboost_dart_mode: 0]
[uniform_drop: 0]
[drop_seed: 17353]
[top_rate: 0.2]
[other_rate: 0.1]
[min_data_per_group: 100]
[max_cat_threshold: 32]
[cat_l2: 10]
[cat_smooth: 10]
[max_cat_to_onehot: 4]
[top_k: 20]
[monotone_constraints: ]
[monotone_constraints_method: basic]
[monotone_penalty: 0]
[feature_contri: ]
[forcedsplits_filename: ]
[refit_decay_rate: 0.9]
[cegb_tradeoff: 1]
[cegb_penalty_split: 0]
[cegb_penalty_feature_lazy: ]
[cegb_penalty_feature_coupled: ]
[path_smooth: 0]
[interaction_constraints: ]
[verbosity: 1]
[saved_feature_importance_type: 0]
[use_quantized_grad: 0]
[num_grad_quant_bins: 4]
[quant_train_renew_leaf: 0]
[stochastic_rounding: 1]
[linear_tree: 0]
[max_bin: 255]
[max_bin_by_feature: ]
[min_data_in_bin: 3]
[bin_construct_sample_cnt: 200000]
[data_random_seed: 6644]
[is_enable_sparse: 1]
[enable_bundle: 1]
[use_missing: 1]
[zero_as_missing: 0]
[feature_pre_filter: 1]
[pre_partition: 0]
[two_round: 0]
[header: 0]
[label_column: ]
[weight_column: ]
[group_column: ]
[ignore_column: ]
[categorical_feature: ]
[forcedbins_filename: ]
[precise_float_parser: 0]
[parser_config_file: ]
[objective_seed: 2023]
[num_class: 1]
[is_unbalance: 0]
[scale_pos_weight: 1]
[sigmoid: 1]
[boost_from_average: 1]
[reg_sqrt: 0]
[alpha: 0.9]
[fair_c: 1]
[poisson_max_delta_step: 0.7]
[tweedie_variance_power: 1.5]
[lambdarank_truncation_level: 30]
[lambdarank_norm: 1]
[label_gain: ]
[lambdarank_position_bias_regularization: 0]
[eval_at: ]
[multi_error_top_k: 1]
[auc_mu_weights: ]
[num_machines: 1]
[local_listen_port: 12400]
[time_out: 120]
[machine_list_filename: ]
[machines: ]
[gpu_platform_id: -1]
[gpu_device_id: -1]
[gpu_use_dp: 0]
[num_gpu: 1]

end of parameters

pandas_categorical:null
