tree
version=v4
num_class=1
num_tree_per_iteration=1
label_index=0
max_feature_idx=9
objective=regression
feature_names=Column_0 Column_1 Column_2 Column_3 Column_4 Column_5 Column_6 Column_7 Column_8 Column_9
feature_infos=[-4.9281487464904785:0.63685661554336548] [-2.6146364212036133:3.7100627422332764] [-5.1990861892700195:1.272971510887146] [-2.2269694805145264:2.5527749061584473] [-5.5711894035339355:1.3641557693481445] [-1.9902403354644775:2.1465384960174561] [-1.982926607131958:1.6860036849975586] [-2.3018357753753662:1.4582350254058838] [-2.4405524730682373:1.9915002584457397] [-1.7305047512054443:1.7332621812820435]
tree_sizes=11448 11489 11522 11455

Tree=0
num_leaves=128
num_cat=0
split_feature=9 9 9 9 9 5 9 9 9 9 9 9 9 9 9 5 9 3 8 9 9 0 9 9 9 9 9 9 2 9 9 9 9 9 9 9 2 9 9 9 9 9 2 9 9 2 9 9 2 1 4 9 9 9 6 2 9 9 2 3 6 9 6 9 2 9 9 4 9 9 9 9 9 9 9 2 5 2 4 5 3 9 9 9 9 0 9 9 9 9 2 3 4 9 9 4 0 9 9 9 0 8 3 2 2 9 0 9 8 9 2 2 4 0 6 2 3 9 9 9 0 3 9 2 9 1 6
split_gain=1736.11 494.492 699.705 516.887 290.559 254.885 218.647 114.968 105.76 98.6626 98.383 152.133 94.6675 90.7776 117.724 99.2694 60.9378 58.6576 56.5491 50.6776 46.5297 43.0774 53.2281 48.2122 54.2907 70.7 37.1668 33.1033 30.5724 30.5006 29.3077 27.3748 24.7345 24.6275 22.2501 20.3967 19.0706 16.9216 47.0136 35.6032 16.8904 16.8856 16.8605 16.6262 26.348 15.5867 13.0418 12.2569 11.8175 11.7172 11.3951 10.7214 10.5194 9.59759 9.00937 8.333 7.89267 7.59482 7.35034 8.34499 7.08533 11.5391 13.5982 9.80411 6.52713 6.02341 5.01993 4.69218 4.43927 3.76195 3.76188 3.71472 3.4822 3.4484 4.66668 3.41191 3.30572 3.30202 8.23127 3.22447 2.96768 3.75134 2.94981 2.9357 2.92819 2.82525 2.80666 2.7401 2.6857 2.64953 2.64327 2.63174 2.47049 2.35496 2.30666 2.16793 2.13698 2.01109 1.81343 3.05504 1.79565 1.78532 1.74464 1.70645 1.69771 1.67434 1.6589 1.58793 1.37786 1.34234 1.30423 1.21214 1.21059 1.19788 1.18335 1.14474 1.07888 1.05467 1.04472 1.01143 0.988532 0.963116 0.943709 0.917365 0.879336 0.871823 0.843368
threshold=0.73065117001533519 -1.1392327547073362 0.16489368677139285 -0.10666989907622336 -0.75407394766807545 1.0197294950485232 0.21991638094186786 0.5500524938106538 -0.21316542476415631 0.17864936590194705 1.6269885301589968 1.5604287981987002 1.1708326339721682 -0.35959677398204798 -0.42615647614002222 -1.3265030980110166 1.6003646254539492 1.9201549887657168 -1.3927702903747556 0.44000713527202612 1.102054297924042 0.45280016958713537 -1.6481926441192625 -1.6069256067275999 -1.5106359124183653 -1.4693688750267027 1.0195202827453616 1.4539332389831545 0.41509725153446203 0.99200892448425304 1.1845883131027224 -0.31966094672679896 -1.1117213964462278 0.027336971834301952 0.12362667545676233 -1.6344369649887083 0.024168025236576799 -0.71280694007873524 -0.49271617829799647 -0.45278035104274744 1.5471168756484988 1.3740616440773012 0.48025263845920568 -1.249278128147125 -1.3318121433258054 0.26306973397731787 0.46751846373081213 -1.6894596219062803 0.17619657516479495 -0.90169563889503468 -0.67232638597488392 -0.69905126094818104 -1.5931699275970457 0.75816252827644359 1.3439886569976809 0.56712579727172863 -1.4556132555007932 1.4406213760375979 0.41509725153446203 0.3737714439630509 0.16246472299098971 0.27493907511234289 0.34902189671993261 0.24742772430181506 -0.95315605401992787 -1.249278128147125 0.3024504035711289 -0.80744788050651539 -0.399532601237297 -0.22647736221551892 1.0882986783981325 -0.43946841359138483 0.7031398117542268 -0.86411932110786427 -0.78158527612686146 0.58884355425834667 0.55665695667266857 0.024168025236576799 1.1456176638603213 -0.73994550108909596 1.4984139800071719 1.1979002952575686 0.99200892448425304 -0.040110195055603974 -1.5381472110748289 0.21460897475481036 1.6536123752593996 -0.58900588750839222 1.6136765480041506 -0.68529558181762684 -1.5612686872482298 -0.18854984268546102 -0.94188034534454335 -0.093357957899570451 -0.63027289509773243 -1.1438745856285093 0.17130158096551898 -0.72656258940696705 -1.0154317021369932 -0.98792037367820729 0.36618536710739141 0.24367918819189074 0.092610801570117487 0.89290067553520214 -0.58394512534141529 0.05484831519424916 0.47445386648178106 -1.125477075576782 0.46187606453895574 1.0332759618759157 0.69743552803993236 0.93633723258972179 -0.40346042811870569 0.43114647269248968 0.65994662046432506 0.30650527775287634 -0.89145144820213307 0.23367205262184146 -1.1667441129684446 0.3299617618322373 0.30122427642345434 -1.4537760615348814 -0.11998183652758597 1.0000000180025095e-35 -1.1667441129684446 1.4700673818588259 0.72213333845138561
decision_type=2 2 2 2 2 2 2 2 2 2 2 2 2 2 2 2 2 2 2 2 2 2 2 2 2 2 2 2 2 2 2 2 2 2 2 2 2 2 2 2 2 2 2 2 2 2 2 2 2 2 2 2 2 2 2 2 2 2 2 2 2 2 2 2 2 2 2 2 2 2 2 2 2 2 2 2 2 2 2 2 2 2 2 2 2 2 2 2 2 2 2 2 2 2 2 2 2 2 2 2 2 2 2 2 2 2 2 2 2 2 2 2 2 2 2 2 2 2 2 2 2 2 2 2 2 2 2
left_child=1 18 3 4 32 12 9 19 13 28 11 27 20 14 15 51 55 41 43 60 26 22 47 35 52 42 82 29 -4 53 -19 -15 107 83 105 -24 90 45 89 -40 -29 54 -26 44 121 -17 -21 102 -42 79 92 85 -25 126 76 125 -52 77 59 -11 63 -62 66 117 -23 -58 -63 68 -16 110 109 -41 75 -51 -75 106 100 78 -31 96 -78 -82 -2 93 -54 -6 -12 94 -18 -39 -28 -37 -27 -5 -53 -10 -34 -47 -81 -100 -14 -56 -20 -77 -49 -35 -9 -3 -79 -38 -33 -43 -98 -46 123 -68 -65 -8 -45 -118 -32 -1 -97 -48 -67 -13 -7
right_child=5 2 6 33 8 10 7 72 95 58 86 16 17 31 67 37 88 30 21 46 -22 64 23 24 25 50 36 40 -30 57 120 69 49 34 -36 91 70 38 39 71 48 111 -44 118 113 97 114 104 -50 73 56 87 84 -55 101 -57 65 -59 -60 -61 61 62 -64 116 -66 124 115 -69 -70 -71 -72 -73 -74 74 -76 103 80 108 -80 98 81 -83 -84 -85 -86 -87 -88 -89 -90 -91 -92 -93 -94 -95 -96 122 112 -99 99 -101 -102 -103 -104 -105 -106 -107 -108 -109 -110 -111 -112 -113 -114 -115 -116 -117 119 -119 -120 -121 -122 -123 -124 -125 -126 -127 -128
leaf_value=-0.019759972365396446 0.063822963320064777 -0.018333795083665328 -0.093522349423411158 0.029223670934097591 -0.057849594561319391 0.021684110922294633 -0.053113327395615202 -0.0077461052303077456 0.022506310490713152 -0.15720233417719326 0.070171575666626212 -0.020917885539419156 -0.022941051578998402 -0.073778135177192325 0.018059127212644174 -0.092583465139004117 0.025110990539391167 0.021993981253484587 -0.056691476773914902 -0.086861505808896289 0.059787518595722809 -0.067872128768227444 -0.051932372919417644 -0.055026677774640695 -0.12625487513512096 -0.038791557048533508 0.0042290703829902174 0.077128868802878517 0.0090032736600421191 0.029011757558033497 -0.053348534388153089 -0.044222288496793723 0.017978618345244751 0.059102426531697845 0.038160582878373366 -0.07535133557686928 0.0049714545914254791 -0.031885477162809678 -0.079025518108603601 -0.037354580753961648 -0.0039364927143289421 0.026312957772730891 -0.073590351447493402 -0.054772015464005099 -0.0063853214539284636 -0.032877003051784856 -0.06560967319118409 0.0044464216078845421 0.060560058406822076 0.020011804935604501 -0.065762535504199304 -0.0041513728459770163 -0.016013499953972422 0.057282728568852567 0.020761070994240172 -0.045352209082938459 -0.028203708998307337 0.053240086663070105 -0.1533528049505723 -0.097425607031566844 -0.008047662902515797 -0.062125292557839447 -0.011609873017319876 -0.024964118666065217 -0.10425688575720665 -0.053063636461677485 -0.036746048994449415 -0.00017810182084985034 0.037927468386722819 -0.02035086904723454 0.036727518975152459 -0.0097679918580474701 0.0018720430170945648 0.039383119793947367 0.0083896520766643442 -0.020164130188973197 0.0041017680038695041 0.017043605469260256 -0.020587546239386086 0.017448544520209705 0.0090824643956496209 -0.025690429058370219 0.039845042213856714 0.033697709851382339 -0.030624853543139725 -0.022325189851011298 0.088577835212809861 0.00050923583483652014 0.048749012177044658 -0.0081107525548615705 -0.023030093845969445 -0.11546085360531021 -0.070003705262634996 0.048744818557766904 -0.015064044744129737 0.011959201312977919 0.030292132224616599 -0.057997452538904766 -0.00032849191985346915 0.018925620065291641 0.0022303694011434035 -0.0015472820707044341 -0.029258663179176275 -0.0078345630774060634 -0.010999769784896205 0.073934259423200754 0.012460434876954063 -0.0022367625010827207 0.032014119979170738 0.020128897998865556 -0.032363773230749016 0.043131145838203808 0.019765775760699451 -0.018861518532562998 -0.041005343386618827 -0.047822832592275967 -0.019688705718445772 -0.035135345458272529 -0.036559982073006259 -0.0076332567940873147 -0.077988529177206001 -0.03818110579210323 0.0015597414049464773 -0.053061097687115089 -0.038237720884294814 -0.005906195026051898 0.03840428247021279
leaf_weight=10.999999999999998 32 31 10.000000000000002 25 10.000000000000002 14.999999999999998 27 151 48 10.999999999999998 55 18 22 79 53 33 28 11.999999999999998 14.000000000000002 51 135 33 29 26 39 11.999999999999998 10.999999999999998 188 21 20 26 142 199 57 82 13.999999999999998 26 12.999999999999998 79 26 12.000000000000002 48 35 49 135 24 60 24 15.999999999999998 45 29 121 110 443 76 41 100 26 35 41 26 53 30 58 38 46 72 14.999999999999998 68 27 26 24 57 137 13.999999999999998 110 188 25 12.999999999999998 112 12.000000000000002 19 36 142 53 15.999999999999998 160 140 28 81 40 41 58 102 81 146 85 19 50 34 9.9999999999999982 9.9999999999999982 17 40 63 141 9.9999999999999982 30 68 35 46 19 54 22 22 79 51 28 21 29 17 150 26 88 34 22 43
leaf_count=11 32 31 10 25 10 15 27 151 48 11 55 18 22 79 53 33 28 12 14 51 135 33 29 26 39 12 11 188 21 20 26 142 199 57 82 14 26 13 79 26 12 48 35 49 135 24 60 24 16 45 29 121 110 443 76 41 100 26 35 41 26 53 30 58 38 46 72 15 68 27 26 24 57 137 14 110 188 25 13 112 12 19 36 142 53 16 160 140 28 81 40 41 58 102 81 146 85 19 50 34 10 10 17 40 63 141 10 30 68 35 46 19 54 22 22 79 51 28 21 29 17 150 26 88 34 22 43
internal_value=-2.30577e-05 -0.0157765 -0.00696182 0.00718482 -0.00407585 0.0390956 -0.0393432 -0.031973 -0.0184571 -0.103611 0.0534624 0.0468127 0.0171288 -0.0247991 -0.0160603 -0.0247033 -0.00214592 0.00228617 -0.0437155 -0.044232 0.0370425 -0.0512081 -0.0475331 -0.053337 -0.0477066 -0.0592873 0.02192 0.0545248 -0.0259586 0.0487475 -0.0456836 -0.0485321 0.0198618 0.0503513 0.0608325 -0.0886776 0.00688508 -0.0460534 -0.0387781 -0.0582678 0.0716853 0.00891339 -0.102659 -0.0278859 -0.0228987 -0.0666196 -0.0638944 -0.0165534 0.0337361 0.0224166 -0.0474581 -0.00727857 -0.0258787 0.0547216 0.00431351 -0.0297326 -0.0412084 0.0288275 -0.130671 -0.112798 -0.0345199 -0.040001 -0.043502 -0.026968 -0.0885232 -0.036911 -0.0481125 0.0261995 0.0294442 -0.038957 0.0210285 -0.0245642 -0.00946125 0.0328998 0.0365837 -0.0115378 -0.000490534 0.0234105 0.00944179 0.0185146 0.00172498 -0.0123668 0.0518902 0.0392567 -0.0209222 -0.037625 0.0842159 -0.00486857 0.0375779 -0.0116998 -0.0171824 -0.106779 -0.0652748 0.0451604 -0.0085799 0.0131354 0.0214984 -0.0450426 0.0132859 0.0075958 -0.0152458 0.0181791 -0.0430321 -0.0169499 -0.00673665 0.0699829 -0.00642187 -0.010581 0.0282139 0.0138527 -0.0415073 0.0316464 0.0263731 -0.00824189 -0.0565366 -0.0428177 -0.0196093 -0.0447518 -0.0499003 -0.0154668 -0.064641 -0.0370523 0.0104053 -0.0585546 -0.0473125 -0.0130069 0.0345209
internal_weight=7041 5020 3817 2657 2108 2021 1160 1042 1317 118 1221 1006 800 1097 803 667 137 459 1203 674 341 815 744 626 542 353 206 869 31 653 55 294 791 549 280 84 138 299 223 129 216 404 74 388 318 76 221 118 28 730 279 368 189 501 337 81 209 152 87 52 453 260 234 193 71 180 204 136 121 215 87 50 368 196 151 311 251 126 33 534 219 31 68 269 163 26 215 342 56 94 51 55 70 127 202 220 338 43 196 84 32 86 31 150 87 198 161 61 93 61 188 67 139 157 170 151 138 55 70 80 43 161 172 148 80 40 58
internal_count=7041 5020 3817 2657 2108 2021 1160 1042 1317 118 1221 1006 800 1097 803 667 137 459 1203 674 341 815 744 626 542 353 206 869 31 653 55 294 791 549 280 84 138 299 223 129 216 404 74 388 318 76 221 118 28 730 279 368 189 501 337 81 209 152 87 52 453 260 234 193 71 180 204 136 121 215 87 50 368 196 151 311 251 126 33 534 219 31 68 269 163 26 215 342 56 94 51 55 70 127 202 220 338 43 196 84 32 86 31 150 87 198 161 61 93 61 188 67 139 157 170 151 138 55 70 80 43 161 172 148 80 40 58
is_linear=0
shrinkage=1


Tree=1
num_leaves=128
num_cat=0
split_feature=9 9 9 9 9 5 9 9 9 9 9 9 9 9 7 9 7 9 9 9 9 9 9 9 9 9 9 9 9 2 9 9 9 9 9 9 9 7 7 9 2 2 9 9 9 9 9 9 9 9 2 0 9 9 9 9 6 9 2 6 9 6 9 2 9 5 2 2 9 2 1 2 9 9 9 9 9 2 9 9 2 9 0 1 2 2 9 4 9 9 0 6 4 9 4 2 0 0 1 9 2 2 2 0 7 9 5 2 9 9 6 9 0 2 9 9 4 0 5 9 7 2 9 9 7 9 1
split_gain=1515.53 433.547 593.477 455.706 264.955 239.262 192.322 99.5215 96.5849 93.0398 87.3514 135.558 83.1725 105.676 104.275 79.714 58.7623 55.509 54.262 46.188 43.4087 37.8682 34.6742 33.3514 58.4926 42.4772 50.7508 80.5328 31.6058 26.8765 26.0432 24.1401 20.5726 20.2682 18.2055 18.0331 17.7605 17.6945 21.9211 38.2644 17.1428 17.0405 16.3248 14.4568 12.1675 11.1336 11.0148 10.6951 10.1544 10.1177 9.85153 9.35946 9.28922 9.07441 7.5699 7.33916 7.2418 6.70404 6.34215 6.08428 9.58701 12.1252 8.22598 5.83563 5.21416 5.00323 4.84635 5.06278 3.82613 3.6085 3.4762 4.48799 3.36202 3.3184 3.06667 2.98422 2.97994 2.97152 3.32702 2.89326 3.29932 2.81802 2.61502 2.56718 2.4706 2.43897 2.39817 2.33671 2.30024 2.1713 2.15357 1.99258 1.94685 1.91254 1.73239 1.6551 1.64157 1.63544 1.61934 1.59994 1.46147 1.43812 1.33839 1.25695 1.2553 1.25355 1.23393 1.20558 1.1193 1.10727 1.10241 1.09763 1.07245 1.04439 1.02784 1.02652 1.0186 1.00394 0.963227 1.62641 0.947846 0.919824 0.882068 0.881827 0.827177 0.79703 2.02365
threshold=0.73065117001533519 -1.1392327547073362 0.16489368677139285 -0.10666989907622336 -0.75407394766807545 1.0197294950485232 0.21991638094186786 0.5500524938106538 -0.21316542476415631 1.1708326339721682 1.6269885301589968 1.5604287981987002 -0.35959677398204798 -0.42615647614002222 -1.4077746868133543 0.17864936590194705 -1.5581775307655332 1.2143183350563052 1.6003646254539492 0.44000713527202612 1.102054297924042 1.1845883131027224 1.0195202827453616 -1.7032153010368345 -1.6481926441192625 -1.6069256067275999 -1.5106359124183653 -1.4693688750267027 1.4539332389831545 0.41509725153446203 1.0195202827453616 -0.31966094672679896 -1.1117213964462278 0.027336971834301952 0.12362667545676233 -1.6344369649887083 -1.3318121433258054 -0.1209946498274803 -0.8562977910041808 -0.71280694007873524 0.024168025236576799 0.48025263845920568 1.5471168756484988 1.3740616440773012 -1.249278128147125 -1.5931699275970457 -1.4556132555007932 0.46751846373081213 -0.86411932110786427 -1.249278128147125 0.2847875058650971 0.21460897475481036 -0.69905126094818104 1.4406213760375979 -0.79534095525741566 0.75816252827644359 1.3439886569976809 -1.1667441129684446 0.7408721148967744 0.16246472299098971 0.27493907511234289 0.34902189671993261 0.24742772430181506 0.56712579727172863 -1.6894596219062803 0.55665695667266857 0.30650527775287634 -0.64909949898719776 0.3024504035711289 -1.1051840782165525 0.1524230241775513 1.0000000180025095e-35 -0.22647736221551892 -1.5381472110748289 1.0332759618759157 -0.040110195055603974 -0.74031826853752125 0.71915432810783397 -0.399532601237297 0.7031398117542268 0.58884355425834667 -0.093357957899570451 0.19295527786016467 0.1524230241775513 -1.5612686872482298 0.34994289278984075 1.6136765480041506 -0.70610728859901417 0.99200892448425304 1.6536123752593996 0.34453167021274572 -1.7030923366546629 -1.1438745856285093 -0.76782962679862965 -0.47033214569091791 -0.58394512534141529 0.36618536710739141 0.30122427642345434 1.2065384984016421 1.2941899895668032 0.21963211894035342 0.89290067553520214 0.69743552803993236 0.45280016958713537 -0.23797510564327237 -1.125477075576782 -0.64733111858367909 0.91461947560310375 0.041092643514275558 -1.4831245541572569 0.5977628529071809 1.3208138942718508 0.43114647269248968 0.93633723258972179 0.99200892448425304 1.0882986783981325 -0.33589969575405115 0.36618536710739141 -0.64733111858367909 -1.0154317021369932 0.51403927803039562 0.21963211894035342 0.23367205262184146 -0.11998183652758597 0.69786554574966442 -0.63027289509773243 1.0000000180025095e-35
decision_type=2 2 2 2 2 2 2 2 2 2 2 2 2 2 2 2 2 2 2 2 2 2 2 2 2 2 2 2 2 2 2 2 2 2 2 2 2 2 2 2 2 2 2 2 2 2 2 2 2 2 2 2 2 2 2 2 2 2 2 2 2 2 2 2 2 2 2 2 2 2 2 2 2 2 2 2 2 2 2 2 2 2 2 2 2 2 2 2 2 2 2 2 2 2 2 2 2 2 2 2 2 2 2 2 2 2 2 2 2 2 2 2 2 2 2 2 2 2 2 2 2 2 2 2 2 2 2
left_child=1 16 3 4 32 9 15 19 12 20 11 28 13 14 52 29 36 21 63 59 22 58 88 69 64 35 45 41 30 -4 55 -14 105 75 108 121 -1 38 39 51 84 -28 -30 56 46 -27 -29 -21 82 112 -44 76 100 70 -50 -7 65 87 -11 62 -61 68 122 -13 -25 96 67 -17 -62 -18 71 -32 102 116 -42 81 -16 78 -15 80 103 -5 118 125 -24 -23 -20 -46 -2 -12 -39 -37 -10 -56 -84 -66 -19 -41 -67 113 -6 -82 -33 124 -40 -3 -64 -100 -35 -43 -49 -101 -38 -58 -57 -76 -47 -45 -34 -120 -72 -26 -8 -94 -9 -54 -127
right_child=5 2 6 33 8 10 7 79 92 17 89 18 31 77 37 66 23 43 86 47 -22 85 40 24 25 26 27 44 42 -31 53 72 48 34 -36 91 49 90 104 97 74 109 50 117 57 73 -48 110 54 -51 -52 -53 83 -55 93 114 99 -59 -60 60 61 -63 106 -65 95 98 -68 -69 -70 -71 120 -73 -74 -75 115 -77 -78 -79 -80 -81 101 -83 94 -85 -86 -87 -88 -89 -90 -91 -92 -93 123 -95 -96 -97 -98 -99 107 111 -102 -103 -104 -105 -106 -107 -108 -109 -110 -111 -112 -113 -114 -115 -116 -117 -118 -119 119 -121 -122 -123 -124 -125 -126 126 -128
leaf_value=-0.035328874202526138 0.060001214435606291 -0.016870451680031314 -0.089271803877570388 0.027406214401125908 -0.020762515174491059 0.03296143582889012 -0.049323642041002008 0.0036508791039095208 0.021350409535691145 -0.0067284060455858694 0.067256943274427342 -0.014623618974981488 -0.069295662393172586 0.017831284797284751 -0.032875242786989972 -0.13841244067464556 -0.062685539041246685 -0.023320487334772391 0.023741189287654285 -0.080624854998155082 0.056879489421844488 -0.072483900189399722 0.0052584097297354183 -0.031112823994071399 -0.057002299211241975 -0.053295024715620899 -0.1181279549411699 -0.061186323634215771 0.073465277223857414 0.0085419850051403051 -0.019685372772316134 -0.042058737397193909 0.015962820308568004 0.051215798720236752 0.036452186924506379 -0.077396556593122945 -0.0055411757221790377 -0.007145648073405027 -0.077379406044180976 -0.019483010589715882 0.0048984296942273017 -0.057516465393396526 0.0024811209063045677 0.036256922956775219 -0.066243537192914023 -0.026385760772973301 -0.025607671593435299 -0.058015396667921798 0.037504278712993049 -0.05172745031969888 0.063435593495766315 -0.088319308559099835 -0.0037533132681504162 0.051170497516105917 0.023253887649304396 0.054154837222021315 -0.0040841308207466044 -0.036037221790424422 0.043602409002117141 -0.0077532472876975164 -0.058382556498050686 -0.011802014426300021 -0.014657223706358467 -0.042612750210413122 0.0042951383445012778 -0.01274414064983527 -0.14289185091068871 -0.089051758218556654 -0.040685641920814919 -0.098131453815628503 0.022067577976056123 0.018685286359063216 -0.019216545224534694 -0.029509885063660996 0.019285887249690645 0.031386497826487933 -0.061620735205136813 0.0058024754851228669 0.035898737876272915 0.0018707466760783326 -0.019050051568884334 0.046923752343998509 0.028712461726136614 0.0038878084407354303 -0.021875085815960586 -0.046479756601395146 0.046467063438009333 -0.050642002079375963 0.038392431470187935 0.084454510953181836 -0.029768300354480744 -0.11073137843931043 0.011516405503985519 0.0068110373993736833 0.017610275491394781 -0.010376180107021587 -0.0003716278976450364 -0.0033749338078240942 0.0028651481158035552 0.027342528767055937 -0.047076049021312169 -0.0077399592103791388 -0.030055818164890464 0.0084140991419553758 -0.047356250340288342 -0.0022068534324306151 -0.024642444885613627 0.015360055686059325 0.067654297387961179 -0.087488982578118657 -0.046064418198457413 0.011763371172405425 -0.017804845029327443 0.015746661854375687 0.038054502687670966 0.034270313382148747 -0.012265065105166287 0.022471484562029711 0.013756886346354372 -0.0047352502964820497 0.039855124801397329 -0.031607942418618633 -0.032909888500968619 0.0015883679900850569 -0.0082257324375036196 -0.014406424054746018 -0.0033046846030808895
leaf_weight=137 32 28 10.000000000000002 29 13.000000000000002 55 27 15.999999999999998 49 14.000000000000002 53 37 83 47 21 12.999999999999998 20 26 28 54 139 25 9.9999999999999982 26 21.000000000000004 28 50 27 193 19 11.000000000000002 149 280 30 82 20 134 24 70 44 25 25 15.000000000000002 33 66 14.999999999999998 116 93 138 12.999999999999998 10.999999999999998 29 126 28 57 427 12.000000000000002 55 9.9999999999999982 25 49 32 86 40 27 13.999999999999998 37 31 143 33 65 20 26 55 33 134 25 17 66 55 105 103 70 69 42 30 26 85 36 155 19 36 140 27 87 62 10.999999999999998 25 165 35 12.999999999999998 41 43 13.999999999999998 9.9999999999999982 30 56 21 164 10.999999999999998 66 20 20 12.999999999999998 21 24 99 36 41 15.999999999999998 9.9999999999999982 9.9999999999999982 29 27 126 85 80
leaf_count=137 32 28 10 29 13 55 27 16 49 14 53 37 83 47 21 13 20 26 28 54 139 25 10 26 21 28 50 27 193 19 11 149 280 30 82 20 134 24 70 44 25 25 15 33 66 15 116 93 138 13 11 29 126 28 57 427 12 55 10 25 49 32 86 40 27 14 37 31 143 33 65 20 26 55 33 134 25 17 66 55 105 103 70 69 42 30 26 85 36 155 19 36 140 27 87 62 11 25 165 35 13 41 43 14 10 30 56 21 164 11 66 20 20 13 21 24 99 36 41 16 10 10 29 27 126 85 80
internal_value=3.16159e-05 -0.0148536 -0.00648848 0.00658113 -0.00409291 0.0367241 -0.0368047 -0.0299481 -0.0178776 0.0156445 0.0509168 0.0446253 -0.0239582 -0.0153363 -0.0235309 -0.0993556 -0.0411154 0.00108242 -0.00272511 -0.041439 0.0354408 -0.0368344 0.0204808 -0.0476216 -0.045072 -0.0503634 -0.0457149 -0.055254 0.0518664 -0.0270383 0.0460757 -0.0462614 0.0190529 0.0473584 0.0569537 -0.0832287 -0.0220378 -0.0474937 -0.0531303 -0.0409618 0.00560779 -0.0985037 0.0684236 0.00891773 -0.0443455 -0.0244787 -0.0327036 -0.0606268 0.0213719 -0.010989 0.0296639 -0.0654602 -0.0068757 0.026185 0.0302804 0.0513121 0.00436158 -0.05223 0.015148 -0.032181 -0.0374756 -0.0407437 -0.0253676 -0.0295233 -0.0118404 -4.93235e-05 -0.124601 -0.106387 -0.0454811 -0.0861642 0.0191685 0.0048802 -0.0372151 -0.019419 0.0197571 0.0372263 -0.0494765 0.0256913 0.0286063 -0.00864808 -0.0105636 0.0428741 0.0173154 -0.00474004 -0.0166563 -0.0593831 0.0353292 -0.0578522 0.0492835 0.0804152 -0.0175911 -0.100393 0.0126074 0.018111 0.0227107 -0.00592706 -0.0166872 -0.0137783 0.00309639 0.0172682 -0.0351756 -0.0159482 -0.0395402 -0.00545472 -0.0742575 -0.00945179 -0.0187398 0.00435046 0.0653879 -0.0687918 -0.0533735 0.0219886 -0.00723845 0.00643691 0.0534866 0.0260772 -0.0143363 0.0294883 0.0147421 0.00857397 0.0249325 -0.0500543 -0.0415502 0.00993028 -0.00687135 -0.00679213 -0.0090761
internal_weight=6935 4934 3743 2616 2074 2001 1127 1017 1300 806 1195 987 1084 783 653 110 1191 465 131 660 341 79 202 887 834 719 632 435 856 29 637 301 774 542 276 87 304 267 224 144 134 86 219 386 349 197 143 213 716 167 26 75 386 134 222 503 317 206 24 447 249 224 198 77 115 237 81 44 192 53 106 31 218 169 82 266 46 130 113 357 302 132 494 360 52 55 54 151 68 208 43 56 216 84 157 89 37 69 200 80 26 146 192 156 80 58 142 186 194 36 159 55 154 25 448 57 114 69 337 57 75 31 56 167 142 291 165
internal_count=6935 4934 3743 2616 2074 2001 1127 1017 1300 806 1195 987 1084 783 653 110 1191 465 131 660 341 79 202 887 834 719 632 435 856 29 637 301 774 542 276 87 304 267 224 144 134 86 219 386 349 197 143 213 716 167 26 75 386 134 222 503 317 206 24 447 249 224 198 77 115 237 81 44 192 53 106 31 218 169 82 266 46 130 113 357 302 132 494 360 52 55 54 151 68 208 43 56 216 84 157 89 37 69 200 80 26 146 192 156 80 58 142 186 194 36 159 55 154 25 448 57 114 69 337 57 75 31 56 167 142 291 165
is_linear=0
shrinkage=0.05


Tree=2
num_leaves=128
num_cat=0
split_feature=9 9 9 9 9 5 9 9 9 9 9 9 9 9 9 7 9 7 9 9 0 9 9 9 9 9 9 9 2 9 1 9 9 9 9 9 7 7 9 9 2 9 0 9 9 9 3 2 9 1 9 9 9 2 6 9 6 6 9 9 9 9 2 9 2 2 5 2 9 9 9 9 9 9 9 9 2 3 5 9 9 9 9 0 1 9 2 2 2 9 2 3 9 9 3 7 0 2 3 0 0 2 0 6 0 2 6 2 9 2 9 3 9 5 9 0 2 5 2 0 3 9 9 1 9 1 3
split_gain=1395.93 397.687 578.243 431.753 239.509 221.07 175.5 98.1471 93.8604 86.819 84.8783 83.4538 129.486 72.1121 98.6559 96.5578 69.5767 55.0677 49.157 41.658 31.8276 34.2214 41.4327 37.0325 64.1901 26.4972 35.1455 26.0657 24.6091 20.7954 20.5785 20.1526 19.426 19.2175 17.7951 17.4541 17.2893 20.0896 30.7246 15.9821 15.1634 15.1195 13.1633 12.1721 12.1274 11.3272 11.1169 10.9462 10.9279 10.0682 9.70898 9.68913 9.49398 9.17372 8.1231 7.50652 6.82211 9.37313 10.4814 7.63534 6.669 6.46978 5.91179 5.59031 5.27183 4.68051 4.19765 4.19455 4.09701 3.82128 3.32046 3.31837 3.24 3.15586 3.13893 3.01212 2.98832 2.96281 2.87299 2.85429 2.85069 3.31767 2.53523 2.53406 2.27048 2.26535 2.0955 2.09024 2.08144 1.98552 2.23439 1.93244 1.90606 2.0171 1.89526 1.85563 1.78067 1.69794 1.67366 1.56878 1.47121 1.45724 1.41948 1.33499 1.32654 1.32141 1.30977 1.3095 1.26947 1.22508 1.21112 1.15923 1.15708 1.09592 1.46305 1.05552 1.04204 1.00109 0.975526 0.956055 0.92134 0.919673 0.914252 0.894661 0.882263 1.88964 0.797942
threshold=0.73065117001533519 -1.1392327547073362 0.16489368677139285 -0.10666989907622336 -0.75407394766807545 1.0506009459495547 0.21991638094186786 0.5500524938106538 1.1845883131027224 1.2143183350563052 -0.21316542476415631 1.6269885301589968 1.5604287981987002 -0.35959677398204798 -0.42615647614002222 -1.4077746868133543 0.17864936590194705 -1.5748887658119199 1.6003646254539492 0.44000713527202612 0.47445386648178106 -1.6481926441192625 -1.6069256067275999 -1.5106359124183653 -1.4693688750267027 1.102054297924042 1.0195202827453616 1.4539332389831545 0.43681606650352484 -0.31966094672679896 -0.63816359639167775 0.027336971834301952 -1.1117213964462278 -1.3318121433258054 0.12362667545676233 -1.6894596219062803 -0.070860028266906724 -0.8562977910041808 -0.71280694007873524 -1.6344369649887083 0.024168025236576799 1.3740616440773012 0.25791636854410177 1.5471168756484988 -1.249278128147125 -1.4556132555007932 1.0000000180025095e-35 0.45853486657142645 0.46751846373081213 -0.90169563889503468 1.1708326339721682 -1.5931699275970457 -0.74031826853752125 0.17619657516479495 1.3439886569976809 -0.69905126094818104 0.16246472299098971 0.34902189671993261 0.27493907511234289 0.24742772430181506 1.0195202827453616 -1.1667441129684446 0.56712579727172863 1.4406213760375979 0.7408721148967744 0.71915432810783397 0.55665695667266857 0.76258990168571483 0.3024504035711289 -0.45278035104274744 -0.399532601237297 -0.22647736221551892 0.99200892448425304 1.6802362799644472 0.7031398117542268 -1.5381472110748289 0.58884355425834667 1.0766730904579165 -0.73994550108909596 1.0332759618759157 -0.86411932110786427 -0.78158527612686146 -0.040110195055603974 0.21460897475481036 0.1524230241775513 -0.093357957899570451 0.37166170775890356 -1.4743955731391905 -1.5612686872482298 -1.2630338072776792 -0.084422904998064027 -0.18854984268546102 -1.0291873812675474 -0.98792037367820729 -0.18854984268546102 0.88169082999229442 0.34453167021274572 0.52368924021720897 1.4984139800071719 0.19295527786016467 0.17130158096551898 -0.97487434744834889 0.36618536710739141 -1.1434266567230222 0.47445386648178106 0.93633723258972179 -0.08627621084451674 0.32822409272193914 -1.125477075576782 0.21963211894035342 0.05484831519424916 0.23319111764431003 0.68938416242599498 0.58752840757370006 1.2941899895668032 0.43114647269248968 -1.3875223994255064 -0.64733111858367909 0.69743552803993236 0.21460897475481036 -0.46971046924591059 -0.90538632869720448 1.0882986783981325 -1.1652276515960691 -0.63027289509773243 1.0000000180025095e-35 -1.3131957650184629
decision_type=2 2 2 2 2 2 2 2 2 2 2 2 2 2 2 2 2 2 2 2 2 2 2 2 2 2 2 2 2 2 2 2 2 2 2 2 2 2 2 2 2 2 2 2 2 2 2 2 2 2 2 2 2 2 2 2 2 2 2 2 2 2 2 2 2 2 2 2 2 2 2 2 2 2 2 2 2 2 2 2 2 2 2 2 2 2 2 2 2 2 2 2 2 2 2 2 2 2 2 2 2 2 2 2 2 2 2 2 2 2 2 2 2 2 2 2 2 2 2 2 2 2 2 2 2 2 2
left_child=1 17 3 4 32 8 16 19 25 86 13 12 27 14 15 55 28 33 62 56 21 35 39 51 47 26 72 30 -4 -15 60 82 108 119 110 46 37 38 52 -23 88 54 -18 -29 45 -26 -19 -25 -21 78 -27 -24 99 -45 66 109 59 58 -58 -8 -7 103 116 77 -52 70 102 -67 -60 -39 -16 118 -2 -13 76 126 104 97 100 -42 -51 -82 85 -54 124 -5 -10 -22 -28 115 -91 -41 123 120 -40 -20 -38 -32 -68 -17 -34 -37 -11 -46 -9 -43 111 -70 -3 -6 -33 -12 -78 -56 -115 -35 -14 -61 -31 -1 -94 -102 -81 -80 -57 -126 -53
right_child=5 2 6 31 10 11 7 74 9 41 106 73 18 29 65 36 42 20 95 48 87 22 23 24 44 50 40 43 -30 71 63 34 49 89 -36 101 96 69 94 91 79 105 -44 53 61 -47 -48 -49 -50 80 64 75 83 -55 113 84 57 -59 68 117 -62 -63 -64 -65 -66 67 98 -69 107 -71 -72 -73 -74 -75 -76 -77 112 -79 92 122 81 -83 -84 -85 -86 -87 -88 -89 -90 90 -92 -93 93 -95 -96 -97 -98 -99 -100 -101 121 -103 -104 -105 -106 -107 -108 -109 -110 -111 -112 -113 -114 114 -116 -117 -118 -119 -120 -121 -122 -123 -124 -125 125 -127 -128
leaf_value=-0.040817229294528565 0.056778802673021961 -0.016617046044238151 -0.08521399552171878 0.025963731509234225 -0.02038949812451998 0.050600901201013362 -0.039850649812765288 -0.00655875774037918 -0.068207008285181864 -0.021585098175065862 0.017245103385565536 0.068321113820586893 -0.026211701604453005 -0.065736833893800084 0.016486504930546698 -0.020152098924985949 -0.14307886926751387 -0.089352683587507767 0.024793899389249939 -0.077413682008193707 -0.053890103101730348 -0.047410783377187009 -0.05053663454179106 -0.11486610850772344 -0.05857398490751943 0.054243999102285938 0.0037937590076277655 0.069940449289373458 0.0092668773949538402 -0.039877879854342713 0.032632342345184751 0.05333795001951315 0.016545024920706426 -0.0047121059283333619 0.034665003667275117 0.0058230319409631193 -0.0069373030888123651 -0.073516956650758095 -0.0069556189094518509 -0.069111272493998219 0.0044368476553175318 0.023466185828049976 -0.09566130307705506 -0.0031213746406137935 -0.062167288801249332 -0.024371043395680879 -0.02749189281905139 -0.069677568577668256 -0.050887482707015055 0.018659628309775144 -0.0030513685994914591 -0.010026902899793957 -0.057512514114379888 0.055208892506711627 0.0032487314481001632 -0.0035246945354361634 -0.0072170051017209236 -0.010721119149820879 -0.056125896437126288 -0.014218499630012297 0.016456688907654848 -0.03449115407963594 -0.040873003491135533 0.04841239612836104 0.04268908710218966 -0.020809261022474271 0.0033043817159982567 0.021150191758687681 -0.033039856344461445 -0.037736216416725747 0.034088838079737296 -0.017837371371985815 0.036001904666423799 0.083872124993282823 0.0023813595726215817 -0.027910927114850381 -0.013138086140617476 0.001253006560727954 0.0083254243182535794 0.018656831167829343 0.035368492569721924 0.0072877409079900165 0.030138886294983055 -0.088458043336868297 0.0037429806787986314 0.044041615268131634 -0.044326115039087115 -0.088107788695229436 -0.0204573604115285 -0.0069705808678498619 -0.03889609538018704 -0.10502089083194732 0.0066990628547500819 0.017162488769231873 -0.024189165476019736 0.045675009063311983 -0.027776740077469088 0.01854152951472551 -0.015926660465387009 -0.046355566009879112 0.027099354794959903 -0.0091235728604862325 -0.00035459512534240884 -0.049472007630987372 0.011511123654517261 0.0393912612375888 0.0063793710895697596 -0.044160724692046648 -0.0018550630574564225 -0.045146593575676283 0.066156241913636532 0.0066908413605568443 -0.025462398797273633 0.0086704855630396985 0.024751456720488414 -0.016707466068592938 -0.0074760073895699213 -0.023395883485122962 -0.029213016344742344 -0.030278412244821851 -0.0047917594691610031 0.017727433268051103 0.032087392166808802 0.019599684073300278 -0.014066183047411454 -0.0034273225598309824 -0.019612727120208243
leaf_weight=47 44 30 10.000000000000002 27 14.000000000000002 462 56 148 27 27 104 111 9.9999999999999982 78 48 13.000000000000002 37 9.9999999999999982 34 58 11.999999999999998 28 28 36 30 139 10.999999999999998 184 18 145 44 58 196 121 83 21 26 78 42 13.999999999999998 25 59 45 11.000000000000002 67 129 26 33 166 49 13.000000000000002 68 24 15.999999999999998 11.999999999999998 135 22 31 56 87 15.999999999999998 59 42 25 10.999999999999998 10.000000000000002 201 11.999999999999998 74 11.999999999999998 71 27 49 114 60 58 116 14.999999999999998 26 38 141 11.999999999999998 134 23 64 110 30 44 39 12.000000000000002 9.9999999999999982 39 43 32 26 20 17 53 10.999999999999998 14.999999999999998 83 64 10.999999999999998 93 9.9999999999999982 21 79 79 28 10.999999999999998 149 37 24 22 48 21 27 53 43 94 28 52 26 73 87 81 35
leaf_count=47 44 30 10 27 14 462 56 148 27 27 104 111 10 78 48 13 37 10 34 58 12 28 28 36 30 139 11 184 18 145 44 58 196 121 83 21 26 78 42 14 25 59 45 11 67 129 26 33 166 49 13 68 24 16 12 135 22 31 56 87 16 59 42 25 11 10 201 12 74 12 71 27 49 114 60 58 116 15 26 38 141 12 134 23 64 110 30 44 39 12 10 39 43 32 26 20 17 53 11 15 83 64 11 93 10 21 79 79 28 11 149 37 24 22 48 21 27 53 43 94 28 52 26 73 87 81 35
internal_value=0.000274084 -0.0139067 -0.0060282 0.00671598 -0.00363323 0.035058 -0.0356634 -0.0292506 0.0158015 0.000665695 -0.0166603 0.0490849 0.0425711 -0.0223182 -0.0145886 -0.0226085 -0.0954838 -0.0390209 -0.00319578 -0.0403672 -0.0452832 -0.042745 -0.0468983 -0.0424812 -0.0503355 0.0337258 0.0227112 0.0499353 -0.0262511 -0.0435381 0.0445722 0.0456701 0.0180777 -0.0205771 0.0549218 -0.0179515 -0.0452077 -0.0505779 -0.0384502 -0.0806392 0.00668975 0.00870892 -0.118523 0.0652834 -0.0420349 -0.0311502 -0.046626 -0.0945583 -0.0580694 0.0202753 0.049169 -0.023738 -0.060324 0.032182 0.00397058 -0.00662222 -0.0316017 -0.0369547 -0.0404139 -0.0242949 0.0494947 -0.0497601 -0.02819 0.0271628 0.018782 0.0232978 -0.000526983 0.0020022 -0.0438573 -0.0692133 0.0271853 -0.0352175 0.0463313 0.0765365 -0.00801974 -0.0187942 -0.0101149 0.0220332 0.0166153 0.0189926 0.0298032 0.0332277 0.0356042 -0.0741835 -0.00476883 0.0406928 -0.0566191 -0.0818495 -0.0151523 -0.00885404 -0.0225424 -0.0969908 0.0118095 0.00694384 -0.0138 0.0332175 -0.0156202 0.025201 0.00223646 -0.0353041 0.0195038 -0.00540611 -0.0156061 -0.0551413 -0.00534989 0.0280812 0.0116531 -0.0390315 -0.0096428 -0.0326001 0.0628383 0.0145422 -0.0154164 0.0175238 0.0198907 -0.0065905 -0.0130962 -0.0178341 -0.037606 -0.0340541 0.00216386 0.0236463 0.0245227 0.0167516 -0.0065731 -0.00898736 -0.0134415
internal_weight=7073 5025 3826 2676 2115 2048 1150 1040 864 469 1322 1184 959 1102 809 668 110 1199 133 682 894 838 717 636 447 395 232 826 28 293 615 561 793 305 290 121 276 233 143 81 139 412 82 211 378 159 36 69 224 735 163 189 75 27 332 392 458 262 231 196 478 219 79 137 24 141 250 22 209 90 119 215 93 225 358 161 298 112 533 89 202 153 271 47 367 137 57 56 50 164 22 53 202 103 68 54 43 97 212 28 331 85 38 160 158 80 220 153 58 25 207 141 140 82 70 142 37 140 188 141 71 135 64 99 303 168 103
internal_count=7073 5025 3826 2676 2115 2048 1150 1040 864 469 1322 1184 959 1102 809 668 110 1199 133 682 894 838 717 636 447 395 232 826 28 293 615 561 793 305 290 121 276 233 143 81 139 412 82 211 378 159 36 69 224 735 163 189 75 27 332 392 458 262 231 196 478 219 79 137 24 141 250 22 209 90 119 215 93 225 358 161 298 112 533 89 202 153 271 47 367 137 57 56 50 164 22 53 202 103 68 54 43 97 212 28 331 85 38 160 158 80 220 153 58 25 207 141 140 82 70 142 37 140 188 141 71 135 64 99 303 168 103
is_linear=0
shrinkage=0.05


Tree=3
num_leaves=128
num_cat=0
split_feature=9 9 9 9 9 5 9 9 9 9 9 9 9 9 7 9 9 7 9 9 9 9 9 9 9 9 9 9 9 9 9 9 5 4 9 9 2 7 7 9 9 2 9 9 9 2 9 9 9 9 9 9 9 1 9 5 2 3 2 2 9 9 2 1 9 9 9 5 2 2 9 9 0 9 9 9 9 9 2 4 3 9 0 2 2 9 9 9 3 4 9 9 2 0 5 2 9 1 4 0 0 4 9 0 2 2 9 3 2 2 0 2 9 1 2 0 2 2 8 9 2 9 2 9 9 2 2
split_gain=1259.14 357.684 532.784 372.756 215.819 191.291 181.97 86.8365 79.3677 72.2314 70.8766 109.416 69.3214 90.4916 86.3192 68.695 53.0393 49.8492 44.7707 37.2397 32.1121 24.8908 28.3133 24.7272 22.0095 20.0175 34.7708 38.8494 64.0388 20.2681 19.2301 17.138 16.0519 16.0063 15.8422 15.7371 13.636 13.2531 16.5125 30.3661 13.0839 13.0024 11.6611 11.517 11.257 10.3983 9.39207 9.17936 8.96602 7.74962 6.94046 6.53511 6.04688 6.01456 5.88079 5.42183 5.33615 10.2946 5.15256 5.00829 4.91781 3.95554 3.56425 4.72036 3.36161 10.3285 7.27788 5.27029 3.29172 3.19612 3.08107 3.02434 2.98988 2.84198 2.47527 2.40043 2.37674 2.33122 2.32561 2.3255 2.29526 2.24716 2.23858 2.23705 2.1215 2.0554 2.01553 1.99898 1.86717 1.86688 1.83358 1.80022 1.77879 1.7717 1.7508 1.7167 1.67987 1.65045 1.62538 1.61534 1.51748 1.51465 1.45807 1.26969 1.12032 1.11049 1.09604 1.08367 1.04816 1.03701 1.03614 1.00528 1.00187 0.991403 0.969948 0.967527 0.944785 0.936131 0.899104 0.887923 0.877278 1.7152 0.86505 0.830351 0.801223 0.790224 0.757509
threshold=0.73065117001533519 -1.1392327547073362 0.16489368677139285 -0.10666989907622336 -0.75407394766807545 1.0197294950485232 0.21991638094186786 0.5500524938106538 -0.21316542476415631 1.1845883131027224 1.6269885301589968 1.5604287981987002 -0.35959677398204798 -0.42615647614002222 -1.4077746868133543 1.2143183350563052 0.17864936590194705 -1.5916000008583067 1.6003646254539492 0.44000713527202612 -1.7169709801673887 1.102054297924042 1.0195202827453616 1.4539332389831545 1.0057646036148074 -1.6481926441192625 -1.6069256067275999 -1.5106359124183653 -1.4693688750267027 -1.7032153010368345 -0.31966094672679896 0.027336971834301952 -0.67820259928703297 0.37142364680767065 0.12362667545676233 -1.3318121433258054 0.024168025236576799 -0.070860028266906724 -0.8562977910041808 -0.71280694007873524 -1.6344369649887083 0.50197042524814617 -1.249278128147125 1.5471168756484988 1.3740616440773012 0.21963211894035342 1.1708326339721682 -1.4556132555007932 0.46751846373081213 -1.5931699275970457 -0.69905126094818104 0.75816252827644359 1.4406213760375979 -0.90169563889503468 -1.1667441129684446 0.55665695667266857 0.30650527775287634 0.3737714439630509 0.56712579727172863 0.7408721148967744 -1.1117213964462278 -1.6894596219062803 0.024168025236576799 1.2065384984016421 0.3162060827016831 0.27493907511234289 0.24742772430181506 -0.24600152671337125 0.93633723258972179 0.71915432810783397 -0.22647736221551892 -0.399532601237297 0.45280016958713537 -0.78158527612686146 -0.86411932110786427 -0.040110195055603974 0.7031398117542268 0.99200892448425304 0.58884355425834667 -0.67232638597488392 0.3737714439630509 1.0332759618759157 0.30122427642345434 0.045885797590017326 -1.5612686872482298 1.6802362799644472 -0.093357957899570451 -1.5381472110748289 -0.18854984268546102 -0.60545364022254933 1.6136765480041506 -0.72656258940696705 0.34994289278984075 0.17130158096551898 -0.52384456992149342 -0.12786052748560903 -0.63027289509773243 1.4700673818588259 -1.1438745856285093 0.34453167021274572 0.21460897475481036 1.0442760586738589 -1.0291873812675474 0.30122427642345434 0.95805501937866222 -0.67081829905509938 0.041092643514275558 0.93609276413917553 0.93633723258972179 -0.64909949898719776 0.34453167021274572 0.13275895640254023 -1.125477075576782 1.4700673818588259 0.80602750182151806 0.45280016958713537 -0.56222632527351368 0.69743552803993236 0.098220024257898345 1.3341258168220522 1.0000000180025095e-35 0.53629684448242199 0.21963211894035342 -0.11998183652758597 1.0882986783981325 0.56712579727172863 -0.69253605604171742
decision_type=2 2 2 2 2 2 2 2 2 2 2 2 2 2 2 2 2 2 2 2 2 2 2 2 2 2 2 2 2 2 2 2 2 2 2 2 2 2 2 2 2 2 2 2 2 2 2 2 2 2 2 2 2 2 2 2 2 2 2 2 2 2 2 2 2 2 2 2 2 2 2 2 2 2 2 2 2 2 2 2 2 2 2 2 2 2 2 2 2 2 2 2 2 2 2 2 2 2 2 2 2 2 2 2 2 2 2 2 2 2 2 2 2 2 2 2 2 2 2 2 2 2 2 2 2 2 2
left_child=1 17 3 4 32 9 16 19 12 21 11 23 13 14 50 92 33 35 58 64 -19 22 77 24 51 29 40 49 41 -22 -14 75 53 -4 106 103 84 38 39 45 -27 -29 47 -25 55 -16 -23 -30 -21 -28 122 -7 62 93 79 118 57 -18 113 -48 112 -31 63 -26 65 66 -8 111 83 71 117 -15 100 74 -55 86 78 -2 115 -44 -40 -38 -67 97 -24 -12 -5 -51 -42 -52 -20 -47 -11 -3 -37 -41 -91 -57 -10 -39 -69 119 -62 -1 -80 -95 -33 -99 -46 -68 -92 -66 -34 -13 -102 126 -63 -32 -17 -85 121 -50 -6 -100 -83 -72 -9
right_child=5 2 6 31 8 10 7 76 98 15 85 18 30 69 37 44 56 20 90 48 25 46 36 43 52 26 27 28 42 61 70 34 60 -35 -36 94 81 99 80 95 88 -43 54 -45 108 91 59 -49 120 87 89 -53 -54 73 -56 68 -58 -59 -60 -61 102 116 -64 -65 67 82 109 72 -70 -71 125 -73 -74 -75 -76 -77 -78 -79 104 -81 -82 124 -84 101 -86 -87 -88 -89 -90 96 110 -93 -94 105 -96 -97 -98 107 123 -101 114 -103 -104 -105 -106 -107 -108 -109 -110 -111 -112 -113 -114 -115 -116 -117 -118 -119 -120 -121 -122 -123 -124 -125 -126 -127 -128
leaf_value=-0.036695921123027803 0.054973686678068984 0.014898157635342486 -0.070685018328103144 0.024827063988362041 -0.019620036333799357 0.029169320610334289 -0.037724437198855661 -0.011521871427562563 0.019399836589582265 -0.065380111725434009 0.065201064974069606 -0.02017227780251276 -0.062607393315039492 0.015503373734342555 -0.07961514796529498 -0.0033319715848740411 -0.13856651324492236 -0.093117974884808066 0.021568072148199596 -0.073592980883338238 -0.060340482818669286 0.05186162937519162 0.0051841953345997775 0.066511076121874485 -0.019101195266613594 -0.045769377027092308 -0.046714171380908408 -0.10578422307968141 -0.056120320823457505 -0.02824758435289065 -0.038249472750199812 0.045130076452537825 -0.015203081324164355 0.010575613126690898 0.033267792766348697 -0.026542049708465739 0.0042029597948345801 -0.0064634888574642974 -0.070584524611928573 -0.0041425311985221923 -0.067575560675726995 -0.060747024416923527 -0.059697942184163383 0.027999622985720635 0.022096457785251097 -0.029436561852693562 -0.0044198316388896521 -0.023578814514773661 -0.058900240952508488 -0.013484275368231852 -0.0012287875803244812 0.048926953713794769 0.046653752716688007 0.018862551937557079 -0.032550644874572758 0.0020925601702677372 -0.13007361569055698 -0.078448778551978043 -0.038980427086353304 0.04111947346140038 0.014494746821847829 0.0028927782631944865 0.024182070554384302 0.02148056793957949 -0.023589485862425399 -0.060182997211813929 0.0017506941299264629 -0.016955168661661447 0.017638387056914243 0.0036423032544553278 -0.0068543572587749114 0.032312986254692082 -0.0060536694557716455 0.0068790404708124701 0.033450568119322302 0.028411470768707137 0.0017384450694184778 0.034271267644668882 -0.015540328865750231 -0.045435309248126075 -0.043394123017787938 0.017445529715434924 -0.04049478721405779 0.0055739373609583866 -0.020117243704153229 0.079403460248608462 0.042022146943670055 -0.025529450247133219 -0.1002380982041359 -0.0039796716778311043 0.024384252930229354 -0.052918194532394415 -0.041847989112138752 0.015427120428701695 -0.0065047700315530241 -0.019984499605343445 -0.014004155437151592 0.010307528322626805 0.010620624780772137 -0.026767057219618248 -0.036915906714433337 -0.0072558530110917582 0.0035970358401391424 -0.02478330971635118 -0.0010820370560395531 0.024898551955362256 0.061550423183611459 0.026716487689150706 0.037888117724408706 -0.015155299142637153 0.049075732889928315 -0.012494092830456794 -0.0016361594166872757 -0.0039117203584234962 -0.017792708494446495 0.0067962073565771179 -0.0098534148545903078 -0.027603337168693544 -0.018758775010704998 -0.0065940143023100169 -0.044664233458151514 -0.030789316919716921 -0.041587412128081695 0.00087145221919787154 0.030458645105361937 -0.024398316793582023 -0.0038068652760315062
leaf_weight=74 34 262 10 27 12.000000000000002 52 54 50 51 22 99 20 82 47 34 15.999999999999998 11.999999999999998 31 27 54 28 128 9.9999999999999982 183 12 28 26 49 26 29 147 26 27 13 88 10.999999999999998 22 22 66 31 17 32 76 24 50 24 13.000000000000002 133 56 112 196 456 25 43 58 32 40 36 39 9.9999999999999982 65 19 92 15 34 31 10.999999999999998 14.999999999999998 54 19 12.000000000000002 73 10.999999999999998 14.999999999999998 136 139 52 37 138 91 15.999999999999998 36 55 92 39 106 103 53 35 97 10.000000000000002 19 29 54 141 39 74 28 142 18 117 44 59 48 14.999999999999998 105 167 17 17 46 18 63 27 18 9.9999999999999982 13.999999999999998 56 40 24 17 108 9.9999999999999982 11.999999999999998 26 24 15.999999999999998 89
leaf_count=74 34 262 10 27 12 52 54 50 51 22 99 20 82 47 34 16 12 31 27 54 28 128 10 183 12 28 26 49 26 29 147 26 27 13 88 11 22 22 66 31 17 32 76 24 50 24 13 133 56 112 196 456 25 43 58 32 40 36 39 10 65 19 92 15 34 31 11 15 54 19 12 73 11 15 136 139 52 37 138 91 16 36 55 92 39 106 103 53 35 97 10 19 29 54 141 39 74 28 142 18 117 44 59 48 15 105 167 17 17 46 18 63 27 18 10 14 56 40 24 17 108 10 12 26 24 16 89
internal_value=-0.000137278 -0.0135853 -0.00613432 0.00614664 -0.00342294 0.0334557 -0.0346487 -0.0280525 -0.0158424 0.0144211 0.0460857 0.0404721 -0.0213306 -0.0136335 -0.0213539 0.000939643 -0.0952363 -0.0377099 -0.00189914 -0.0385987 -0.043403 0.0312512 0.0196175 0.0469778 0.0420565 -0.0415223 -0.0447514 -0.0408364 -0.0486394 -0.0233165 -0.0419227 0.0427639 0.0171658 -0.0262282 0.0514887 -0.0189409 0.00572693 -0.0430994 -0.0477374 -0.0372483 -0.0759536 -0.0889495 -0.0399275 0.0622021 0.00810062 -0.0587283 0.0465828 -0.0292176 -0.0550743 -0.0216854 -0.00632165 0.0469658 0.0245331 0.0209881 -0.0473331 0.00420473 -0.112775 -0.0959994 -0.0263738 0.0162682 0.00391607 -0.0128687 0.0195359 0.0034062 -0.0300908 -0.03515 -0.0246976 -0.02598 0.00663913 0.0229155 -0.0337803 0.0259118 -0.0317904 0.0283218 0.0300704 0.0334928 -0.0081158 0.0448109 -0.00979058 -0.0522428 -0.0658658 0.0181159 -0.0482019 0.00399152 -0.0149533 0.0728945 0.0386676 -0.0174838 -0.0910364 -0.00457171 0.0322245 -0.040779 -0.0530612 0.0175497 -0.00811884 -0.0131259 -0.00837395 0.0108829 0.0115958 -0.0160301 -0.0337278 0.000475133 0.0093798 -0.0322486 -0.0141391 0.0217984 0.0595824 0.0169525 0.0266016 -0.0119188 0.0414023 -0.0165842 -0.0085727 -0.0127677 -0.0355609 -0.00537851 -0.0066288 -0.0361312 -0.0128198 0.00363349 -0.0489394 -0.0551641 -0.0318279 0.00912591 0.0230648 -0.0173751 -0.00664452
internal_weight=6966 4975 3802 2658 2108 1991 1144 1033 1315 795 1196 991 1096 799 660 442 111 1173 132 675 899 353 202 859 652 868 736 656 465 132 297 550 793 23 281 274 131 269 229 147 80 81 384 207 391 77 151 159 228 191 391 508 144 615 225 324 88 48 77 23 178 104 119 27 447 197 111 250 284 139 215 120 153 194 179 269 358 71 306 167 82 82 86 230 49 205 130 165 52 367 55 43 51 421 152 70 171 77 219 40 142 153 124 122 153 159 193 45 67 57 28 97 54 38 127 153 75 187 40 109 174 66 24 168 60 28 139
internal_count=6966 4975 3802 2658 2108 1991 1144 1033 1315 795 1196 991 1096 799 660 442 111 1173 132 675 899 353 202 859 652 868 736 656 465 132 297 550 793 23 281 274 131 269 229 147 80 81 384 207 391 77 151 159 228 191 391 508 144 615 225 324 88 48 77 23 178 104 119 27 447 197 111 250 284 139 215 120 153 194 179 269 358 71 306 167 82 82 86 230 49 205 130 165 52 367 55 43 51 421 152 70 171 77 219 40 142 153 124 122 153 159 193 45 67 57 28 97 54 38 127 153 75 187 40 109 174 66 24 168 60 28 139
is_linear=0
shrinkage=0.05


end of trees

feature_importances:
Column_9=289
Column_2=84
Column_0=33
Column_3=19
Column_5=18
Column_7=16
Column_1=15
Column_4=15
Column_6=15
Column_8=4

parameters:
[boosting: gbdt]
[objective: regression]
[metric: l2]
[tree_learner: serial]
[device_type: cpu]
[data_sample_strategy: bagging]
[data: ]
[valid: ]
[num_iterations: 600]
[learning_rate: 0.05]
[num_leaves: 128]
[num_threads: 16]
[seed: 2023]
[deterministic: 0]
[force_col_wise: 0]
[force_row_wise: 0]
[histogram_pool_size: -1]
[max_depth: 20]
[min_data_in_leaf: 10]
[min_sum_hessian_in_leaf: 0.001]
[bagging_fraction: 0.9]
[pos_bagging_fraction: 1]
[neg_bagging_fraction: 1]
[bagging_freq: 1]
[bagging_seed: 26561]
[bagging_by_query: 0]
[feature_fraction: 0.85]
[feature_fraction_bynode: 1]
[feature_fraction_seed: 22040]
[extra_trees: 0]
[extra_seed: 25715]
[early_stopping_round: 0]
[early_stopping_min_delta: 0]
[first_metric_only: 0]
[max_delta_step: 0]
[lambda_l1: 0]
[lambda_l2: 1]
[linear_lambda: 0]
[min_gain_to_split: 0]
[drop_rate: 0.1]
[max_drop: 50]
[skip_drop: 0.5]
[xgboost_dart_mode: 0]
[uniform_drop: 0]
[drop_seed: 17353]
[top_rate: 0.2]
[other_rate: 0.1]
[min_data_per_group: 100]
[max_cat_threshold: 32]
[cat_l2: 10]
[cat_smooth: 10]
[max_cat_to_onehot: 4]
[top_k: 20]
[monotone_constraints: ]
[monotone_constraints_method: basic]
[monotone_penalty: 0]
[feature_contri: ]
[forcedsplits_filename: ]
[refit_decay_rate: 0.9]
[cegb_tradeoff: 1]
[cegb_penalty_split: 0]
[cegb_penalty_feature_lazy: ]
[cegb_penalty_feature_coupled: ]
[path_smooth: 0]
[interaction_constraints: ]
[verbosity: 1]
[saved_feature_importance_type: 0]
[use_quantized_grad: 0]
[num_grad_quant_bins: 4]
[quant_train_renew_leaf: 0]
[stochastic_rounding: 1]
[linear_tree: 0]
[max_bin: 255]
[max_bin_by_feature: ]
[min_data_in_bin: 3]
[bin_construct_sample_cnt: 200000]
[data_random_seed: 6644]
[is_enable_sparse: 1]
[enable_bundle: 1]
[use_missing: 1]
[zero_as_missing: 0]
[feature_pre_filter: 1]
[pre_partition: 0]
[two_round: 0]
[header: 0]
[label_column: ]
[weight_column: ]
[group_column: ]
[ignore_column: ]
[categorical_feature: ]
[forcedbins_filename: ]
[precise_float_parser: 0]
[parser_config_file: ]
[objective_seed: 2023]
[num_class: 1]
[is_unbalance: 0]
[scale_pos_weight: 1]
[sigmoid: 1]
[boost_from_average: 1]
[reg_sqrt: 0]
[alpha: 0.9]
[fair_c: 1]
[poisson_max_delta_step: 0.7]
[tweedie_variance_power: 1.5]
[lambdarank_truncation_level: 30]
[lambdarank_norm: 1]
[label_gain: ]
[lambdarank_position_bias_regularization: 0]
[eval_at: ]
[multi_error_top_k: 1]
[auc_mu_weights: ]
[num_machines: 1]
[local_listen_port: 12400]
[time_out: 120]
[machine_list_filename: ]
[machines: ]
[gpu_platform_id: -1]
[gpu_device_id: -1]
[gpu_use_dp: 0]
[num_gpu: 1]

end of parameters

pandas_categorical:null
